15076101	0
15076102	1
15076105	2
15076108	3
15076109	4
15077001	5
15077002	6
15077003	7
15077004	8
15077006	9
15077007	10
15077008	11
15077009	12
15077010	13
15077011	14
15077012	15
15077014	16
15077015	17
15077017	18
15077018	19
15077019	20
15077020	21
15077033	22
15077035	23
15077036	24
15077039	25
15077042	26
15077043	27
15077044	28
15077045	29
15077046	30
15077047	31
15077048	32
15077049	33
15077050	34
15077051	35
15077055	36
15077056	37
15077057	38
15077059	39
15077060	40
15077061	41
15077062	42
15077063	43
15077066	44
15077067	45
15077069	46
15077070	47
15077079	48
15077080	49
15078001	50
15078002	51
15078003	52
15078004	53
15078005	54
15078006	55
15078007	56
15078008	57
15078009	58
15078011	59
15078012	60
15078013	61
15078016	62
15078017	63
15078018	64
15078019	65
15078020	66
15078021	67
15078069	68
15078071	69
15078073	70
15078074	71
15078075	72
15078103	73
15078104	74
15078107	75
15078108	76
15078109	77
15078110	78
15078111	79
15078112	80
15078113	81
15079001	82
15079002	83
15079003	84
15079007	85
15079008	86
15079009	87
15079010	88
15079013	89
15079014	90
15079016	91
15079017	92
15079018	93
15079019	94
15079020	95
15079021	96
15079022	97
15079023	98
15079024	99
15079025	100
15079026	101
15079027	102
15079041	103
15079042	104
15079046	105
15079047	106
15079048	107
15079050	108
15079051	109
15079052	110
15079056	111
15079057	112
15079058	113
15079059	114
15079060	115
15079061	116
15079062	117
15079063	118
15080002	119
15080003	120
15080004	121
15080005	122
15080006	123
15080007	124
15080008	125
15080009	126
15080010	127
15080011	128
15080012	129
15080013	130
15080014	131
15080015	132
15080016	133
15080024	134
15080029	135
15080032	136
15080035	137
15080036	138
15080037	139
15080038	140
15080039	141
15080041	142
15080042	143
15080043	144
15080044	145
15080045	146
15080052	147
15080053	148
15080054	149
15080055	150
15080056	151
15080057	152
15080058	153
15080059	154
15080060	155
15080061	156
15080062	157
15080063	158
15080064	159
15081001	160
15081002	161
15081003	162
15081004	163
15081005	164
15081006	165
15081007	166
15081008	167
15081009	168
15081010	169
15081011	170
15081012	171
15081013	172
15081014	173
15081015	174
15081016	175
15081017	176
15081022	177
15081023	178
15081024	179
15081025	180
15081026	181
15081027	182
15081028	183
15081029	184
15081034	185
15081036	186
15081037	187
15081038	188
15081041	189
15081042	190
15081043	191
15081044	192
15082004	193
15082005	194
15082006	195
15082007	196
15082008	197
15082009	198
15082010	199
15082013	200
15082014	201
15082016	202
15082017	203
15082018	204
15082021	205
15082022	206
15082023	207
15082024	208
15082025	209
15082028	210
15082030	211
15082031	212
15082050	213
15082052	214
15082053	215
15082055	216
15082056	217
15082057	218
15082058	219
15082059	220
15082060	221
15082064	222
15082065	223
15082066	224
15082067	225
15082069	226
15082071	227
15082073	228
15082074	229
15082075	230
15083002	231
15083003	232
15083004	233
15083005	234
15083007	235
15083008	236
15083009	237
15083010	238
15083014	239
15083015	240
15083017	241
15083019	242
15083021	243
15083023	244
15083024	245
15083025	246
15083026	247
15083027	248
15083028	249
15083029	250
15083030	251
15083031	252
15084002	253
15084003	254
15084004	255
15084005	256
15084006	257
15084007	258
15084008	259
15084009	260
15084010	261
15084011	262
15084022	263
15084024	264
15084025	265
15084027	266
15084028	267
15084029	268
15084030	269
15084031	270
15084032	271
15084033	272
15084034	273
15084036	274
15084037	275
15084038	276
15084039	277
15084040	278
15084052	279
15084053	280
15084054	281
15084055	282
15084058	283
15084059	284
15084060	285
15084061	286
15084062	287
15084063	288
15084064	289
15084066	290
15084067	291
15084068	292
15084069	293
15084070	294
15084090	295
15084091	296
15084092	297
15084093	298
15085001	299
15085002	300
15085003	301
15085004	302
15085005	303
15085006	304
15085007	305
15085008	306
15085010	307
15085012	308
15085013	309
15085014	310
15085015	311
15085016	312
15085017	313
15085018	314
15085019	315
15085020	316
15085021	317
15085022	318
15085115	319
15086001	320
15086003	321
15086004	322
15086005	323
15086006	324
15086007	325
15086009	326
15086010	327
15086011	328
15086012	329
15086013	330
15086014	331
15086016	332
15086017	333
15086018	334
15086044	335
15086045	336
15086046	337
15086050	338
15086051	339
15086054	340
15086055	341
15086058	342
15086059	343
15086060	344
15086061	345
15086062	346
15086063	347
15086064	348
15086065	349
15086066	350
15086067	351
15086068	352
15086069	353
15086072	354
15086073	355
15086074	356
15086075	357
15086076	358
15086077	359
15086078	360
15086079	361
15086082	362
15087001	363
15087002	364
15087004	365
15087005	366
15087006	367
15087007	368
15087008	369
15087009	370
15087010	371
15087011	372
15087012	373
15087013	374
15087016	375
15087017	376
15087018	377
15087019	378
15087020	379
15087021	380
15087022	381
15087036	382
15087037	383
15087038	384
15087039	385
15087040	386
15087041	387
15087042	388
15087043	389
15087046	390
15087047	391
15087049	392
15087050	393
15087052	394
15087055	395
15087056	396
15087057	397
15087058	398
15087059	399
15088003	400
15088004	401
15088005	402
15088006	403
15088007	404
15088008	405
15088013	406
15088014	407
15088015	408
15088017	409
15088019	410
15088020	411
15088037	412
15088039	413
15088041	414
15088042	415
15088043	416
15088044	417
15088048	418
15088057	419
15088058	420
15088059	421
15088060	422
15088061	423
15088062	424
15088063	425
15088064	426
15088066	427
15088067	428
15088068	429
15088069	430
15089002	431
15089004	432
15089005	433
15089006	434
15089007	435
15089008	436
15089009	437
15089010	438
15089023	439
15089024	440
15089025	441
15089026	442
15089027	443
15089028	444
15089029	445
15089030	446
15089031	447
15089032	448
15089033	449
15089034	450
15089036	451
15089037	452
15089038	453
15089039	454
15089040	455
15089041	456
15089042	457
15089044	458
15089045	459
15089051	460
15089052	461
15089053	462
15089054	463
15090002	464
15090003	465
15090004	466
15090005	467
15090006	468
15090007	469
15090008	470
15090010	471
15090020	472
15090022	473
15090038	474
15090039	475
15090047	476
15090048	477
15090049	478
15090050	479
15090053	480
15090054	481
15090056	482
15090057	483
15090058	484
15090059	485
15090060	486
15090062	487
15090063	488
15090064	489
15090065	490
15090066	491
15090067	492
15090068	493
15091006	494
15091007	495
15091008	496
15091024	497
15091025	498
15091026	499
15091027	500
15091028	501
15091029	502
15091030	503
15091032	504
15091033	505
15091034	506
15091036	507
15091037	508
15091038	509
15091040	510
15091041	511
15091042	512
15091045	513
15091046	514
15092004	515
15092005	516
15092006	517
15092007	518
15092008	519
15092009	520
15092011	521
15092012	522
15092013	523
15092016	524
15092017	525
15092018	526
15092076	527
15092077	528
15092078	529
15092079	530
15093001	531
15093002	532
15093003	533
15093004	534
15093005	535
15093006	536
15093007	537
15093008	538
15093009	539
15093010	540
15093011	541
15093012	542
15093013	543
15093015	544
15093016	545
15093017	546
15093018	547
15093031	548
15093034	549
15093035	550
15093036	551
15093037	552
15093038	553
15093039	554
15093040	555
15093041	556
15093043	557
15093044	558
15093045	559
15093046	560
15093048	561
15093049	562
15093050	563
15093051	564
15093052	565
15093053	566
15093054	567
15093061	568
15093062	569
15093063	570
15093064	571
15094001	572
15094002	573
15094003	574
15094007	575
15094008	576
15094009	577
15094010	578
15094011	579
15094012	580
15094013	581
15094014	582
15094015	583
15094016	584
15094017	585
15094019	586
15094020	587
15094056	588
15094057	589
15094058	590
15094059	591
15094060	592
15094064	593
15094065	594
15094066	595
15094069	596
15094070	597
15094071	598
15094073	599
15095001	600
15095005	601
15095006	602
15095008	603
15095009	604
15095010	605
15095011	606
15095012	607
15095013	608
15095014	609
15095016	610
15095017	611
15095018	612
15095019	613
15095020	614
15095021	615
15095022	616
15095023	617
15095024	618
15095025	619
15095026	620
15095027	621
15095028	622
15095035	623
15095036	624
15095037	625
15095038	626
15095039	627
15095040	628
15095041	629
15095042	630
15095045	631
15095046	632
15095047	633
15095048	634
15095049	635
15095050	636
15095051	637
15095052	638
15096012	639
15096013	640
15096014	641
15096015	642
15096016	643
15096017	644
15096018	645
15096019	646
15096020	647
15096021	648
15096022	649
15096023	650
15096024	651
15096025	652
15096026	653
15096027	654
15096028	655
15096029	656
15096030	657
15096031	658
15096032	659
15096050	660
15096052	661
15096053	662
15096054	663
15096055	664
15096056	665
15096057	666
15096058	667
15096059	668
15096060	669
15097005	670
15097006	671
15097007	672
15097008	673
15097009	674
15097010	675
15097011	676
15097012	677
15097013	678
15097016	679
15097018	680
15097019	681
15097020	682
15097021	683
15097022	684
15097023	685
15097024	686
15097025	687
15097026	688
15097027	689
15097028	690
15097029	691
15097030	692
15097032	693
15097034	694
15097039	695
15097040	696
15097041	697
15097042	698
15097043	699
15097044	700
15097046	701
15097049	702
15097050	703
15097051	704
15097054	705
15097055	706
15097056	707
15097057	708
15097059	709
15097061	710
15097062	711
15097063	712
15097064	713
15097065	714
15097066	715
15098001	716
15098002	717
15098003	718
15098005	719
15098007	720
15098008	721
15098009	722
15098010	723
15098011	724
15098012	725
15098013	726
15098014	727
15098015	728
15098016	729
15098017	730
15098018	731
15098019	732
15098020	733
15098021	734
15098022	735
15098024	736
15098028	737
15098029	738
15098035	739
15098036	740
15098037	741
15098038	742
15098039	743
15098040	744
15098041	745
15098042	746
15098066	747
15098067	748
15098068	749
15098069	750
15098070	751
15098071	752
15098072	753
15098073	754
15098074	755
15098075	756
15098076	757
15098077	758
15099001	759
15099002	760
15099003	761
15100009	762
15100010	763
15100011	764
15100012	765
15100024	766
15100025	767
15100026	768
15100027	769
15100028	770
15100029	771
15100030	772
15100031	773
15100032	774
15100033	775
15100035	776
15100036	777
15100037	778
15100038	779
15100039	780
15100040	781
15100100	782
15100101	783
15100102	784
15100103	785
15100124	786
15101001	787
15101002	788
15101003	789
15101004	790
15101005	791
15101006	792
15101007	793
15101008	794
15101009	795
15101010	796
15101011	797
15101012	798
15101013	799
15101014	800
15101015	801
15101016	802
15101017	803
15101018	804
15101019	805
15101020	806
15101021	807
15101022	808
15101023	809
15101040	810
15101041	811
15101042	812
15101043	813
15101044	814
15101045	815
15101046	816
15101047	817
15101048	818
15101049	819
15101050	820
15101051	821
15102004	822
15102006	823
15102007	824
15102008	825
15102009	826
15102010	827
15102011	828
15102012	829
15102013	830
15102014	831
15102015	832
15102016	833
15102017	834
15102018	835
15102019	836
15102020	837
15102021	838
15102022	839
15102023	840
15102024	841
15102026	842
15102032	843
15102033	844
15102034	845
15102035	846
15102036	847
15102037	848
15102038	849
15102039	850
15102040	851
15102041	852
15102042	853
15102043	854
15102044	855
15102046	856
15102047	857
15102050	858
15102053	859
15102056	860
15102057	861
15102058	862
15102059	863
15102060	864
15102068	865
15103001	866
15103010	867
15103011	868
15103012	869
15103013	870
15103014	871
15103015	872
15103016	873
15103017	874
15103018	875
15103019	876
15103020	877
15103021	878
15103022	879
15103023	880
15103024	881
15103025	882
15103026	883
15103027	884
15103028	885
15103029	886
15103030	887
15103031	888
15103042	889
15103043	890
15103045	891
15103046	892
15103049	893
15103050	894
15103051	895
15103052	896
15103053	897
15103054	898
15103055	899
15103056	900
15103057	901
15103058	902
15103059	903
15103060	904
15103062	905
15103063	906
15104002	907
15104003	908
15104004	909
15104006	910
15104007	911
15104008	912
15104010	913
15104011	914
15104012	915
15104013	916
15104014	917
15104015	918
15104016	919
15104017	920
15104018	921
15104019	922
15104020	923
15104021	924
15104022	925
15104023	926
15104024	927
15104037	928
15104039	929
15104040	930
15104042	931
15104043	932
15104044	933
15104052	934
15104053	935
15104054	936
15104055	937
15104056	938
15104057	939
15104058	940
15104059	941
15104060	942
15104062	943
15104063	944
15104064	945
15104065	946
15104066	947
15104067	948
15104068	949
15104069	950
15104070	951
15105001	952
15105002	953
15105003	954
15105004	955
15105005	956
15105006	957
15105008	958
15105010	959
15105012	960
15105013	961
15105015	962
15105016	963
15105017	964
15105018	965
15105019	966
15105020	967
15105021	968
15105023	969
15105024	970
15105025	971
15105026	972
15105028	973
15105029	974
15105030	975
15105031	976
15105032	977
15105033	978
15105054	979
15105055	980
15105056	981
15105057	982
15105058	983
15105061	984
15105062	985
15105063	986
15105064	987
15105065	988
15105067	989
15105068	990
15105070	991
15105071	992
15105072	993
15105073	994
15106001	995
15106002	996
15106005	997
15106008	998
15106009	999
15106010	1000
15106011	1001
15106131	1002
15106132	1003
15106133	1004
15106134	1005
15106135	1006
15106136	1007
15107001	1008
15107002	1009
15107003	1010
15107004	1011
15107005	1012
15107006	1013
15107007	1014
15107008	1015
15107009	1016
15107010	1017
15107011	1018
15107012	1019
15107013	1020
15107014	1021
15107015	1022
15107063	1023
15107064	1024
15107065	1025
15107073	1026
15107074	1027
15107075	1028
15107076	1029
15107078	1030
15107079	1031
15107080	1032
15107081	1033
15107082	1034
15107083	1035
15107084	1036
15107085	1037
15107086	1038
15107087	1039
15107088	1040
15107089	1041
15107090	1042
15108001	1043
15108003	1044
15108004	1045
15108005	1046
15108006	1047
15108007	1048
15108008	1049
15108009	1050
15108010	1051
15108011	1052
15108012	1053
15108013	1054
15108014	1055
15108015	1056
15108016	1057
15108017	1058
15108018	1059
15108019	1060
15108020	1061
15108021	1062
15108022	1063
15108023	1064
15108024	1065
15108025	1066
15108027	1067
15108028	1068
15108056	1069
15108057	1070
15108058	1071
15108059	1072
15108063	1073
15108064	1074
15108069	1075
15108072	1076
15108073	1077
15108074	1078
15108075	1079
15108076	1080
15108077	1081
15108078	1082
15108079	1083
15108080	1084
15109001	1085
15109002	1086
15109004	1087
15109005	1088
15109006	1089
15109007	1090
15109008	1091
15109009	1092
15109010	1093
15109011	1094
15109012	1095
15109013	1096
15109019	1097
15109020	1098
15109021	1099
15109024	1100
15109025	1101
15109026	1102
15109027	1103
15109028	1104
15109029	1105
15109030	1106
15109031	1107
15109032	1108
15109033	1109
15109034	1110
15109035	1111
15109036	1112
15109037	1113
15109038	1114
15109039	1115
15109040	1116
15109041	1117
15109042	1118
15109043	1119
15109045	1120
15109046	1121
15109051	1122
15109052	1123
15109054	1124
15109055	1125
15109056	1126
15109057	1127
15109058	1128
15109059	1129
15109060	1130
15109061	1131
15109062	1132
15109063	1133
15109065	1134
15110001	1135
15110002	1136
15110003	1137
15110004	1138
15110005	1139
15110008	1140
15110009	1141
15110010	1142
15110011	1143
15110012	1144
15110013	1145
15110015	1146
15110016	1147
15110017	1148
15110018	1149
15110019	1150
15110020	1151
15110021	1152
15110022	1153
15110023	1154
15110024	1155
15110025	1156
15110026	1157
15110027	1158
15110028	1159
15110029	1160
15110030	1161
15110031	1162
15110032	1163
15110033	1164
15110034	1165
15110035	1166
15110038	1167
15110039	1168
15110040	1169
15110041	1170
15110042	1171
15110043	1172
15110045	1173
15110046	1174
15110047	1175
15110048	1176
15110049	1177
15110050	1178
15110051	1179
15110052	1180
15110053	1181
15110058	1182
15111001	1183
15111002	1184
15111003	1185
15111004	1186
15111005	1187
15111006	1188
15111007	1189
15111008	1190
15111009	1191
15111010	1192
15111011	1193
15111012	1194
15111013	1195
15111014	1196
15111015	1197
15111016	1198
15111050	1199
15111051	1200
15111052	1201
15111053	1202
15111056	1203
15111057	1204
15111058	1205
15111059	1206
15111060	1207
15111061	1208
15111062	1209
15111063	1210
15111064	1211
15111065	1212
15111066	1213
15111067	1214
15111068	1215
15112001	1216
15112003	1217
15112004	1218
15112005	1219
15112006	1220
15112007	1221
15112009	1222
15112010	1223
15112011	1224
15112012	1225
15112013	1226
15112014	1227
15112019	1228
15112020	1229
15112021	1230
15112022	1231
15112023	1232
15112024	1233
15112025	1234
15112026	1235
15112027	1236
15112028	1237
15112029	1238
15112030	1239
15112031	1240
15112033	1241
15112034	1242
15112035	1243
15112036	1244
15112037	1245
15112038	1246
15112039	1247
15112040	1248
15112041	1249
15112042	1250
15112043	1251
15112044	1252
15112045	1253
15112046	1254
15112047	1255
15112048	1256
15112049	1257
15112050	1258
15112051	1259
15112052	1260
15113001	1261
15113004	1262
15113005	1263
15113006	1264
15113009	1265
15113010	1266
15113011	1267
15113012	1268
15113103	1269
15113104	1270
15114001	1271
15114002	1272
15114003	1273
15114010	1274
15114011	1275
15114012	1276
15114013	1277
15114016	1278
15114017	1279
15114018	1280
15114019	1281
15114020	1282
15114021	1283
15114022	1284
15114023	1285
15114024	1286
15114025	1287
15114026	1288
15114027	1289
15114028	1290
15114034	1291
15114035	1292
15114036	1293
15114037	1294
15114038	1295
15114039	1296
15114040	1297
15114041	1298
15114042	1299
15114043	1300
15114044	1301
15114045	1302
15114046	1303
15114047	1304
15114048	1305
15114050	1306
15114051	1307
15114052	1308
15114053	1309
15114054	1310
15114055	1311
15114056	1312
15114057	1313
15114058	1314
15115012	1315
15115013	1316
15115014	1317
15115067	1318
15115068	1319
15115069	1320
15115070	1321
15115071	1322
15115072	1323
15115073	1324
15115074	1325
15115075	1326
15115076	1327
15115077	1328
15115078	1329
15115079	1330
15115080	1331
15115081	1332
15115082	1333
15115083	1334
15115084	1335
15115085	1336
15115086	1337
15115087	1338
15115088	1339
15116002	1340
15116003	1341
15116004	1342
15116005	1343
15116015	1344
15116016	1345
15116017	1346
15116018	1347
15116019	1348
15116020	1349
15116021	1350
15116026	1351
15116029	1352
15116032	1353
15116033	1354
15116034	1355
15116035	1356
15116036	1357
15116037	1358
15116038	1359
15116039	1360
15116040	1361
15116041	1362
15116042	1363
15116047	1364
15116048	1365
15116049	1366
15116050	1367
15116051	1368
15116052	1369
15116054	1370
15116055	1371
15116056	1372
15116057	1373
15116058	1374
15116059	1375
15116060	1376
15116061	1377
15116062	1378
15116068	1379
15117002	1380
15117003	1381
15117004	1382
15117005	1383
15117024	1384
15117050	1385
15117051	1386
15117052	1387
15117053	1388
15117054	1389
15117055	1390
15117056	1391
15117057	1392
15117058	1393
15117059	1394
15117060	1395
15117061	1396
15117062	1397
15117063	1398
15117064	1399
15117065	1400
15117066	1401
15117067	1402
15117068	1403
15117069	1404
15117070	1405
15118002	1406
15118003	1407
15118004	1408
15118005	1409
15118006	1410
15118007	1411
15118008	1412
15118009	1413
15118011	1414
15118013	1415
15118014	1416
15118015	1417
15118016	1418
15118017	1419
15118018	1420
15118019	1421
15118020	1422
15118021	1423
15118022	1424
15118023	1425
15118024	1426
15118052	1427
15118053	1428
15118054	1429
15118055	1430
15118056	1431
15118057	1432
15118058	1433
15118059	1434
15118060	1435
15118061	1436
15118062	1437
15118063	1438
15118064	1439
15118065	1440
15118066	1441
15119008	1442
15119009	1443
15119010	1444
15119011	1445
15119012	1446
15119013	1447
15119014	1448
15119015	1449
15119018	1450
15119019	1451
15119020	1452
15119021	1453
15119022	1454
15119023	1455
15119024	1456
15119025	1457
15119026	1458
15119027	1459
15119028	1460
15119029	1461
15119031	1462
15119032	1463
15119034	1464
15119035	1465
15119036	1466
15119042	1467
15119043	1468
15119045	1469
15119046	1470
15119049	1471
15119051	1472
15119052	1473
15119053	1474
15119054	1475
15119055	1476
15119056	1477
15119057	1478
15119058	1479
15119059	1480
15119061	1481
15119063	1482
15119064	1483
15119065	1484
15120001	1485
15120002	1486
15120004	1487
15120005	1488
15120006	1489
15120007	1490
15120008	1491
15120009	1492
15120011	1493
15120105	1494
15120106	1495
15120108	1496
15120109	1497
15120115	1498
15120116	1499
15120117	1500
15121001	1501
15121002	1502
15121003	1503
15121004	1504
15121005	1505
15121006	1506
15121007	1507
15121008	1508
15121009	1509
15121010	1510
15121012	1511
15121013	1512
15121015	1513
15121016	1514
15121017	1515
15121018	1516
15121060	1517
15121061	1518
15121062	1519
15121063	1520
15121065	1521
15121066	1522
15121067	1523
15121068	1524
15121070	1525
15121071	1526
15121072	1527
15121075	1528
15121076	1529
15121077	1530
15121078	1531
15122003	1532
15122004	1533
15122006	1534
15122008	1535
15122010	1536
15122011	1537
15122017	1538
15122018	1539
15122019	1540
15122020	1541
15122023	1542
15122026	1543
15122027	1544
15122030	1545
15122031	1546
15122034	1547
15122039	1548
15122041	1549
15122042	1550
15122043	1551
15122044	1552
15122045	1553
15122046	1554
15122047	1555
15122048	1556
15122049	1557
15122056	1558
15122057	1559
15122058	1560
15122059	1561
15122060	1562
15122061	1563
15122062	1564
15122063	1565
15122064	1566
15122065	1567
15123001	1568
15123002	1569
15123003	1570
15123004	1571
15123005	1572
15123006	1573
15123009	1574
15123010	1575
15123011	1576
15123013	1577
15123014	1578
15123015	1579
15123016	1580
15123017	1581
15123018	1582
15123019	1583
15123020	1584
15123021	1585
15123022	1586
15123023	1587
15123024	1588
15123025	1589
15123026	1590
15123027	1591
15123028	1592
15123033	1593
15123034	1594
15123035	1595
15123036	1596
15123037	1597
15123044	1598
15123045	1599
15123046	1600
15123047	1601
15123048	1602
15123049	1603
15123050	1604
15123051	1605
15123052	1606
15123053	1607
15123054	1608
15124001	1609
15124002	1610
15124003	1611
15124004	1612
15124005	1613
15124006	1614
15124007	1615
15124008	1616
15124009	1617
15124010	1618
15124021	1619
15124022	1620
15124023	1621
15124024	1622
15124025	1623
15124026	1624
15124027	1625
15124028	1626
15124029	1627
15124031	1628
15124032	1629
15124033	1630
15124034	1631
15124035	1632
15124036	1633
15124037	1634
15124039	1635
15124040	1636
15124041	1637
15124042	1638
15124043	1639
15124044	1640
15124049	1641
15124050	1642
15124051	1643
15124052	1644
15124053	1645
15124054	1646
15124055	1647
15124056	1648
15124057	1649
15124058	1650
15124060	1651
15124061	1652
15124062	1653
15124063	1654
15125001	1655
15125002	1656
15125003	1657
15125004	1658
15125007	1659
15125060	1660
15125061	1661
15125062	1662
15125064	1663
15125065	1664
15125066	1665
15125067	1666
15125070	1667
15125071	1668
15125072	1669
15125073	1670
15125074	1671
15125075	1672
15126002	1673
15126003	1674
15126004	1675
15126005	1676
15126006	1677
15126007	1678
15126008	1679
15126009	1680
15126010	1681
15126011	1682
15126012	1683
15126013	1684
15126014	1685
15126015	1686
15126016	1687
15126017	1688
15126018	1689
15126019	1690
15126020	1691
15126021	1692
15126022	1693
15126023	1694
15126036	1695
15126037	1696
15126038	1697
15126039	1698
15126040	1699
15126041	1700
15126042	1701
15126043	1702
15126044	1703
15126045	1704
15126046	1705
15126047	1706
15126048	1707
15126049	1708
15126050	1709
15126051	1710
15126052	1711
15126053	1712
15126054	1713
15126058	1714
15126059	1715
15126060	1716
15126061	1717
15127001	1718
15127002	1719
15127003	1720
15127004	1721
15127005	1722
15127006	1723
15127007	1724
15127008	1725
15127009	1726
15127010	1727
15127011	1728
15127012	1729
15127013	1730
15127096	1731
15128015	1732
15128016	1733
15128017	1734
15128018	1735
15128019	1736
15128020	1737
15128021	1738
15128022	1739
15128023	1740
15128024	1741
15128025	1742
15128026	1743
15128027	1744
15128028	1745
15128029	1746
15128030	1747
15128031	1748
15128032	1749
15128033	1750
15128048	1751
15128049	1752
15128050	1753
15128051	1754
15128052	1755
15129001	1756
15129002	1757
15129003	1758
15129004	1759
15129006	1760
15129007	1761
15129008	1762
15129009	1763
15129010	1764
15129011	1765
15129012	1766
15129013	1767
15129014	1768
15129015	1769
15129016	1770
15129017	1771
15129018	1772
15129022	1773
15129045	1774
15129046	1775
15129047	1776
15129048	1777
15129049	1778
15129050	1779
15129051	1780
15129052	1781
15130001	1782
15130002	1783
15130003	1784
15130004	1785
15130005	1786
15130006	1787
15130007	1788
15130008	1789
15130009	1790
15130011	1791
15130013	1792
15130014	1793
15130015	1794
15130016	1795
15130031	1796
15130032	1797
15130033	1798
15130034	1799
15130035	1800
15130036	1801
15130037	1802
15130038	1803
15130040	1804
15130041	1805
15130042	1806
15130043	1807
15130044	1808
15130045	1809
15130046	1810
15130047	1811
15130048	1812
15130054	1813
15130055	1814
15130056	1815
15131001	1816
15131002	1817
15131003	1818
15131004	1819
15131005	1820
15131006	1821
15131007	1822
15131008	1823
15131009	1824
15131010	1825
15131011	1826
15131012	1827
15131013	1828
15131014	1829
15131030	1830
15131031	1831
15131033	1832
15131034	1833
15131035	1834
15131036	1835
15131037	1836
15131039	1837
15131040	1838
15131041	1839
15131042	1840
15131043	1841
15131044	1842
15131045	1843
15131046	1844
15131047	1845
15131048	1846
15131049	1847
15131050	1848
15131051	1849
15131052	1850
15131053	1851
15132002	1852
15132003	1853
15132004	1854
15132005	1855
15132006	1856
15132007	1857
15132008	1858
15132009	1859
15132010	1860
15132011	1861
15132012	1862
15132014	1863
15132015	1864
15132016	1865
15132017	1866
15132018	1867
15132019	1868
15132022	1869
15132023	1870
15132024	1871
15132025	1872
15132026	1873
15132028	1874
15132029	1875
15132030	1876
15132031	1877
15132032	1878
15132033	1879
15132034	1880
15132035	1881
15132036	1882
15132037	1883
15132038	1884
15133002	1885
15133003	1886
15133004	1887
15133005	1888
15133006	1889
15133007	1890
15133008	1891
15133009	1892
15133010	1893
15133011	1894
15133012	1895
15133013	1896
15133014	1897
15133015	1898
15133016	1899
15133017	1900
15133018	1901
15133019	1902
15133020	1903
15133021	1904
15133031	1905
15133032	1906
15133033	1907
15133034	1908
15133035	1909
15133036	1910
15133037	1911
15133038	1912
15133039	1913
15133040	1914
15133041	1915
15133042	1916
15133043	1917
15133044	1918
15133045	1919
15133047	1920
15133049	1921
15133050	1922
15133051	1923
15133053	1924
15133054	1925
15133055	1926
15133056	1927
15134001	1928
15134002	1929
15134003	1930
15134004	1931
15134005	1932
15134006	1933
15134007	1934
15134008	1935
15134009	1936
15134010	1937
15134050	1938
15134051	1939
15134053	1940
15134055	1941
15134056	1942
15134057	1943
15134058	1944
15134059	1945
15134060	1946
15134062	1947
15134063	1948
15135004	1949
15135005	1950
15135006	1951
15135007	1952
15135008	1953
15135009	1954
15135010	1955
15135011	1956
15135012	1957
15135013	1958
15135014	1959
15135015	1960
15135016	1961
15135053	1962
15135062	1963
15135063	1964
15135064	1965
15135065	1966
15136001	1967
15136002	1968
15136003	1969
15136004	1970
15136005	1971
15136006	1972
15136007	1973
15136008	1974
15136009	1975
15136010	1976
15136011	1977
15136012	1978
15136013	1979
15136014	1980
15136015	1981
15136016	1982
15136017	1983
15136032	1984
15136033	1985
15136034	1986
15136035	1987
15136036	1988
15136037	1989
15136038	1990
15136039	1991
15136040	1992
15136041	1993
15136042	1994
15137003	1995
15137004	1996
15137005	1997
15137006	1998
15137007	1999
15137008	2000
15137009	2001
15137010	2002
15137011	2003
15137012	2004
15137013	2005
15137014	2006
15137015	2007
15137025	2008
15137026	2009
15137027	2010
15137028	2011
15137029	2012
15137030	2013
15137032	2014
15137033	2015
15137034	2016
15137035	2017
15137036	2018
15137037	2019
15137038	2020
15137039	2021
15137050	2022
15137051	2023
15137052	2024
15137053	2025
15137054	2026
15138012	2027
15138035	2028
15138056	2029
15138057	2030
15138058	2031
15138059	2032
15138060	2033
15138061	2034
15138062	2035
15138063	2036
15138064	2037
15138065	2038
15138066	2039
15138067	2040
15138068	2041
15138069	2042
15138070	2043
15138071	2044
15138072	2045
15138074	2046
15138075	2047
15139003	2048
15139008	2049
15139009	2050
15139010	2051
15139012	2052
15139013	2053
15139015	2054
15139016	2055
15139017	2056
15139018	2057
15139020	2058
15139021	2059
15139022	2060
15139023	2061
15139024	2062
15139025	2063
15139026	2064
15139037	2065
15139038	2066
15139039	2067
15139040	2068
15139041	2069
15139042	2070
15139043	2071
15139044	2072
15139045	2073
15139046	2074
15139047	2075
15139050	2076
15139051	2077
15139052	2078
15140002	2079
15140003	2080
15140004	2081
15140005	2082
15140006	2083
15140007	2084
15140011	2085
15140012	2086
15140013	2087
15140014	2088
15140015	2089
15140017	2090
15140018	2091
15140019	2092
15140020	2093
15140021	2094
15140022	2095
15140023	2096
15140025	2097
15140026	2098
15140027	2099
15140028	2100
15140029	2101
15140030	2102
15140031	2103
15140032	2104
15140034	2105
15140035	2106
15140036	2107
15140037	2108
15140045	2109
15140046	2110
15140047	2111
15140048	2112
15140049	2113
15140050	2114
15140051	2115
15140052	2116
15140053	2117
15140054	2118
15140055	2119
15141001	2120
15141002	2121
15141003	2122
15141004	2123
15141006	2124
15141007	2125
15141009	2126
15141010	2127
15141011	2128
15141012	2129
15141013	2130
15141048	2131
15142003	2132
15142004	2133
15142005	2134
15142006	2135
15142008	2136
15142011	2137
15142012	2138
15142013	2139
15142014	2140
15142015	2141
15142018	2142
15142019	2143
15142020	2144
15142021	2145
15142022	2146
15142025	2147
15142054	2148
15142055	2149
15142058	2150
15142059	2151
15142060	2152
15142061	2153
15143010	2154
15143011	2155
15143012	2156
15143013	2157
15143014	2158
15143026	2159
15143027	2160
15143028	2161
15143029	2162
15143030	2163
15143031	2164
15143032	2165
15143033	2166
15143034	2167
15143035	2168
15143036	2169
15143037	2170
15143038	2171
15143039	2172
15143040	2173
15143041	2174
15143049	2175
15143050	2176
15143051	2177
15143052	2178
15144001	2179
15144003	2180
15144004	2181
15144005	2182
15144006	2183
15144007	2184
15144008	2185
15144009	2186
15144010	2187
15144011	2188
15144012	2189
15144013	2190
15144014	2191
15144015	2192
15144017	2193
15144018	2194
15144026	2195
15144027	2196
15144028	2197
15144032	2198
15144033	2199
15144034	2200
15144035	2201
15144036	2202
15144037	2203
15144039	2204
15144040	2205
15144043	2206
15144044	2207
15144046	2208
15144047	2209
15144049	2210
15144052	2211
15144054	2212
15144055	2213
15144056	2214
15144058	2215
15144060	2216
15144062	2217
15144063	2218
15144064	2219
15144065	2220
15144067	2221
15144068	2222
15144070	2223
15145003	2224
15145004	2225
15145005	2226
15145006	2227
15145007	2228
15145008	2229
15145009	2230
15145010	2231
15145012	2232
15145013	2233
15145014	2234
15145015	2235
15145016	2236
15145017	2237
15145018	2238
15145019	2239
15145020	2240
15145021	2241
15145022	2242
15145023	2243
15145024	2244
15145029	2245
15145031	2246
15145032	2247
15145033	2248
15145034	2249
15145035	2250
15145036	2251
15145037	2252
15145038	2253
15145039	2254
15145056	2255
15145057	2256
15145058	2257
15145059	2258
15145060	2259
15145061	2260
15145062	2261
15145063	2262
15145064	2263
15146001	2264
15146002	2265
15146003	2266
15146004	2267
15146006	2268
15146008	2269
15146009	2270
15146010	2271
15146013	2272
15146017	2273
15146020	2274
15146023	2275
15146025	2276
15146026	2277
15146042	2278
15146043	2279
15146044	2280
15146045	2281
15146046	2282
15146049	2283
15146050	2284
15146051	2285
15146052	2286
15146054	2287
15146055	2288
15146056	2289
15146057	2290
15146058	2291
15146059	2292
15146060	2293
15146061	2294
15146062	2295
15146064	2296
15146065	2297
15146066	2298
15146067	2299
15146068	2300
15146069	2301
15147001	2302
15147002	2303
15147003	2304
15147004	2305
15147005	2306
15147006	2307
15147007	2308
15147008	2309
15147009	2310
15147010	2311
15147011	2312
15147012	2313
15147013	2314
15147014	2315
15147015	2316
15147022	2317
15147023	2318
15147024	2319
15147025	2320
15147026	2321
15147027	2322
15147028	2323
15147029	2324
15147030	2325
15147031	2326
15147032	2327
15147033	2328
15147037	2329
15147038	2330
15147039	2331
15147040	2332
15147041	2333
15147042	2334
15148003	2335
15148004	2336
15148005	2337
15148006	2338
15148007	2339
15148008	2340
15148009	2341
15148010	2342
15148011	2343
15148062	2344
15148064	2345
15148065	2346
15148066	2347
15148069	2348
15149007	2349
15149008	2350
15149009	2351
15149010	2352
15149011	2353
15149012	2354
15149013	2355
15149014	2356
15149015	2357
15149016	2358
15149017	2359
15149061	2360
15149062	2361
15149063	2362
15149064	2363
15149067	2364
15149069	2365
15149070	2366
15149071	2367
15149072	2368
15149074	2369
15149075	2370
15149076	2371
15150001	2372
15150002	2373
15150004	2374
15150005	2375
15150009	2376
15150010	2377
15150011	2378
15150012	2379
15150013	2380
15150014	2381
15150015	2382
15150027	2383
15150030	2384
15150031	2385
15150048	2386
15150049	2387
15150054	2388
15150055	2389
15150056	2390
15150057	2391
15150058	2392
15150059	2393
15150060	2394
15150061	2395
15150062	2396
15150063	2397
15150064	2398
15150079	2399
15150080	2400
15150081	2401
15150082	2402
15151001	2403
15151004	2404
15151005	2405
15151006	2406
15151007	2407
15151008	2408
15151009	2409
15151010	2410
15151011	2411
15151012	2412
15151013	2413
15151014	2414
15151015	2415
15151017	2416
15151018	2417
15151019	2418
15151020	2419
15151021	2420
15151022	2421
15151023	2422
15151024	2423
15151032	2424
15151033	2425
15151034	2426
15151035	2427
15151036	2428
15151038	2429
15151039	2430
15151040	2431
15151041	2432
15151042	2433
15151044	2434
15151045	2435
15151046	2436
15151047	2437
15151048	2438
15151049	2439
15151050	2440
15151051	2441
15151052	2442
15151053	2443
15151054	2444
15151055	2445
15151056	2446
15151058	2447
15151061	2448
15151062	2449
15152001	2450
15152002	2451
15152003	2452
15152004	2453
15152005	2454
15152006	2455
15152007	2456
15152008	2457
15152009	2458
15152010	2459
15152011	2460
15152012	2461
15152013	2462
15152014	2463
15152015	2464
15152016	2465
15152017	2466
15152018	2467
15152020	2468
15152030	2469
15152031	2470
15152032	2471
15152033	2472
15152034	2473
15152036	2474
15152038	2475
15152039	2476
15152040	2477
15152041	2478
15152042	2479
15152043	2480
15152044	2481
15152045	2482
15152046	2483
15152047	2484
15152048	2485
15152049	2486
15152050	2487
15152051	2488
15152052	2489
15152053	2490
15152054	2491
15152055	2492
15152057	2493
15152058	2494
15153001	2495
15153002	2496
15153003	2497
15153004	2498
15153005	2499
15153006	2500
15153007	2501
15153008	2502
15153009	2503
15153010	2504
15153011	2505
15153012	2506
15153013	2507
15153014	2508
15153015	2509
15153017	2510
15153018	2511
15153019	2512
15153022	2513
15153034	2514
15153035	2515
15153036	2516
15153037	2517
15153038	2518
15153040	2519
15153041	2520
15153042	2521
15153043	2522
15153044	2523
15153045	2524
15153046	2525
15153047	2526
15153048	2527
15153049	2528
15153050	2529
15153052	2530
15153053	2531
15153054	2532
15153055	2533
15153056	2534
15153057	2535
15153058	2536
15154001	2537
15154002	2538
15154003	2539
15154007	2540
15154008	2541
15154009	2542
15154010	2543
15154011	2544
15154012	2545
15154013	2546
15154014	2547
15154015	2548
15154016	2549
15154017	2550
15154018	2551
15154019	2552
15154021	2553
15154022	2554
15154023	2555
15154024	2556
15155004	2557
15155005	2558
15155006	2559
15155007	2560
15155008	2561
15155009	2562
15155010	2563
15156001	2564
15156002	2565
15156003	2566
15156004	2567
15156007	2568
15156008	2569
15156010	2570
15156011	2571
15156012	2572
15156013	2573
15156014	2574
15156015	2575
15156016	2576
15156017	2577
15156019	2578
15156020	2579
15156021	2580
15156022	2581
15156023	2582
15156024	2583
15156039	2584
15156040	2585
15156041	2586
15156042	2587
15157004	2588
15157005	2589
15157006	2590
15157007	2591
15157009	2592
15157010	2593
15157011	2594
15157012	2595
15157013	2596
15157014	2597
15157015	2598
15157016	2599
15157017	2600
15157020	2601
15157022	2602
15157023	2603
15157024	2604
15157025	2605
15157028	2606
15157029	2607
15157034	2608
15157039	2609
15157045	2610
15157046	2611
15157047	2612
15157048	2613
15157049	2614
15157050	2615
15157051	2616
15157052	2617
15157053	2618
15157054	2619
15157055	2620
15157056	2621
15157057	2622
15157058	2623
15157059	2624
15157060	2625
15157061	2626
15158001	2627
15158024	2628
15158025	2629
15158026	2630
15158027	2631
15158028	2632
15158029	2633
15158030	2634
15158031	2635
15158032	2636
15158033	2637
15158034	2638
15158035	2639
15158036	2640
15158037	2641
15158038	2642
15158039	2643
15158040	2644
15158057	2645
15158058	2646
15158059	2647
15158060	2648
15158061	2649
15158062	2650
15158063	2651
15158064	2652
15158065	2653
15158070	2654
15159001	2655
15159002	2656
15159003	2657
15159004	2658
15159005	2659
15159006	2660
15159007	2661
15159008	2662
15159009	2663
15159016	2664
15159017	2665
15159018	2666
15159019	2667
15159021	2668
15159022	2669
15159024	2670
15159025	2671
15159026	2672
15159027	2673
15159028	2674
15159029	2675
15159030	2676
15159031	2677
15159032	2678
15159033	2679
15159034	2680
15159035	2681
15159036	2682
15159038	2683
15159039	2684
15159040	2685
15159041	2686
15159042	2687
15159043	2688
15159044	2689
15159045	2690
15159046	2691
15159047	2692
15159049	2693
15159051	2694
15159054	2695
15159055	2696
15160001	2697
15160002	2698
15160003	2699
15160004	2700
15160005	2701
15160006	2702
15160007	2703
15160027	2704
15160029	2705
15160030	2706
15160032	2707
15160033	2708
15160034	2709
15160035	2710
15160036	2711
15160037	2712
15160038	2713
15160039	2714
15160040	2715
15160041	2716
15160042	2717
15160043	2718
15160044	2719
15160045	2720
15160046	2721
15160047	2722
15160048	2723
15160050	2724
15161001	2725
15161002	2726
15161003	2727
15161004	2728
15161005	2729
15161006	2730
15161007	2731
15161008	2732
15161009	2733
15161010	2734
15161011	2735
15161012	2736
15161013	2737
15161014	2738
15161015	2739
15161016	2740
15161017	2741
15161018	2742
15161019	2743
15161020	2744
15161021	2745
15161022	2746
15161036	2747
15161037	2748
15161043	2749
15161048	2750
15161049	2751
15161051	2752
15161052	2753
15161053	2754
15161054	2755
15161055	2756
15161056	2757
15161057	2758
15161058	2759
15161059	2760
15161060	2761
15161061	2762
15161062	2763
15161063	2764
15161064	2765
15161065	2766
15161066	2767
15161067	2768
15161068	2769
15161069	2770
15161070	2771
15161071	2772
15161072	2773
15162001	2774
15162004	2775
15162005	2776
15162006	2777
15162010	2778
15162011	2779
15162012	2780
15162013	2781
15162014	2782
15162015	2783
15162016	2784
15162017	2785
15162018	2786
15162019	2787
15162020	2788
15162021	2789
15162022	2790
15162023	2791
15162024	2792
15162025	2793
15162026	2794
15162027	2795
15162028	2796
15162029	2797
15162030	2798
15162031	2799
15162032	2800
15162041	2801
15162042	2802
15162043	2803
15162044	2804
15162045	2805
15162046	2806
15162047	2807
15162048	2808
15162049	2809
15162050	2810
15162051	2811
15162053	2812
15162054	2813
15162055	2814
15163001	2815
15163002	2816
15163003	2817
15163004	2818
15163005	2819
15163006	2820
15163007	2821
15163008	2822
15163009	2823
15163010	2824
15163017	2825
15163018	2826
15163019	2827
15163020	2828
15163021	2829
15163022	2830
15163023	2831
15163024	2832
15163025	2833
15163026	2834
15163027	2835
15163028	2836
15163029	2837
15163033	2838
15163034	2839
15163035	2840
15163048	2841
15163049	2842
15163050	2843
15163051	2844
15163052	2845
15163053	2846
15163054	2847
15163055	2848
15163056	2849
15163057	2850
15163058	2851
15163059	2852
15163060	2853
15163061	2854
15163062	2855
15164001	2856
15164002	2857
15164003	2858
15164004	2859
15164005	2860
15164006	2861
15164007	2862
15164008	2863
15164009	2864
15164023	2865
15164024	2866
15164028	2867
15164029	2868
15164030	2869
15164032	2870
15164033	2871
15164034	2872
15164036	2873
15164037	2874
15164039	2875
15164040	2876
15164041	2877
15164042	2878
15164043	2879
15164044	2880
15164045	2881
15164046	2882
15164047	2883
15164048	2884
15164049	2885
15164060	2886
15164061	2887
15164062	2888
15164063	2889
15164064	2890
15164065	2891
15164066	2892
15164067	2893
15164068	2894
15164069	2895
15164070	2896
15164071	2897
15165001	2898
15165002	2899
15165003	2900
15165004	2901
15165007	2902
15165008	2903
15165009	2904
15165021	2905
15165022	2906
15165023	2907
15165024	2908
15165025	2909
15165026	2910
15165027	2911
15165028	2912
15165029	2913
15165031	2914
15165033	2915
15165034	2916
15165035	2917
15165036	2918
15165037	2919
15165038	2920
15165039	2921
15165040	2922
15165041	2923
15165042	2924
15165043	2925
15165044	2926
15165045	2927
15165046	2928
15165047	2929
15165049	2930
15165050	2931
15165051	2932
15165052	2933
15165053	2934
15165054	2935
15165055	2936
15165056	2937
15165057	2938
15165058	2939
15165059	2940
15166004	2941
15166005	2942
15166006	2943
15166007	2944
15166008	2945
15166009	2946
15166010	2947
15166011	2948
15166013	2949
15166014	2950
15166015	2951
15166016	2952
15166017	2953
15166023	2954
15166024	2955
15166025	2956
15166026	2957
15166027	2958
15166028	2959
15166029	2960
15166030	2961
15166031	2962
15166032	2963
15166033	2964
15166034	2965
15166035	2966
15166036	2967
15166037	2968
15166038	2969
15166039	2970
15166040	2971
15166041	2972
15166042	2973
15166043	2974
15166044	2975
15166045	2976
15166046	2977
15166047	2978
15167001	2979
15167002	2980
15167006	2981
15167007	2982
15167008	2983
15167009	2984
15167011	2985
15167012	2986
15167013	2987
15167014	2988
17038050	2989
17038051	2990
17038052	2991
17038053	2992
17038054	2993
17038055	2994
17038063	2995
17038065	2996
17038067	2997
17038068	2998
17038071	2999
17038072	3000
17038073	3001
17038081	3002
17038082	3003
17038084	3004
17038085	3005
17038086	3006
17038088	3007
17038089	3008
17038090	3009
17038091	3010
17038094	3011
17038095	3012
17039006	3013
17039007	3014
17039008	3015
17039009	3016
17039010	3017
17039011	3018
17039012	3019
17039016	3020
17039017	3021
17039018	3022
17039019	3023
17039020	3024
17039021	3025
17039022	3026
17039023	3027
17039028	3028
17039029	3029
17039030	3030
17039031	3031
17039041	3032
17039042	3033
17039043	3034
17039044	3035
17039045	3036
17039055	3037
17039056	3038
17039057	3039
17039058	3040
17039059	3041
17039060	3042
17040001	3043
17040002	3044
17040003	3045
17040004	3046
17040005	3047
17040006	3048
17040007	3049
17040008	3050
17040009	3051
17040010	3052
17040011	3053
17040012	3054
17040013	3055
17040014	3056
17040015	3057
17040016	3058
17040045	3059
17040046	3060
17040047	3061
17040048	3062
17040049	3063
17040050	3064
17040051	3065
17040052	3066
17040059	3067
17040062	3068
17040063	3069
17040064	3070
17040065	3071
17040069	3072
17040070	3073
17040071	3074
17040072	3075
17040073	3076
17040074	3077
17040078	3078
17040084	3079
17040085	3080
17041001	3081
17041002	3082
17041003	3083
17041004	3084
17041005	3085
17041006	3086
17041007	3087
17041008	3088
17041009	3089
17041010	3090
17041011	3091
17041012	3092
17041013	3093
17041014	3094
17041033	3095
17041035	3096
17041037	3097
17041038	3098
17041039	3099
17041040	3100
17041042	3101
17041044	3102
17041045	3103
17041046	3104
17042001	3105
17042009	3106
17042012	3107
17042013	3108
17042016	3109
17042017	3110
17042019	3111
17042021	3112
17042022	3113
17042023	3114
17042024	3115
17042026	3116
17042027	3117
17042028	3118
17042029	3119
17042030	3120
17042031	3121
17042032	3122
17042074	3123
17042075	3124
17042076	3125
17042077	3126
17042078	3127
17042079	3128
17042080	3129
17042081	3130
17042082	3131
17042083	3132
17042084	3133
17042085	3134
17043001	3135
17043002	3136
17043003	3137
17043004	3138
17043005	3139
17043006	3140
17043007	3141
17043008	3142
17043009	3143
17043010	3144
17043015	3145
17043016	3146
17043018	3147
17043019	3148
17043020	3149
17043021	3150
17043044	3151
17043045	3152
17043046	3153
17043047	3154
17043048	3155
17043049	3156
17043050	3157
17043051	3158
17043052	3159
17043053	3160
17043054	3161
17043055	3162
17043056	3163
17043057	3164
17043060	3165
17043061	3166
17043063	3167
17043064	3168
17044001	3169
17044002	3170
17044003	3171
17044004	3172
17044009	3173
17044010	3174
17044011	3175
17044012	3176
17044023	3177
17044024	3178
17044025	3179
17044026	3180
17044027	3181
17044028	3182
17044029	3183
17044030	3184
17044031	3185
17044032	3186
17044033	3187
17044034	3188
17044035	3189
17044036	3190
17044039	3191
17044040	3192
17044041	3193
17044042	3194
17044043	3195
17045001	3196
17045002	3197
17045003	3198
17045004	3199
17045005	3200
17045006	3201
17045007	3202
17045008	3203
17045009	3204
17045010	3205
17045039	3206
17045040	3207
17045041	3208
17045043	3209
17045044	3210
17045045	3211
17045046	3212
17046001	3213
17046002	3214
17046004	3215
17046005	3216
17046006	3217
17046007	3218
17046008	3219
17046009	3220
17046010	3221
17046011	3222
17046012	3223
17046013	3224
17046014	3225
17046015	3226
17046016	3227
17046017	3228
17046022	3229
17046023	3230
17046029	3231
17046030	3232
17046031	3233
17046032	3234
17046033	3235
17046034	3236
17046035	3237
17046036	3238
17046037	3239
17046039	3240
17046040	3241
17046043	3242
17046044	3243
17046045	3244
17046046	3245
17046047	3246
17047001	3247
17047002	3248
17047003	3249
17047004	3250
17047005	3251
17047010	3252
17047011	3253
17047012	3254
17047013	3255
17047014	3256
17047015	3257
17047016	3258
17047017	3259
17047019	3260
17047020	3261
17047021	3262
17047022	3263
17047023	3264
17047024	3265
17047040	3266
17047041	3267
17047042	3268
17047043	3269
17047044	3270
17047045	3271
17047046	3272
17047047	3273
17047048	3274
17047049	3275
17047050	3276
17047051	3277
17047052	3278
17047053	3279
17048001	3280
17048002	3281
17048003	3282
17048004	3283
17048005	3284
17048006	3285
17048007	3286
17048008	3287
17048009	3288
17048010	3289
17048011	3290
17048012	3291
17048013	3292
17048014	3293
17049005	3294
17049007	3295
17049008	3296
17049013	3297
17049014	3298
17049015	3299
17049016	3300
17049017	3301
17049018	3302
17049019	3303
17049020	3304
17049021	3305
17049022	3306
17049023	3307
17049024	3308
17049025	3309
17049026	3310
17049027	3311
17049028	3312
17049029	3313
17049044	3314
17049045	3315
17049046	3316
17049047	3317
17049051	3318
17049052	3319
17049053	3320
17049054	3321
17049055	3322
17049056	3323
17049057	3324
17049058	3325
17049059	3326
17049060	3327
17049061	3328
17049066	3329
17049067	3330
17049068	3331
17050001	3332
17050002	3333
17050003	3334
17050004	3335
17050005	3336
17050006	3337
17050007	3338
17050008	3339
17050009	3340
17050010	3341
17050013	3342
17050014	3343
17050015	3344
17050016	3345
17050024	3346
17050025	3347
17050026	3348
17050027	3349
17050028	3350
17050030	3351
17050031	3352
17050032	3353
17050033	3354
17050034	3355
17050035	3356
17050036	3357
17050037	3358
17050038	3359
17050039	3360
17050040	3361
17050041	3362
17050047	3363
17050048	3364
17051001	3365
17051002	3366
17051003	3367
17051004	3368
17051005	3369
17051006	3370
17051007	3371
17051008	3372
17051011	3373
17051012	3374
17051013	3375
17051014	3376
17051015	3377
17051016	3378
17051017	3379
17051018	3380
17051019	3381
17051020	3382
17051021	3383
17051022	3384
17051023	3385
17051024	3386
17051025	3387
17051026	3388
17051031	3389
17051032	3390
17051033	3391
17051034	3392
17051035	3393
17051036	3394
17051037	3395
17051038	3396
17051039	3397
17051040	3398
17051041	3399
17051042	3400
17051043	3401
17051044	3402
17051045	3403
17051046	3404
17051048	3405
17051049	3406
17051050	3407
17052003	3408
17052004	3409
17052005	3410
17052006	3411
17052007	3412
17052008	3413
17052009	3414
17052010	3415
17052011	3416
17052012	3417
17052013	3418
17052014	3419
17052015	3420
17052016	3421
17052017	3422
17052018	3423
17052019	3424
17052026	3425
17052030	3426
17052051	3427
17052052	3428
17052053	3429
17052054	3430
17052055	3431
17052056	3432
17052057	3433
17052058	3434
17052059	3435
17052060	3436
17052061	3437
17052062	3438
17052063	3439
17052064	3440
17052065	3441
17052067	3442
17052068	3443
17053001	3444
17053002	3445
17053003	3446
17053004	3447
17053005	3448
17053006	3449
17053007	3450
17053008	3451
17053009	3452
17053010	3453
17053011	3454
17053012	3455
17053013	3456
17053014	3457
17053016	3458
17053020	3459
17053022	3460
17053023	3461
17053024	3462
17053025	3463
17053026	3464
17053027	3465
17053030	3466
17053031	3467
17053032	3468
17053033	3469
17053034	3470
17053035	3471
17053036	3472
17053037	3473
17053038	3474
17053039	3475
17053041	3476
17053042	3477
17053043	3478
17053044	3479
17053045	3480
17054006	3481
17054007	3482
17054008	3483
17054009	3484
17054010	3485
17054011	3486
17054012	3487
17054013	3488
17054014	3489
17054015	3490
17054016	3491
17054017	3492
17054020	3493
17054021	3494
17054022	3495
17054023	3496
17054026	3497
17054027	3498
17054028	3499
17054040	3500
17054041	3501
17054043	3502
17054044	3503
17054045	3504
17054046	3505
17054047	3506
17054048	3507
17054049	3508
17054050	3509
17054051	3510
17054052	3511
17054053	3512
17054054	3513
17055001	3514
17055002	3515
17055003	3516
17055004	3517
17055005	3518
17055006	3519
17055007	3520
17055008	3521
17055009	3522
17055010	3523
17055011	3524
17055012	3525
17055013	3526
17055014	3527
17055015	3528
17055033	3529
17055034	3530
17055035	3531
17056007	3532
17056019	3533
17056020	3534
17056022	3535
17056023	3536
17056024	3537
17056025	3538
17056026	3539
17056027	3540
17056028	3541
17056036	3542
17056050	3543
17056051	3544
17057001	3545
17057002	3546
17057003	3547
17057006	3548
17057010	3549
17057011	3550
17057012	3551
17057044	3552
17057045	3553
17057046	3554
17057048	3555
17057051	3556
17057054	3557
17057055	3558
17057056	3559
17058002	3560
17058003	3561
17058004	3562
17058005	3563
17058006	3564
17058007	3565
17058008	3566
17058009	3567
17058010	3568
17058011	3569
17058012	3570
17058013	3571
17058014	3572
17058015	3573
17058025	3574
17058026	3575
17058028	3576
17058032	3577
17058033	3578
17058034	3579
17058035	3580
17058036	3581
17058037	3582
17058038	3583
17058039	3584
17058041	3585
17058042	3586
17058043	3587
17058044	3588
17058045	3589
17058046	3590
17058047	3591
17058048	3592
17058049	3593
17058050	3594
17058051	3595
17058052	3596
17058053	3597
17058054	3598
17059001	3599
17059002	3600
17059003	3601
17059004	3602
17059006	3603
17059007	3604
17059008	3605
17059009	3606
17059010	3607
17059011	3608
17059012	3609
17059013	3610
17059014	3611
17059015	3612
17059017	3613
17059018	3614
17059019	3615
17059021	3616
17059026	3617
17059027	3618
17059028	3619
17059030	3620
17059031	3621
17059032	3622
17059033	3623
17059034	3624
17059035	3625
17059036	3626
17059037	3627
17059038	3628
17059039	3629
17059040	3630
17059041	3631
17059042	3632
17060006	3633
17060007	3634
17060008	3635
17060009	3636
17060010	3637
17060011	3638
17060012	3639
17060013	3640
17060014	3641
17060015	3642
17060017	3643
17060018	3644
17060019	3645
17060020	3646
17060021	3647
17060022	3648
17060023	3649
17060034	3650
17060035	3651
17060036	3652
17060037	3653
17060038	3654
17060039	3655
17060040	3656
17060041	3657
17060042	3658
17060043	3659
17060044	3660
17060045	3661
17060046	3662
17060047	3663
17060048	3664
17060049	3665
17061001	3666
17061002	3667
17061003	3668
17061004	3669
17061005	3670
17061006	3671
17061007	3672
17061008	3673
17061009	3674
17061010	3675
17061011	3676
17061012	3677
17061013	3678
17061014	3679
17061015	3680
17061016	3681
17061017	3682
17061026	3683
17061027	3684
17061028	3685
17061030	3686
17061031	3687
17061032	3688
17061033	3689
17061034	3690
17061035	3691
17061036	3692
17061037	3693
17061038	3694
17061039	3695
17061040	3696
17061041	3697
17061042	3698
17061043	3699
17061044	3700
17062047	3701
17062048	3702
17062049	3703
17062050	3704
17062051	3705
17062052	3706
17062053	3707
17062054	3708
17063001	3709
17063002	3710
17063003	3711
17063004	3712
17063005	3713
17063006	3714
17063007	3715
17063008	3716
17063009	3717
17063010	3718
17063011	3719
17063012	3720
17063034	3721
17063035	3722
17063036	3723
17063037	3724
17063038	3725
17063039	3726
17063040	3727
17063041	3728
17063042	3729
17063043	3730
17063044	3731
17063045	3732
17063046	3733
17063047	3734
17063048	3735
17064001	3736
17064002	3737
17064003	3738
17064004	3739
17064005	3740
17064006	3741
17064007	3742
17064009	3743
17064010	3744
17064011	3745
17064012	3746
17064013	3747
17064014	3748
17064015	3749
17064016	3750
17064017	3751
17064018	3752
17064019	3753
17064020	3754
17064021	3755
17064022	3756
17064023	3757
17064024	3758
17064025	3759
17064035	3760
17064036	3761
17064037	3762
17064038	3763
17064039	3764
17064040	3765
17064042	3766
17064043	3767
17064044	3768
17064045	3769
17064046	3770
17064047	3771
17064048	3772
17064049	3773
17065001	3774
17065002	3775
17065003	3776
17065004	3777
17065005	3778
17065006	3779
17065007	3780
17065008	3781
17065009	3782
17065010	3783
17065011	3784
17065012	3785
17065013	3786
17065014	3787
17065015	3788
17065016	3789
17065017	3790
17065018	3791
17065019	3792
17065020	3793
17065021	3794
17065033	3795
17065034	3796
17065035	3797
17065036	3798
17065037	3799
17065038	3800
17065041	3801
17065042	3802
17065043	3803
17065044	3804
17065045	3805
17065046	3806
17065047	3807
17065048	3808
17065049	3809
17065050	3810
17065051	3811
17065053	3812
17065054	3813
17065055	3814
17065056	3815
17065057	3816
17066001	3817
17066002	3818
17066003	3819
17066004	3820
17066005	3821
17066006	3822
17066007	3823
17066008	3824
17066009	3825
17066010	3826
17066011	3827
17066012	3828
17066013	3829
17066014	3830
17066021	3831
17066022	3832
17066023	3833
17066024	3834
17066025	3835
17066026	3836
17066027	3837
17066028	3838
17066029	3839
17066030	3840
17066031	3841
17066032	3842
17066033	3843
17066034	3844
17066035	3845
17066036	3846
17066048	3847
17066049	3848
17066050	3849
17066059	3850
17066060	3851
17066061	3852
17066062	3853
17066063	3854
17066064	3855
17067001	3856
17067002	3857
17067003	3858
17067004	3859
17067005	3860
17067006	3861
17067007	3862
17067008	3863
17067009	3864
17067010	3865
17067011	3866
17067012	3867
17067013	3868
17067014	3869
17067015	3870
17067016	3871
17067017	3872
17067018	3873
17067019	3874
17067024	3875
17067025	3876
17067026	3877
17067027	3878
17067028	3879
17067029	3880
17067030	3881
17067032	3882
17067033	3883
17067034	3884
17067036	3885
17067037	3886
17067038	3887
17067039	3888
17067042	3889
17067043	3890
17067044	3891
17067045	3892
17067055	3893
17067056	3894
17067061	3895
17067063	3896
17067066	3897
17068002	3898
17068003	3899
17068006	3900
17068007	3901
17068009	3902
17068010	3903
17068011	3904
17068012	3905
17068017	3906
17068019	3907
17068021	3908
17068026	3909
17068027	3910
17068028	3911
17068036	3912
17068037	3913
17068038	3914
17068039	3915
17068040	3916
17068041	3917
17068042	3918
17068043	3919
17068044	3920
17068045	3921
17068046	3922
17068047	3923
17068053	3924
17068054	3925
17068055	3926
17068056	3927
17068057	3928
17068062	3929
17068063	3930
17068064	3931
17068065	3932
17068066	3933
17068067	3934
17068068	3935
17068070	3936
17069010	3937
17069012	3938
17069013	3939
17069014	3940
17069015	3941
17069016	3942
17069017	3943
17069018	3944
17069019	3945
17070005	3946
17070006	3947
17070007	3948
17070008	3949
17070009	3950
17070010	3951
17070011	3952
17070012	3953
17070013	3954
17070014	3955
17070015	3956
17070019	3957
17070048	3958
17071012	3959
17071013	3960
17071014	3961
17071015	3962
17071018	3963
17071019	3964
17071020	3965
17071021	3966
17071022	3967
17071023	3968
17071024	3969
17071025	3970
17071026	3971
17071027	3972
17071028	3973
17071029	3974
17071030	3975
17071047	3976
17071048	3977
17071049	3978
17071050	3979
17071051	3980
17071052	3981
17071053	3982
17071054	3983
17071055	3984
17071056	3985
17071057	3986
17071058	3987
17071059	3988
17071060	3989
17071061	3990
17071062	3991
17071063	3992
17071064	3993
17072001	3994
17072002	3995
17072003	3996
17072004	3997
17072005	3998
17072006	3999
17072007	4000
17072008	4001
17072009	4002
17072010	4003
17072011	4004
17072012	4005
17072013	4006
17072014	4007
17072015	4008
17072020	4009
17072022	4010
17072023	4011
17072024	4012
17072025	4013
17072026	4014
17072027	4015
17072028	4016
17072029	4017
17072030	4018
17072032	4019
17072033	4020
17072034	4021
17072035	4022
17072036	4023
17072037	4024
17072038	4025
17072039	4026
17072040	4027
17072041	4028
17072042	4029
17072043	4030
17072044	4031
17072045	4032
17072046	4033
17073001	4034
17073002	4035
17073003	4036
17073004	4037
17073005	4038
17073006	4039
17073013	4040
17073014	4041
17073015	4042
17073016	4043
17073020	4044
17073021	4045
17073022	4046
17073023	4047
17073024	4048
17073043	4049
17073044	4050
17073045	4051
17073046	4052
17073047	4053
17073048	4054
17073049	4055
17073050	4056
17073051	4057
17073052	4058
17073058	4059
17073060	4060
17073061	4061
17073062	4062
17073063	4063
17073064	4064
17073065	4065
17073066	4066
17073067	4067
17073068	4068
17073069	4069
17074001	4070
17074002	4071
17074003	4072
17074004	4073
17074005	4074
17074006	4075
17074007	4076
17074009	4077
17074020	4078
17074021	4079
17074022	4080
17074023	4081
17074024	4082
17074025	4083
17074026	4084
17074027	4085
17074028	4086
17074029	4087
17074030	4088
17074031	4089
17074032	4090
17074033	4091
17074034	4092
17074035	4093
17074036	4094
17074037	4095
17074038	4096
17074039	4097
17074040	4098
17074041	4099
17074044	4100
17074049	4101
17074050	4102
17074051	4103
17075001	4104
17075002	4105
17075003	4106
17075004	4107
17075005	4108
17075006	4109
17075007	4110
17075008	4111
17075009	4112
17075010	4113
17075011	4114
17075012	4115
17075013	4116
17075014	4117
17075015	4118
17075016	4119
17075018	4120
17075019	4121
17075020	4122
17075024	4123
17075025	4124
17075026	4125
17075027	4126
17075098	4127
17075099	4128
17075100	4129
17075101	4130
17075102	4131
17075103	4132
17075105	4133
17075106	4134
17075107	4135
17075108	4136
17075109	4137
17075110	4138
17075111	4139
17076001	4140
17076002	4141
17076003	4142
17076010	4143
17076011	4144
17076012	4145
17076042	4146
17076044	4147
17076045	4148
17076046	4149
17076048	4150
17076049	4151
17076051	4152
17076052	4153
17076053	4154
17076054	4155
17076055	4156
17077002	4157
17077004	4158
17077005	4159
17077006	4160
17077007	4161
17077008	4162
17077009	4163
17077010	4164
17077011	4165
17077015	4166
17077016	4167
17077017	4168
17077031	4169
17077032	4170
17077033	4171
17077034	4172
17077035	4173
17077036	4174
17077037	4175
17077038	4176
17077039	4177
17077040	4178
17077042	4179
17077043	4180
17077044	4181
17077045	4182
17078001	4183
17078002	4184
17078003	4185
17078004	4186
17078005	4187
17078006	4188
17078007	4189
17078008	4190
17078010	4191
17078011	4192
17078012	4193
17078013	4194
17097024	4195
17097025	4196
17097026	4197
17097030	4198
17097031	4199
17097034	4200
17097035	4201
17097036	4202
17097038	4203
17097039	4204
17097042	4205
17097046	4206
17097047	4207
17097048	4208
17097049	4209
17097050	4210
17098002	4211
17098003	4212
17098004	4213
17098007	4214
17098008	4215
17098010	4216
17098011	4217
17098012	4218
17098013	4219
17098014	4220
17098015	4221
17098016	4222
17098017	4223
17098018	4224
17098021	4225
17098033	4226
17098035	4227
17098036	4228
17098037	4229
17098038	4230
17098039	4231
17098040	4232
17098043	4233
17098045	4234
17098046	4235
17098047	4236
17098048	4237
17098050	4238
17098057	4239
17098058	4240
17098059	4241
17098060	4242
17098061	4243
17098062	4244
17098063	4245
17098064	4246
17098065	4247
17098066	4248
17098067	4249
17098068	4250
17099001	4251
17099002	4252
17099004	4253
17099005	4254
17099006	4255
17099007	4256
17099010	4257
17099011	4258
17099012	4259
17099013	4260
17099014	4261
17099015	4262
17099016	4263
17099017	4264
17099018	4265
17099019	4266
17099020	4267
17099021	4268
17099022	4269
17099023	4270
17099024	4271
17099030	4272
17099031	4273
17099032	4274
17099033	4275
17099034	4276
17099035	4277
17099036	4278
17099038	4279
17099039	4280
17099040	4281
17099041	4282
17099042	4283
17099043	4284
17100001	4285
17100002	4286
17100003	4287
17100004	4288
17100005	4289
17100006	4290
17100007	4291
17100008	4292
17100009	4293
17100010	4294
17100011	4295
17100012	4296
17100013	4297
17100014	4298
17100015	4299
17100016	4300
17100017	4301
17100018	4302
17100019	4303
17100020	4304
17100021	4305
17100022	4306
17100024	4307
17100030	4308
17100031	4309
17100032	4310
17100033	4311
17100034	4312
17100035	4313
17100036	4314
17100037	4315
17100038	4316
17100039	4317
17100040	4318
17100043	4319
17100044	4320
17100045	4321
17100046	4322
17100047	4323
17100048	4324
17101001	4325
17101002	4326
17101003	4327
17101004	4328
17101005	4329
17101006	4330
17101007	4331
17101008	4332
17101009	4333
17101010	4334
17101011	4335
17101013	4336
17101014	4337
17101015	4338
17101016	4339
17101020	4340
17101021	4341
17101022	4342
17101023	4343
17101024	4344
17101026	4345
17101027	4346
17101030	4347
17101031	4348
17101032	4349
17101033	4350
17101034	4351
17101035	4352
17101036	4353
17101037	4354
17101038	4355
17101056	4356
17101058	4357
17102001	4358
17102002	4359
17102003	4360
17102004	4361
17102005	4362
17102006	4363
17102007	4364
17102008	4365
17102009	4366
17102010	4367
17102011	4368
17102012	4369
17102013	4370
17102014	4371
17102015	4372
17102016	4373
17102017	4374
17102032	4375
17102033	4376
17102034	4377
17102035	4378
17102036	4379
17102037	4380
17102038	4381
17102039	4382
17102040	4383
17102041	4384
17102042	4385
17102043	4386
17102044	4387
17102045	4388
17102046	4389
17102047	4390
17103001	4391
17103007	4392
17103008	4393
17103009	4394
17103010	4395
17103011	4396
17103012	4397
17103013	4398
17103014	4399
17103015	4400
17103016	4401
17103017	4402
17103019	4403
17103020	4404
17103021	4405
17103022	4406
17103025	4407
17103041	4408
17103042	4409
17103043	4410
17103044	4411
17103045	4412
17103046	4413
17103047	4414
17103048	4415
17103049	4416
17103050	4417
17103051	4418
17103052	4419
17103059	4420
17103060	4421
17103061	4422
17104001	4423
17104002	4424
17104003	4425
17104004	4426
17104005	4427
17104006	4428
17104007	4429
17104008	4430
17104009	4431
17104011	4432
17104012	4433
17104013	4434
17104014	4435
17104015	4436
17104016	4437
17104017	4438
17104018	4439
17104026	4440
17104027	4441
17104028	4442
17104030	4443
17104031	4444
17104034	4445
17104036	4446
17104037	4447
17104038	4448
17104039	4449
17104040	4450
17104041	4451
17105001	4452
17105002	4453
17105003	4454
17105004	4455
17105009	4456
17105010	4457
17105011	4458
17105012	4459
17105013	4460
17105017	4461
17105018	4462
17105019	4463
17105020	4464
17105021	4465
17105022	4466
17105041	4467
17105042	4468
17105043	4469
17105044	4470
17105045	4471
17105046	4472
17105047	4473
17105048	4474
17105049	4475
17105050	4476
17105051	4477
17105052	4478
17105053	4479
17105054	4480
17105055	4481
17105056	4482
17105057	4483
17106001	4484
17106002	4485
17106003	4486
17106004	4487
17106005	4488
17106006	4489
17106007	4490
17106008	4491
17106009	4492
17106010	4493
17106011	4494
17106012	4495
17106013	4496
17106014	4497
17106015	4498
17106016	4499
17106017	4500
17106018	4501
17106019	4502
17106020	4503
17106021	4504
17106048	4505
17106055	4506
17107001	4507
17107002	4508
17107003	4509
17107004	4510
17107006	4511
17107007	4512
17107008	4513
17107009	4514
17107010	4515
17107011	4516
17107015	4517
17107016	4518
17107020	4519
17107022	4520
17107027	4521
17107028	4522
17107029	4523
17107030	4524
17107031	4525
17107032	4526
17107033	4527
17107035	4528
17107036	4529
17107037	4530
17107038	4531
17107039	4532
17107040	4533
17107041	4534
17107042	4535
17107043	4536
17107044	4537
17107045	4538
17107046	4539
17107047	4540
17107048	4541
17107049	4542
17107050	4543
17107051	4544
17107052	4545
17107054	4546
17107055	4547
17107056	4548
17107057	4549
17107058	4550
17108001	4551
17108004	4552
17108007	4553
17108008	4554
17108010	4555
17108011	4556
17108012	4557
17108013	4558
17108023	4559
17108024	4560
17108025	4561
17108026	4562
17108027	4563
17108028	4564
17108030	4565
17108031	4566
17108032	4567
17108033	4568
17108034	4569
17108035	4570
17108036	4571
17108037	4572
17108038	4573
17108039	4574
17108040	4575
17108041	4576
17108042	4577
17108043	4578
17108044	4579
17108046	4580
17108047	4581
17108048	4582
17108049	4583
17108052	4584
17109002	4585
17109003	4586
17109004	4587
17109005	4588
17109009	4589
17109010	4590
17109011	4591
17109015	4592
17109016	4593
17109017	4594
17109018	4595
17109023	4596
17109025	4597
17109026	4598
17109027	4599
17109029	4600
17109030	4601
17109031	4602
17109032	4603
17109034	4604
17109035	4605
17109036	4606
17109037	4607
17109048	4608
17109049	4609
17109050	4610
17109051	4611
17109052	4612
17109053	4613
17109054	4614
17109055	4615
17109056	4616
17109057	4617
17109058	4618
17109059	4619
17109060	4620
17109061	4621
17109065	4622
17109066	4623
17109067	4624
17109068	4625
17109069	4626
17109070	4627
17110001	4628
17110002	4629
17110003	4630
17110004	4631
17110005	4632
17110006	4633
17110007	4634
17110011	4635
17110012	4636
17110013	4637
17110014	4638
17110015	4639
17110016	4640
17110017	4641
17110018	4642
17110019	4643
17110028	4644
17110029	4645
17110030	4646
17110031	4647
17110032	4648
17110033	4649
17110034	4650
17110035	4651
17110036	4652
17110037	4653
17110039	4654
17110040	4655
17110041	4656
17110042	4657
17110043	4658
17110044	4659
17110045	4660
17110049	4661
17110050	4662
17110051	4663
17110052	4664
17110053	4665
17110054	4666
17110055	4667
17110056	4668
17110057	4669
17110058	4670
17110059	4671
17110060	4672
17110061	4673
17111001	4674
17111002	4675
17111007	4676
17111008	4677
17111009	4678
17111010	4679
17111011	4680
17111012	4681
17111013	4682
17111014	4683
17111015	4684
17111016	4685
17111017	4686
17111019	4687
17111020	4688
17111023	4689
17111024	4690
17111028	4691
17111029	4692
17111030	4693
17111031	4694
17111032	4695
17111033	4696
17111034	4697
17111035	4698
17111036	4699
17111037	4700
17111038	4701
17111039	4702
17111040	4703
17111041	4704
17111042	4705
17111043	4706
17111044	4707
17111045	4708
17111055	4709
17111056	4710
17111057	4711
17111059	4712
17111060	4713
17111064	4714
17111065	4715
17111066	4716
17111067	4717
17112001	4718
17112002	4719
17112003	4720
17112004	4721
17112005	4722
17112006	4723
17112007	4724
17112008	4725
17112009	4726
17112010	4727
17112011	4728
17112012	4729
17112013	4730
17112041	4731
17112043	4732
17112044	4733
17112052	4734
17112053	4735
17112054	4736
17112055	4737
17112056	4738
17112057	4739
17112058	4740
17112059	4741
17112060	4742
17112061	4743
17112062	4744
17112063	4745
17113001	4746
17113002	4747
17113003	4748
17113004	4749
17113005	4750
17113006	4751
17113007	4752
17113008	4753
17113010	4754
17113011	4755
17113012	4756
17113013	4757
17113014	4758
17113015	4759
17113036	4760
17113037	4761
17113038	4762
17113039	4763
17113041	4764
17113042	4765
17113043	4766
17113044	4767
17113045	4768
17113046	4769
17113047	4770
17113048	4771
17113049	4772
17114001	4773
17114002	4774
17114003	4775
17114004	4776
17114005	4777
17114007	4778
17114008	4779
17114010	4780
17114011	4781
17114013	4782
17114014	4783
17114015	4784
17114016	4785
17114017	4786
17114018	4787
17114020	4788
17114022	4789
17114023	4790
17114024	4791
17114025	4792
17114030	4793
17114031	4794
17114032	4795
17114033	4796
17114034	4797
17114035	4798
17114036	4799
17114037	4800
17114038	4801
17114039	4802
17114040	4803
17114043	4804
17114044	4805
17114045	4806
17114046	4807
17114047	4808
17114049	4809
17114050	4810
17114051	4811
17115001	4812
17115002	4813
17115003	4814
17115004	4815
17115005	4816
17115007	4817
17115008	4818
17115009	4819
17115010	4820
17115012	4821
17115013	4822
17115014	4823
17115016	4824
17115018	4825
17115019	4826
17115021	4827
17115022	4828
17115023	4829
17115024	4830
17115025	4831
17115026	4832
17115028	4833
17115029	4834
17115030	4835
17115031	4836
17115032	4837
17115033	4838
17115035	4839
17115037	4840
17115038	4841
17115044	4842
17115045	4843
17115046	4844
17115047	4845
17115048	4846
17115049	4847
17115050	4848
17115051	4849
17115052	4850
17115053	4851
17115054	4852
17115056	4853
17115058	4854
17115060	4855
17115061	4856
17116001	4857
17116002	4858
17116003	4859
17116004	4860
17116005	4861
17116006	4862
17116008	4863
17116009	4864
17116010	4865
17116015	4866
17116016	4867
17116017	4868
17116018	4869
17116019	4870
17116020	4871
17116021	4872
17116022	4873
17116042	4874
17116044	4875
17116045	4876
17116046	4877
17116047	4878
17116048	4879
17116049	4880
17116050	4881
17116052	4882
17116053	4883
17116054	4884
17116056	4885
17116057	4886
17116058	4887
17116059	4888
17116061	4889
17116062	4890
17116063	4891
17116065	4892
17117003	4893
17117006	4894
17117007	4895
17117008	4896
17117010	4897
17117011	4898
17117012	4899
17117013	4900
17117014	4901
17117015	4902
17117019	4903
17117020	4904
17117021	4905
17117023	4906
17117028	4907
17117029	4908
17117035	4909
17117036	4910
17117038	4911
17117039	4912
17117040	4913
17117041	4914
17117042	4915
17117045	4916
17117046	4917
17117047	4918
17117048	4919
17117049	4920
17117050	4921
17117051	4922
17117052	4923
17117053	4924
17117054	4925
17117055	4926
17117057	4927
17117058	4928
17117059	4929
17117060	4930
17117061	4931
17117063	4932
17118001	4933
17118002	4934
17118003	4935
17118008	4936
17118009	4937
17118010	4938
17118011	4939
17118012	4940
17118013	4941
17118014	4942
17118015	4943
17118016	4944
17118051	4945
17119001	4946
17119002	4947
17119003	4948
17119004	4949
17119005	4950
17119006	4951
17119007	4952
17119009	4953
17119010	4954
17119011	4955
17119012	4956
17119013	4957
17119014	4958
17119015	4959
17119016	4960
17119066	4961
17119067	4962
17119068	4963
17119069	4964
17119072	4965
17119073	4966
17119077	4967
17119078	4968
17119092	4969
17119093	4970
17119094	4971
17119095	4972
17119096	4973
17119097	4974
17119098	4975
17119099	4976
17119100	4977
17119101	4978
17119102	4979
17119103	4980
17120001	4981
17120002	4982
17120009	4983
17120010	4984
17120011	4985
17120012	4986
17120013	4987
17120014	4988
17120015	4989
17120016	4990
17120017	4991
17120019	4992
17120024	4993
17120025	4994
17120026	4995
17120062	4996
17120063	4997
17120064	4998
17120065	4999
17121001	5000
17121002	5001
17121003	5002
17121004	5003
17121005	5004
17121006	5005
17121007	5006
17121009	5007
17121010	5008
17121011	5009
17121012	5010
17121013	5011
17121016	5012
17121017	5013
17121018	5014
17121019	5015
17121020	5016
17121021	5017
17121022	5018
17121023	5019
17121024	5020
17121025	5021
17121029	5022
17121030	5023
17121031	5024
17121032	5025
17121033	5026
17121034	5027
17121035	5028
17121036	5029
17121037	5030
17121038	5031
17121039	5032
17121040	5033
17121041	5034
17121042	5035
17121043	5036
17121044	5037
17121045	5038
17121046	5039
17121047	5040
17122001	5041
17122002	5042
17122003	5043
17122004	5044
17122005	5045
17122006	5046
17122039	5047
17122040	5048
17122041	5049
17122043	5050
17122044	5051
17122045	5052
17122046	5053
17123001	5054
17123002	5055
17123005	5056
17123006	5057
17123007	5058
17123008	5059
17123009	5060
17123010	5061
17123011	5062
17123012	5063
17123013	5064
17123014	5065
17123015	5066
17123016	5067
17123017	5068
17123018	5069
17123019	5070
17123020	5071
17123021	5072
17123022	5073
17123040	5074
17123041	5075
17123042	5076
17123045	5077
17123046	5078
17123047	5079
17123048	5080
17123049	5081
17123050	5082
17123051	5083
17123052	5084
17123053	5085
17123054	5086
17123055	5087
17124001	5088
17124002	5089
17124003	5090
17124004	5091
17124005	5092
17124006	5093
17124007	5094
17124008	5095
17124009	5096
17124010	5097
17124011	5098
17124012	5099
17124013	5100
17124014	5101
17124015	5102
17124016	5103
17124017	5104
17124026	5105
17124027	5106
17124028	5107
17124029	5108
17124030	5109
17124031	5110
17124032	5111
17124033	5112
17124034	5113
17124039	5114
17124040	5115
17124041	5116
17124050	5117
17124051	5118
17124052	5119
17124056	5120
17124057	5121
17124058	5122
17124059	5123
17124060	5124
17125001	5125
17125002	5126
17125003	5127
17125004	5128
17125005	5129
17125006	5130
17125007	5131
17125008	5132
17125021	5133
17125022	5134
17125023	5135
17125024	5136
17125025	5137
17125026	5138
17125027	5139
17125030	5140
17125034	5141
17125035	5142
17125067	5143
17125068	5144
17126001	5145
17126002	5146
17126003	5147
17126004	5148
17126005	5149
17126006	5150
17126007	5151
17126008	5152
17126009	5153
17126010	5154
17126011	5155
17126012	5156
17126013	5157
17126051	5158
17126052	5159
17126053	5160
17126054	5161
17126055	5162
17127006	5163
17127007	5164
17127008	5165
17127009	5166
17127010	5167
17127011	5168
17127012	5169
17127013	5170
17127014	5171
17127015	5172
17127016	5173
17127017	5174
17127018	5175
17127025	5176
17127026	5177
17127027	5178
17127028	5179
17127029	5180
17127030	5181
17127031	5182
17127032	5183
17127033	5184
17127034	5185
17127035	5186
17127036	5187
17127037	5188
17128001	5189
17128002	5190
17128003	5191
17128006	5192
17128007	5193
17128008	5194
17128009	5195
17128010	5196
17128011	5197
17128012	5198
17128013	5199
17128014	5200
17128015	5201
17128016	5202
17128017	5203
17128018	5204
17128019	5205
17128025	5206
17128026	5207
17128027	5208
17128028	5209
17128029	5210
17128030	5211
17128031	5212
17128032	5213
17128033	5214
17128034	5215
17128035	5216
17128036	5217
17128037	5218
17128040	5219
17128041	5220
17128042	5221
17128043	5222
17128045	5223
17128046	5224
17128047	5225
17128048	5226
17128049	5227
17128050	5228
17128051	5229
17128052	5230
17128053	5231
17128054	5232
17128055	5233
17129001	5234
17129002	5235
17129006	5236
17129007	5237
17129008	5238
17129009	5239
17129010	5240
17129011	5241
17129012	5242
17129013	5243
17129014	5244
17129016	5245
17129018	5246
17129020	5247
17129022	5248
17129032	5249
17129033	5250
17129034	5251
17129035	5252
17129036	5253
17129037	5254
17129038	5255
17129039	5256
17129040	5257
17129041	5258
17129042	5259
17129043	5260
17129044	5261
17130001	5262
17130002	5263
17130003	5264
17130004	5265
17130005	5266
17130006	5267
17130007	5268
17130008	5269
17130009	5270
17130010	5271
17130011	5272
17130012	5273
17130013	5274
17169118	5275
17170003	5276
17170005	5277
17170011	5278
17170012	5279
17170023	5280
17170024	5281
17170025	5282
17170026	5283
17170028	5284
17170029	5285
17170030	5286
17170033	5287
17170034	5288
17170035	5289
17170036	5290
17170037	5291
17170038	5292
17170043	5293
17170044	5294
17170045	5295
17170046	5296
17170047	5297
17170048	5298
17170049	5299
17170050	5300
17170051	5301
17171001	5302
17171002	5303
17171003	5304
17171004	5305
17171005	5306
17171006	5307
17171007	5308
17171009	5309
17171010	5310
17171017	5311
17171018	5312
17171019	5313
17171020	5314
17171021	5315
17171022	5316
17171023	5317
17171024	5318
17171025	5319
17171026	5320
17171027	5321
17171028	5322
17171029	5323
17171030	5324
17171031	5325
17171032	5326
17171033	5327
17171034	5328
17171035	5329
17171036	5330
17171037	5331
17171038	5332
17171039	5333
17171040	5334
17171041	5335
17172001	5336
17172002	5337
17172003	5338
17172004	5339
17172005	5340
17172006	5341
17172007	5342
17172008	5343
17172010	5344
17172011	5345
17172012	5346
17172013	5347
17172014	5348
17172015	5349
17172016	5350
17172017	5351
17172018	5352
17172025	5353
17172026	5354
17172027	5355
17172028	5356
17172029	5357
17172030	5358
17172031	5359
17172032	5360
17172033	5361
17172034	5362
17172035	5363
17172036	5364
17172037	5365
17172038	5366
17172040	5367
17172041	5368
17172042	5369
17172044	5370
17172045	5371
17172046	5372
17172047	5373
17172048	5374
17172050	5375
17172052	5376
17172053	5377
17172056	5378
17173002	5379
17173003	5380
17173004	5381
17173005	5382
17173006	5383
17173007	5384
17173018	5385
17173019	5386
17173020	5387
17173021	5388
17173022	5389
17173023	5390
17173024	5391
17173025	5392
17173026	5393
17173027	5394
17173029	5395
17173030	5396
17173031	5397
17173032	5398
17173033	5399
17173034	5400
17173035	5401
17173036	5402
17173037	5403
17173038	5404
17173039	5405
17173040	5406
17173041	5407
17174001	5408
17174003	5409
17174004	5410
17174005	5411
17174006	5412
17174007	5413
17174008	5414
17174009	5415
17174010	5416
17174011	5417
17174012	5418
17174013	5419
17174014	5420
17174099	5421
17174100	5422
17174101	5423
17174102	5424
17174103	5425
17174104	5426
17174105	5427
17174106	5428
17174107	5429
17174109	5430
17174110	5431
17174111	5432
17174112	5433
17175001	5434
17175007	5435
17175008	5436
17175009	5437
17175010	5438
17175011	5439
17175012	5440
17175013	5441
17175014	5442
17175015	5443
17175016	5444
17175017	5445
17175018	5446
17175020	5447
17175022	5448
17175023	5449
17175024	5450
17175033	5451
17175034	5452
17175035	5453
17175036	5454
17175037	5455
17175038	5456
17175040	5457
17175041	5458
17175042	5459
17175043	5460
17175044	5461
17175046	5462
17175047	5463
17176001	5464
17176002	5465
17176006	5466
17176007	5467
17176009	5468
17176010	5469
17176011	5470
17176012	5471
17176013	5472
17176014	5473
17176015	5474
17176061	5475
17176062	5476
17176064	5477
17176066	5478
17176067	5479
17176068	5480
17177001	5481
17177002	5482
17177003	5483
17177004	5484
17177005	5485
17177006	5486
17177007	5487
17177008	5488
17177009	5489
17177010	5490
17177012	5491
17177013	5492
17177014	5493
17177015	5494
17177016	5495
17177017	5496
17177018	5497
17177019	5498
17177021	5499
17177022	5500
17177024	5501
17177026	5502
17177029	5503
17177035	5504
17177036	5505
17177040	5506
17177041	5507
17177042	5508
17177043	5509
17177044	5510
17177045	5511
17177046	5512
17177047	5513
17177048	5514
17177049	5515
17177050	5516
17177051	5517
17177052	5518
17177053	5519
17178001	5520
17178003	5521
17178004	5522
17178005	5523
17178006	5524
17178007	5525
17178008	5526
17178009	5527
17178010	5528
17178011	5529
17178012	5530
17178013	5531
17178016	5532
17178017	5533
17178018	5534
17178019	5535
17178030	5536
17178031	5537
17178032	5538
17178033	5539
17178034	5540
17178035	5541
17178036	5542
17178040	5543
17178048	5544
17178049	5545
17178050	5546
17178051	5547
17178053	5548
17178054	5549
17178055	5550
17179001	5551
17179002	5552
17179003	5553
17179005	5554
17179006	5555
17179007	5556
17179008	5557
17179009	5558
17179010	5559
17179011	5560
17179012	5561
