17038051
17038052
17038053
17038054
17038055
17038063
17038065
17038067
17038068
17038073
17038081
17038086
17038088
17038089
17038090
17038091
17038094
17038095
17039044
17040007
17043050
17044032
17045044
17046010
17046011
17046012
17046014
17046015
17046016
17046017
17046022
17046023
17046029
17046030
17046031
17046032
17046033
17046034
17046035
17046036
17046037
17046039
17046040
17046043
17046044
17046045
17046046
17046047
17047001
17047002
17047003
17047004
17047005
17047010
17047011
17047012
17047013
17047014
17047015
17047016
17047017
17047019
17047020
17047021
17047022
17047023
17047024
17047040
17049007
17049008
17049013
17049045
17051049
17053032
17055002
17057045
17057046
17057048
17057051
17057054
17057055
17057056
17060039
17061031
17061032
17063010
17063035
17063037
17063039
17063041
17063045
17064012
17064024
17064025
17064035
17065002
17065006
17065007
17065018
17066014
17066032
17067006
17067015
17067033
17067045
17068056
17068057
17068062
17070007
17070019
17071029
17071049
17071059
17071060
17071061
17071062
17071063
17071064
17072001
17072022
17073021
17073062
17073063
17074003
17074005
17074022
17074025
17077005
17077006
17077007
17077039
17097025
17097026
17097031
17098018
17098057
17098058
17099032
17100046
17102036
17103061
17105004
17105009
17105042
17105044
17106003
17106006
17107002
17107016
17107020
17107022
17107027
17107028
17107037
17107043
17107056
17108008
17108010
17108011
17108012
17108013
17108032
17108038
17108044
17108047
17108048
17108052
17109026
17109027
17109029
17109030
17109031
17109032
17109035
17109036
17109037
17109048
17109049
17109050
17109051
17109052
17109053
17109054
17109055
17109056
17109057
17109058
17109059
17109060
17109061
17109065
17109066
17109068
17109069
17109070
17110001
17110003
17110004
17110005
17110006
17110007
17110011
17110012
17110013
17110014
17110015
17110016
17110017
17110018
17110019
17110028
17110029
17110030
17110031
17110032
17110033
17110034
17110035
17110036
17110037
17110039
17110040
17110041
17110042
17110043
17110044
17110045
17110049
17110050
17110051
17110052
17110053
17110055
17110056
17110057
17110058
17110059
17110060
17110061
17111001
17111002
17111007
17111009
17111010
17111011
17111012
17111013
17111014
17111015
17111016
17111017
17111019
17111020
17111023
17111024
17111028
17111029
17111030
17111031
17111032
17111033
17111034
17111035
17111036
17111037
17111038
17111039
17111040
17111041
17111042
17111043
17111044
17111045
17111055
17111056
17111057
17111059
17111064
17111065
17111066
17111067
17112001
17112004
17112005
17112006
17112007
17112008
17112009
17112010
17112011
17112012
17112013
17112041
17112056
17113005
17113008
17113011
17113012
17113013
17113014
17113015
17113036
17113037
17113038
17113039
17113041
17113042
17113043
17113044
17113045
17113046
17113048
17115050
17116004
17116045
17116046
17117036
17117038
17117039
17117040
17117041
17117042
17117045
17117046
17117047
17117049
17117050
17117051
17117052
17117053
17117054
17117055
17117057
17117058
17117059
17117060
17117061
17117063
17118001
17118002
17118003
17118008
17118009
17118010
17118011
17118012
17118013
17118014
17118015
17118016
17118051
17119001
17119002
17119003
17119004
17119005
17119006
17119007
17119009
17119010
17119012
17119013
17119014
17119015
17119016
17119066
17121017
17121025
17124051
17124052
17124056
17125068
17126001
17126002
17126003
17126004
17126005
17126006
17126007
17126008
17126009
17126010
17126011
17126012
17126013
17126051
17127007
17128041
17128047
17130007
