17102032 102.523078703704 0.719934054011586 0.00022633701050418 2.12823057
17114043 114.820081018519 0.723466557896478 0.000462103811029928 1.75583744
17114045 114.849918981481 0.729151012693419 0.000325999792197849 1.58414793
17115026 115.438668981481 0.719827492625982 0.000586091161816462 1.61660326
17115028 115.446331018519 0.719313107646094 0.000252446183448109 1.66220140
17115029 115.467372685185 0.712313902798743 0.00199917339677055 1.58036244
17124050 124.7378125 0.742783002198647 0.000314231204151829 1.90764296
17127006 127.104016203704 0.72843914058863 0.000247040440763187 2.01858497
17128009 128.148530092593 0.721930776460297 0.000274822562222736 1.53845453
17128029 128.5 0.718627135563276 0.000235393650425172 1.83539891
