17039044 39.5356828703704 0.0790161459826609 9.08366788049745e-05 60.30142593
17039045 39.5483217592593 0.0790188910749494 0.000141456811468311 59.00056076
17039055 39.897974537037 0.0886276347612923 9.29107179687611e-05 88.04424286
17039056 39.9068518518519 0.07053233256223 7.14369471371648e-05 67.37568665
17039057 39.9232986111111 0.072270491856936 5.57392594055066e-05 62.91494370
17039058 39.9487384259259 0.0651629813238711 5.62560485146308e-05 50.21982956
17039059 39.9714467592593 0.0763612182394546 6.6913098286064e-05 78.19636536
17039060 39.9945717592593 0.0697521754690002 7.32944872160286e-05 67.37944794
17040001 40.0419444444444 0.0801685907450896 0.000105798102394531 72.59856415
17040002 40.0501388888889 0.0796745748646017 0.000180709926302374 71.85561371
17040003 40.0536689814815 0.0805216949695204 5.56476819875667e-05 70.66703033
17040004 40.0800578703704 0.0818099202867359 9.70214187941784e-05 64.71021271
17040005 40.0901388888889 0.0828516022103095 8.48039568727009e-05 64.39619446
17040006 40.1034953703704 0.0827867190296043 0.000167427351437199 62.96161652
17040007 40.1496990740741 0.092807687526268 6.23144018456836e-05 99.64363861
17040008 40.1702777777778 0.0829076894741677 5.48417325366878e-05 90.90368652
17040009 40.1942939814815 0.0800615682928395 5.56172568334205e-05 87.35768127
17040010 40.2171990740741 0.083324617207855 5.61132113399868e-05 88.17958069
17040011 40.2405092592593 0.084838498558172 6.51613175717563e-05 83.22230530
17040012 40.259212962963 0.0850662360562907 6.23021474243506e-05 79.18758392
17040013 40.2804398148148 0.0819675374563893 6.11346414903751e-05 74.39962769
17040014 40.302037037037 0.0834075862151315 5.84157954569819e-05 67.05558777
17040015 40.3288773148148 0.0864904567974744 0.000100526957613826 64.36786652
17040016 40.3388657407407 0.0874007304164537 9.5159198423453e-05 63.49392700
17040045 40.6002314814815 0.0771163276564729 0.000195447624417424 64.95845032
17040046 40.6030671296296 0.0769430626994514 0.000110096062438181 63.45793533
17040047 40.6126041666667 0.0766417505593687 0.000133308106501118 60.55406570
17040048 40.6179166666667 0.0774300892906112 0.000171567378240914 62.90476227
17040049 40.6224652777778 0.0772299124008054 0.000271732177362244 62.00943756
17040050 40.6244328703704 0.0764387115823433 0.000394587104173487 63.58803558
17040051 40.6258680555556 0.0772372934429372 0.000307787419514795 64.12590790
17040052 40.6281944444444 0.0774571605245259 0.000205392417932142 65.66983795
17040059 40.6460069444444 0.0787901015664238 0.000125142137063432 70.29152679
17040062 40.6631944444444 0.0788842043601224 6.5805668626249e-05 71.94400787
17040063 40.6847685185185 0.0792528801455701 5.95399811913275e-05 69.26757812
17040064 40.7118287037037 0.0799025773350343 6.7409818081598e-05 68.33264923
17040065 40.7311458333333 0.0794820113910049 7.43620242881819e-05 63.05007553
17040069 40.8688310185185 0.0787766157875455 6.77859866900134e-05 89.08536530
17040070 40.8850231481482 0.0792343885478652 7.61906367213166e-05 73.57575989
17040071 40.8987037037037 0.0781832273185863 6.79716282549832e-05 73.93376160
17040072 40.9159143518518 0.077296739334811 6.78011245250005e-05 67.14678192
17040073 40.9334027777778 0.0785653092580553 6.19282244918678e-05 61.88613892
17040074 40.9569907407407 0.0798743149129416 0.00014464164956405 53.41997910
17040078 40.9715509259259 0.0817168166271357 0.000219762423627191 48.22530746
17040084 40.9848726851852 0.082740587575895 0.000204172782359345 45.57461929
17040085 40.9885532407407 0.0836263560253377 0.000138785253459184 43.95027924
17041001 41.0321527777778 0.0842637125956332 5.8328592929952e-05 96.32633972
17041002 41.0550578703704 0.0782210997375242 5.8586835335555e-05 81.69229126
17041003 41.0769675925926 0.0776001212550651 5.91090788854283e-05 81.81810760
17041004 41.0998032407407 0.0777640835055639 5.85260263414006e-05 78.15048981
17041005 41.1219907407407 0.0775168660335151 6.06902627427547e-05 70.35736084
17041006 41.1439699074074 0.0789524186136255 6.3726429934806e-05 62.03652954
17041007 41.1659606481482 0.0813055708105492 6.73508243053066e-05 56.22877121
17041008 41.1881597222222 0.08196367741092 8.74009293288147e-05 52.58158493
17041009 41.2234027777778 0.0842441401097523 8.42470032847486e-05 50.88813400
17041010 41.2547800925926 0.0858701361595626 8.14192658763188e-05 44.76824188
17041011 41.3086805555556 0.0853673079869081 5.41157051537721e-05 93.34280396
17041012 41.3367824074074 0.0795278864706218 5.93841671531425e-05 84.62480164
17041013 41.3594560185185 0.0795469580489377 5.97813713488349e-05 81.83908081
17041014 41.3814467592593 0.0780394053150524 7.31182439218714e-05 70.65198517
17041033 41.8138773148148 0.0898724827799603 7.64104656333101e-05 118.33719635
17041035 41.8317939814815 0.0840906763788919 7.22110172847825e-05 105.86064148
17041037 41.8604976851852 0.0817729348841051 6.42359677996774e-05 101.94640350
17041038 41.8817361111111 0.0814459933919346 7.35341250070153e-05 96.06179047
17041039 41.8969444444444 0.0810924724625259 6.50159867036151e-05 93.30232239
17041040 41.9165277777778 0.0808987807829085 7.1902309742048e-05 90.68803406
17041042 41.9337847222222 0.0809055616152056 7.52005154473044e-05 87.31829834
17041044 41.9510648148148 0.0812770454174308 6.61000723988026e-05 82.39855957
17041045 41.9708796296296 0.0821579257562529 8.99957970500041e-05 75.94233704
17041046 41.982650462963 0.0822250062203895 6.72211297126247e-05 72.25195312
17042001 42.0020601851852 0.0825714154544768 8.1785083076883e-05 68.78290558
17042009 42.0569212962963 0.0874397843753369 6.71564108794732e-05 105.10820007
17042012 42.1411111111111 0.0918604029040414 9.45286108413127e-05 116.89184570
17042013 42.1530324074074 0.0858822412237955 8.79980901312751e-05 108.36358643
17042016 42.1656365740741 0.0835993204605727 5.80418162499735e-05 91.17156982
17042017 42.1875462962963 0.0821321907740623 5.7838792307045e-05 94.09898376
17042019 42.2126736111111 0.0820071056952984 6.55919961163238e-05 85.89234924
17042021 42.2310069444444 0.0825954964656023 0.00016826527072661 80.19943237
17042022 42.2347106481481 0.0824014274343192 6.20768551330474e-05 79.05518341
17042023 42.2564930555556 0.0811172781422459 0.000101677569765557 70.93560028
17042024 42.2652199074074 0.0823630047591038 8.11448038364504e-05 71.95065308
17042026 42.3104976851852 0.0873766786098839 4.59844124309953e-05 110.54924011
17042027 42.3475810185185 0.0821373301726547 0.000267364020745042 91.72225952
17042028 42.3493865740741 0.0816051194674006 6.43362168007627e-05 99.47867584
17042029 42.367974537037 0.0792389331134383 6.50449046717613e-05 87.40778351
17042030 42.3867476851852 0.0796638668935192 5.83989894001234e-05 78.61473083
17042031 42.4108449074074 0.0814708339587519 5.98034777110855e-05 74.02343750
17042032 42.4349652777778 0.0824564576018823 0.00014491855198879 69.16786194
17042074 42.7657060185185 0.0929337139914781 8.83305260170686e-05 134.76281738
17042075 42.7790509259259 0.0849569691304081 7.91413193199105e-05 123.08514404
17042076 42.790775462963 0.0810914437877172 6.24236612217682e-05 117.15835571
17042077 42.8077314814815 0.0793682960102152 6.26042528881408e-05 112.59017181
17042078 42.8245023148148 0.0781544565425988 6.14931902338084e-05 104.82994843
17042079 42.8434953703704 0.0777271824645809 6.15675250125647e-05 99.75329590
17042080 42.8613888888889 0.0776689300393422 6.18303319354997e-05 94.53561401
17042081 42.8791319444444 0.0774081625802305 6.33157585116158e-05 86.02693939
17042082 42.8970717592593 0.0773418793888327 7.29258204257807e-05 81.01802063
17042083 42.9112962962963 0.078735139547761 6.41518772221453e-05 84.80488586
17042084 42.9303935185185 0.0797275533354925 6.2825711425661e-05 84.89556122
17042085 42.9495486111111 0.0803408470530972 6.60296825084734e-05 81.37470245
17043001 43.0281018518519 0.08649812088103 5.5557072044353e-05 129.67243958
17043002 43.0498263888889 0.0751895855062477 5.77132500750557e-05 108.41474152
17043003 43.0682060185185 0.0725165464181765 5.04210442255455e-05 102.50302887
17043004 43.0897916666667 0.0752747206136491 5.42704843497234e-05 102.19937897
17043005 43.1120601851852 0.0770684335315529 5.52660500567594e-05 103.38031006
17043006 43.133912037037 0.0774566997555875 0.000108896018931964 83.08222198
17043007 43.1408912037037 0.078611696875319 6.70240757599857e-05 76.21056366
17043008 43.160162037037 0.0806722187279365 6.6485802589693e-05 62.86505127
17043009 43.1808680555555 0.0844313799404992 6.04945766590735e-05 62.65559006
17043010 43.2086458333333 0.0875786087195155 6.82520972467284e-05 61.96750641
17043015 43.3161689814815 0.0886195086528539 6.07256431328413e-05 132.39936829
17043016 43.3357986111111 0.0768450820916086 5.21953943118495e-05 114.84851837
17043018 43.3608101851852 0.0775423835144564 4.41655395773157e-05 109.53229523
17043019 43.3931365740741 0.0787614696884885 5.1240999751208e-05 94.11007690
17043020 43.4224305555556 0.0779007019693443 7.33504452446656e-05 56.45055389
17043021 43.4398148148148 0.0855499789293217 7.02152711389569e-05 60.03695679
17043044 43.6908101851852 0.0992742522013706 0.000174775182472719 139.12870789
17043045 43.6950578703704 0.0875832145261605 6.37388032214879e-05 129.35791016
17043046 43.7133564814815 0.080812986563171 6.37867137590621e-05 120.09712982
17043047 43.7330092592593 0.0785718244725173 5.98414811104696e-05 113.82191467
17043048 43.7541550925926 0.0802479515818334 6.54432562962551e-05 110.42197418
17043049 43.7738078703704 0.0797234442274581 0.000219927940545314 97.26984406
17043050 43.7779050925926 0.0797687525555985 0.000206576266044324 95.49208069
17043051 43.7800231481481 0.0804277136251329 6.71700305124405e-05 94.16378021
17043052 43.7976041666667 0.0780655712147749 6.72138549689452e-05 81.47183228
17043053 43.8156365740741 0.0706778357475019 6.48466973841339e-05 71.18584442
17043054 43.834849537037 0.0701715744290813 6.24990186306383e-05 57.63010025
17043055 43.8551736111111 0.0710560741207412 6.46037400569264e-05 53.65787888
17043056 43.8746064814815 0.0702878438927321 6.0583465054864e-05 55.23330307
17043057 43.8958796296296 0.0708579468822327 0.000200122500173385 49.77006149
17043060 43.9328240740741 0.0910370719925896 7.17543880399886e-05 133.75859070
17043061 43.948900462963 0.0798503307154077 6.28334070119302e-05 123.08418274
17043063 43.9698958333333 0.0709011565776433 5.74598327922424e-05 106.02806854
17043064 43.9884143518519 0.0673535248644885 5.60818713164556e-05 94.49127960
17044001 44.0057060185185 0.0674702792280159 7.22028627445793e-05 91.94120026
17044002 44.0189351851852 0.0690561041905727 5.8156861901953e-05 94.48096466
17044003 44.0377314814815 0.0689443150288261 5.2181295053992e-05 83.17579651
17044004 44.0597337962963 0.0696308804298175 5.29654464151813e-05 76.89327240
17044009 44.2030439814815 0.0929365549732917 6.69186221666743e-05 145.00314331
17044010 44.2202199074074 0.07692598753999 5.34105022402759e-05 120.02560425
17044011 44.2422106481482 0.0709711201175679 9.05722299598939e-05 103.64618683
17044012 44.2495601851852 0.0695820294672264 0.000143864900134072 99.97006989
17044023 44.5970717592593 0.0849797481107012 8.13716176162403e-05 136.40324402
17044024 44.6086458333333 0.0733452415058137 6.45675663925997e-05 115.42892456
17044025 44.6229398148148 0.0666289135727832 6.05331720097974e-05 98.44729614
17044026 44.6376157407407 0.0619389420488888 4.22070495308067e-05 91.88371277
17044027 44.6653935185185 0.0627439367659234 4.36893572868811e-05 83.27442932
17044028 44.6905671296296 0.0671680068755973 4.61284347903686e-05 87.82399750
17044029 44.7160069444444 0.067254280736941 5.07376213075738e-05 82.15650940
17044030 44.739375 0.0666618575431218 4.74809535494436e-05 76.85576630
17044031 44.7664467592593 0.067690933682717 9.14302625162607e-05 66.68431091
17044032 44.7721064814815 0.0671721499397482 5.28286321706601e-05 64.60603333
17044033 44.7946875 0.0691065673070108 4.97345602684242e-05 67.28621674
17044034 44.823599537037 0.0707053392993942 5.0599373474384e-05 62.42986679
17044035 44.8525578703704 0.0699744176017976 4.94686032836299e-05 56.02535629
17044036 44.8818981481481 0.0688942475664448 0.000115960914652967 56.97655106
17044039 44.9254282407407 0.0954261998314949 0.000222422672998334 137.36544800
17044040 44.929537037037 0.0817254765506091 6.1032650929339e-05 121.07876587
17044041 44.9482291666667 0.0673238684095639 4.81993251131747e-05 105.39639282
17044042 44.9714236111111 0.0603152164997784 4.15632838072264e-05 93.49739838
17044043 44.9976388888889 0.0597514420360745 4.78765204746024e-05 81.41700745
17045001 45.0176157407407 0.0616104571956829 4.65536127149617e-05 84.00309753
17045002 45.039375 0.0637245542555057 4.7019516297082e-05 86.16198730
17045003 45.0620486111111 0.0663677638378766 5.07571097139297e-05 78.22523499
17045004 45.0841898148148 0.065252667484112 4.94641481334488e-05 78.63136292
17045005 45.1068287037037 0.0651689854776945 5.01643605729398e-05 73.48339081
17045006 45.1299537037037 0.0649741772549753 8.88015321998437e-05 66.58290100
17045007 45.1401736111111 0.065245512382992 5.38145252500366e-05 63.69393921
17045008 45.1620486111111 0.0663423609624129 5.63609784971384e-05 55.23916626
17045009 45.1839236111111 0.0686729564907938 5.91894684785532e-05 50.86257935
17045010 45.206712962963 0.0705632886764502 0.000132480901347828 43.59135818
17045039 45.8744328703704 0.0764462474974385 5.16803129848382e-05 113.59571838
17045040 45.8992013888889 0.0689637375362586 4.75689471907572e-05 83.45078278
17045041 45.9259375 0.0623330690787471 6.1527317244525e-05 93.16880035
17045043 45.941400462963 0.0603036712239604 6.28296987666239e-05 86.43286133
17045044 45.9488078703704 0.0617150447715878 4.41636713940543e-05 87.58265686
17045045 45.9753819444445 0.0637488505602401 4.66725828375967e-05 85.24428558
17045046 46.000474537037 0.0642706322540635 5.43661233099699e-05 82.44449615
17046001 46.0189236111111 0.0652182912174697 5.01864457126021e-05 74.63542175
17046002 46.0408101851852 0.0659852163853864 5.13769542404508e-05 72.76602173
17046004 46.0649537037037 0.0668038691783714 5.37933290531146e-05 65.24161530
17046005 46.0869791666667 0.0679408529909067 6.45507634063883e-05 61.57489777
17046006 46.1036342592593 0.0678374931300573 0.000175394737164489 59.36244583
17046007 46.1065046296296 0.0687725880549718 9.88199181252252e-05 58.42082977
17046008 46.1163194444444 0.069646982675608 9.34235789799199e-05 59.27182388
17046009 46.1992939814815 0.0882752730575168 6.04107490277777e-05 110.60881042
17046010 46.2203125 0.0770504267390084 5.43184472273661e-05 109.83364868
17046011 46.2420023148148 0.0716774101503495 5.13650342882116e-05 115.27072906
17046012 46.2635185185185 0.0693766502327154 4.97759806718623e-05 107.44966125
17046013 46.2856944444444 0.0684462567722428 5.05573080393383e-05 93.08496094
17046014 46.3077662037037 0.0681848098991676 5.00418975957277e-05 77.72342682
17046015 46.3313541666667 0.0696555474646576 4.81278284212481e-05 73.32540894
17046016 46.3589699074074 0.0707851154774264 7.58467968527152e-05 68.69653320
17046017 46.3720601851852 0.0715407051988309 8.27226567430711e-05 63.07172012
17046022 46.523587962963 0.0819383291939177 5.2249176206633e-05 121.55467987
17046023 46.5552777777778 0.0639438353112364 5.26036756709696e-05 95.75351715
17046029 46.6625 0.07185099248268 4.88645071041236e-05 1154.09655762
17046030 46.6885416666667 0.063882428326812 4.30480844708226e-05 988.78308105
17046031 46.7132060185185 0.0663261695913624 4.66650686387458e-05 887.99334717
17046032 46.737349537037 0.0669591802204953 4.35961991700791e-05 915.53265381
17046033 46.7631597222222 0.0681136574656092 4.74985238012038e-05 853.56127930
17046034 46.7874189814815 0.0694126169023229 4.82478005114929e-05 809.25592041
17046035 46.8186574074074 0.0696694393458943 7.82482199663114e-05 733.05926514
17046036 46.8311111111111 0.0703300072149467 7.09951998306032e-05 710.51861572
17046037 46.8453356481482 0.070825678698851 5.27596127275097e-05 697.34356689
17046039 46.8691550925926 0.0724097648993261 5.88834670682589e-05 634.39508057
17046040 46.8904861111111 0.073643695301115 0.000105056830107539 579.78997803
17046043 46.9390740740741 0.0939997565241681 8.99298105264438e-05 1325.34338379
17046044 46.9452430555556 0.0858413316283846 9.9830588591935e-05 1279.81250000
17046045 46.955462962963 0.0773568513199417 9.76708321632282e-05 1171.51904297
17046046 46.9658680555556 0.0701815694902636 7.5685624731417e-05 1057.46057129
17046047 46.9772106481481 0.062620265270504 4.2603830615945e-05 993.40643311
17047001 47.0049074074074 0.060821049910012 5.44458849264808e-05 847.34069824
17047002 47.0198611111111 0.0645662186250745 4.77725302904468e-05 857.77270508
17047003 47.041412037037 0.0682363637460752 9.82164701912877e-05 890.64276123
17047004 47.0479398148148 0.0688155031565125 5.09824845066201e-05 844.82409668
17047005 47.0694328703704 0.0706136780014924 8.74732511730643e-05 762.78369141
17047010 47.0865509259259 0.071325128607258 8.9276829820434e-05 718.45306396
17047011 47.0948263888889 0.0712943364067992 5.44010722458483e-05 698.57440186
17047012 47.1168402777778 0.0736155150368599 5.68892725064379e-05 631.83050537
17047013 47.1384490740741 0.074207343572352 8.18535781345066e-05 576.42602539
17047014 47.1499537037037 0.0752285031008346 5.99228509440139e-05 563.56616211
17047015 47.1716435185185 0.0757770112512992 6.14630061789041e-05 531.89471436
17047016 47.1929861111111 0.0766059053986534 0.000117581594748399 535.41094971
17047017 47.2021990740741 0.0766890530092435 6.26830717114539e-05 517.36303711
17047019 47.2625115740741 0.0811392448751994 5.71284660008315e-05 1239.42346191
17047020 47.2841087962963 0.066584824804281 4.72965959117668e-05 1012.60485840
17047021 47.3055787037037 0.0616543882631405 4.43273174491259e-05 845.06170654
17047022 47.3276967592593 0.0617494936804525 4.5525391334492e-05 824.29113770
17047023 47.350462962963 0.0649167077228493 8.08536044743213e-05 893.30285645
17047024 47.3611805555556 0.0657867270134494 0.000146499409172559 905.81091309
17047040 47.540775462963 0.0810063682339139 5.25247446904466e-05 1238.82849121
17047041 47.5655671296296 0.0651394638694119 4.57592382256111e-05 1001.27307129
17047042 47.5882407407407 0.0616336996745999 4.59233033798825e-05 863.22760010
17047043 47.6104398148148 0.0640511449386373 5.24491069966606e-05 811.54656982
17047044 47.643587962963 0.0685014736201813 5.50058550865281e-05 901.18383789
17047045 47.6612731481482 0.0693834217185835 4.98231839069167e-05 893.36932373
17047046 47.6829976851852 0.0697169738318127 7.38021546663206e-05 835.91027832
17047047 47.6943518518518 0.0698619877911371 8.12540058417365e-05 783.09399414
17047048 47.7029282407407 0.0705172668824419 7.74086685825705e-05 790.21032715
17047049 47.7136226851852 0.0706449464770894 4.93856484819967e-05 749.55603027
17047050 47.7382407407407 0.0719038324179718 5.61602971371544e-05 693.04699707
17047051 47.7602777777778 0.0732263539515569 6.64049433911765e-05 671.23046875
17047052 47.7762847222222 0.0736458983812298 5.70184884705379e-05 629.72668457
17047053 47.7981597222222 0.0744748217562604 7.99001846743543e-05 593.06707764
17048001 48.0234837962963 0.0890197835446024 9.6187519195922e-05 1275.40771484
17048002 48.0361226851852 0.0823153772904769 5.92467037473704e-05 1184.11254883
17048003 48.0561342592593 0.0746483852522695 6.47840182315591e-05 1166.09631348
17048004 48.0779282407407 0.0674973359197826 4.9686101131817e-05 999.83972168
17048005 48.100162037037 0.0659833071548853 4.65970478496296e-05 934.50701904
17048006 48.1216550925926 0.0703562880671562 5.06738561767228e-05 970.28485107
17048007 48.1438773148148 0.0737887698331978 5.6061385702793e-05 984.29156494
17048008 48.1657291666667 0.0754608504797181 5.93986891057165e-05 851.61785889
17048009 48.1854976851852 0.076686123779585 5.47300720996998e-05 806.02490234
17048010 48.2074537037037 0.0789078274349893 5.87205045916564e-05 727.18255615
17048011 48.2297569444445 0.0808601464024953 6.22748956040733e-05 601.77618408
17048012 48.2512615740741 0.0828447694565904 6.34590050312797e-05 596.99432373
17048013 48.2729166666667 0.0843437594173735 6.54486849726764e-05 628.57733154
17048014 48.2944560185185 0.0859746127311504 7.16868471487343e-05 569.78930664
17049005 49.072650462963 0.052373094712607 0.000414090631131599 1379.18591309
17049007 49.0798958333333 0.0894617613361001 6.57322009821645e-05 1283.51928711
17049008 49.1007407407407 0.0856514593428483 0.000139313937862898 1114.94262695
17049013 49.1225925925926 0.0874958084843963 5.94103721914834e-05 1117.42407227
17049014 49.1448263888889 0.0875287775822831 6.64367862387242e-05 1040.57824707
17049015 49.2046759259259 0.0915185232008838 0.000321557275446302 1167.90710449
17049016 49.2065393518519 0.275974844024294 0.0040462235717632 1122.52001953
17049017 49.2287268518519 0.171720647001984 0.00318980320590867 1201.24218750
17049018 49.2511805555555 0.158455442251552 0.00311840700240964 1086.22302246
17049019 49.2728703703704 0.304739857040514 0.00438590516698527 838.63470459
17049020 49.294525462963 0.3007781815837 0.00449583908258119 784.31604004
17049021 49.3150694444444 0.256227659537174 0.00397146335909834 1031.78173828
17049022 49.3367708333333 0.0850521376962277 0.00253154967586672 1033.13110352
17049023 49.3564467592593 0.257408904962359 0.00414764668519311 952.99401855
17049024 49.3788078703704 0.345586299746153 0.00466693619060642 896.06317139
17049025 49.4004282407407 0.175021741819798 0.00383520483632534 859.33599854
17049026 49.4134953703704 0.0842197177261047 0.00282345386513134 815.21643066
17049027 49.4184375 0.352405083184714 0.00494585713584006 821.62213135
17049028 49.4400810185185 0.206945748519558 0.00491248549306056 707.91778564
17049029 49.4479976851852 0.0954988337026186 0.00123600168001714 446.49801636
17049044 49.5904166666667 0.100270833406523 3.86396552132568e-05 1445.74194336
17049045 49.6129166666667 0.0878308191590899 4.08045339250813e-05 1175.88220215
17049046 49.6347569444444 0.0818541607361876 4.64377554814647e-05 1003.05383301
17049047 49.656400462963 0.0830920582852781 4.84455885620776e-05 911.52429199
17049051 49.6853703703704 0.0836040369798472 5.55917551800979e-05 767.01403809
17049052 49.7057638888889 0.0835381310290752 6.07479651633548e-05 696.78747559
17049053 49.7253935185185 0.0797036411302612 0.000104033040778245 638.55615234
17049054 49.7339583333333 0.0796147739538801 5.93146179311962e-05 636.23803711
17049055 49.7528819444444 0.0779492287673681 5.3020351483428e-05 680.85455322
17049056 49.7750115740741 0.0781963232010224 5.1509600220294e-05 690.82275391
17049057 49.7983680555555 0.0780295987670046 5.13551387142718e-05 656.48468018
17049058 49.8233564814815 0.0776890472602611 8.89832726867846e-05 621.53662109
17049059 49.8349884259259 0.0785369681944294 6.13221663467004e-05 596.41033936
17049060 49.8542824074074 0.0786805836492783 6.15323250561499e-05 568.01348877
17049061 49.8736111111111 0.0742719758898997 6.43798210629568e-05 509.73263550
17049066 49.9548958333333 0.0827421667400866 4.74500343952584e-05 994.25329590
17049067 49.9766782407407 0.07491533782223 4.54817336192192e-05 866.04241943
17049068 49.9982407407407 0.0711230802673541 4.62046329892789e-05 775.79064941
17050001 50.0193055555556 0.0662306340696809 4.31222438024825e-05 758.97418213
17050002 50.0408680555556 0.0672816221393114 4.30100528239804e-05 731.99468994
17050003 50.0628125 0.0708215026500365 4.44962225570995e-05 762.00164795
17050004 50.0844675925926 0.0759996478937013 4.73681796309509e-05 800.50720215
17050005 50.1058449074074 0.077635180922823 4.87089978094078e-05 763.19555664
17050006 50.1281365740741 0.0791231695905393 5.24800831373835e-05 730.32348633
17050007 50.1500115740741 0.0798090646102946 5.50817667638293e-05 674.46502686
17050008 50.1716782407407 0.0809852392156033 5.71056919493575e-05 631.61828613
17050009 50.1931712962963 0.0827878547035327 6.02024714348412e-05 599.75561523
17050010 50.2144560185185 0.083473688941069 6.72430105017966e-05 572.00024414
17050013 50.3762962962963 0.07298683987784 5.87464076211298e-05 839.24127197
17050014 50.3921412037037 0.0679953371183567 4.2815586828971e-05 785.29748535
17050015 50.4137268518519 0.0661959347717494 4.36982561091942e-05 727.11389160
17050016 50.4350925925926 0.0691018770382747 4.41949520676408e-05 733.42028809
17050024 50.4684143518519 0.0765983602978706 4.59499453642878e-05 835.74194336
17050025 50.4912037037037 0.0775400051988393 4.88606699158229e-05 768.99230957
17050026 50.5137268518518 0.0798089719309259 5.40476897888033e-05 698.58435059
17050027 50.5358796296296 0.0809766737583437 5.72949950547409e-05 656.50024414
17050028 50.5573842592593 0.0819553277683502 6.3108151167843e-05 596.14074707
17050030 50.6653240740741 0.0871480291858971 4.49270127832207e-05 1159.82250977
17050031 50.6854861111111 0.0718628137563035 3.96417418149072e-05 892.93402100
17050032 50.7128935185185 0.063139049714245 3.83678826645212e-05 737.95428467
17050033 50.7408449074074 0.0613946633843678 9.02854063321492e-05 669.77984619
17050034 50.7475115740741 0.0616836396513059 3.8658850277294e-05 675.51550293
17050035 50.776087962963 0.0627997686216777 3.78572069582079e-05 620.38018799
17050036 50.8047569444444 0.0639773241626532 0.000125790485935757 710.12139893
17050037 50.8115162037037 0.066144822489066 3.87602415947685e-05 705.27429199
17050038 50.8393981481481 0.0686580363163117 4.0467422584749e-05 738.92272949
17050039 50.8657291666667 0.0722897465856361 4.00198608552324e-05 782.12854004
17050040 50.8940046296296 0.0736211710149024 4.48292604402367e-05 775.37585449
17050041 50.9195486111111 0.0750617074603456 3.89307589257933e-05 718.12683105
17050047 50.9912731481481 0.0937155680449962 8.45543606813532e-05 1086.08093262
17050048 50.9986226851852 0.0822276647297552 5.0281422775034e-05 932.95751953
17051001 51.0190972222222 0.0719872459340418 4.50730371472951e-05 866.82977295
17051002 51.0404861111111 0.0649257065017837 4.24802089218847e-05 709.16711426
17051003 51.0632175925926 0.0628128497452414 4.23001889071391e-05 709.63537598
17051004 51.0845949074074 0.0626487856307272 4.30684222380449e-05 707.33569336
17051005 51.1066782407407 0.064545408118109 4.18091848896252e-05 715.01660156
17051006 51.1290856481481 0.0659752382580178 4.40881132457842e-05 696.75109863
17051007 51.1505324074074 0.0678903704874412 4.40627315392354e-05 699.15789795
17051008 51.1729166666667 0.0698684040262261 0.000115575312350089 743.72735596
17051011 51.1801388888889 0.0713974307610101 7.41248767056048e-05 762.39941406
17051012 51.1909837962963 0.0722763631810643 9.87437774354826e-05 780.21557617
17051013 51.3514930555556 0.0847213187518076 4.60446587764094e-05 1118.32360840
17051014 51.3707986111111 0.0713508386571301 4.4138312753403e-05 844.63385010
17051015 51.3926851851852 0.0647494196189596 4.3622562614334e-05 747.89489746
17051016 51.4145138888889 0.0633670068115919 4.23664264171172e-05 750.19433594
17051017 51.4361342592593 0.063450034135668 4.15137832083911e-05 730.94201660
17051018 51.457974537037 0.0644864625060201 4.07054929170535e-05 724.69085693
17051019 51.4819328703704 0.0662492567495691 4.35223431157873e-05 734.61328125
17051020 51.5037731481481 0.0692570169341657 4.31918273635234e-05 773.91052246
17051021 51.5267939814815 0.0711637418077189 4.55683360844249e-05 776.29858398
17051022 51.5485763888889 0.0728785624245524 6.1470216090722e-05 793.12426758
17051023 51.5630324074074 0.073197908912407 7.00735717692311e-05 765.48785400
17051024 51.574537037037 0.0738586425492361 4.82095454642547e-05 745.17584229
17051025 51.5972453703704 0.0744468885717681 5.00318087169611e-05 692.04956055
17051026 51.6189236111111 0.0776332326955175 5.4338886305076e-05 679.12506104
17051031 51.6710185185185 0.083941817032067 4.39290486144857e-05 1144.54516602
17051032 51.6913425925926 0.0739968285130381 9.16371021427016e-05 828.15667725
17051033 51.6987268518519 0.0676625738467946 4.09951562169722e-05 811.46807861
17051034 51.7230671296296 0.0632823066186673 4.09968088499063e-05 688.02160645
17051035 51.7477777777778 0.0648515819147363 4.01885775192304e-05 727.10198975
17051036 51.7728472222222 0.064143867960591 4.12264305134626e-05 707.55340576
17051037 51.8000810185185 0.0655798342134176 4.35845178794474e-05 722.94580078
17051038 51.8223726851852 0.0670641285576843 4.15119385235218e-05 708.02655029
17051039 51.8476967592593 0.0689884882594764 0.000106369079476397 740.14190674
17051040 51.8571527777778 0.0689202212213215 0.000208122605583072 767.34161377
17051041 51.8604398148148 0.0704814749530559 7.30583488442547e-05 749.58068848
17051042 51.8697800925926 0.070816430535475 0.000211291264152405 796.67968750
17051043 51.8719675925926 0.0724822686611097 6.38194578622959e-05 783.97479248
17051044 51.8809375 0.073410528236989 6.21379905510551e-05 786.58135986
17051045 51.8935069444444 0.0742492701341518 5.07299062424894e-05 765.95617676
17051046 51.9135185185185 0.0752441939312146 4.89348813244106e-05 727.26971436
17051048 51.9542361111111 0.0769641829013833 5.91944058367362e-05 669.38385010
17051049 51.9665972222222 0.0781001313863111 6.1315751489545e-05 648.86932373
17051050 51.9842361111111 0.0784388315616821 6.75890912869612e-05 622.08728027
17052003 52.0331134259259 0.0924100362428639 9.28400688716228e-05 1173.94567871
17052004 52.0404398148148 0.0779635786651685 4.6940457205406e-05 984.86645508
17052005 52.0614236111111 0.0695093983528115 4.41296567471388e-05 820.41400146
17052006 52.0830787037037 0.0659697876466972 4.38110960794505e-05 727.00115967
17052007 52.1047800925926 0.0659735367342671 4.3613478689292e-05 709.78149414
17052008 52.12625 0.0661512581405127 4.11468610762218e-05 747.00634766
17052009 52.151412037037 0.0662018424430468 9.08716958418445e-05 733.19305420
17052010 52.1578240740741 0.0676007997307259 4.47255334029771e-05 733.18786621
17052011 52.1794907407407 0.0697448848815378 4.46829966567659e-05 741.80010986
17052012 52.2011342592593 0.0726856662369929 4.67696249788779e-05 765.72875977
17052013 52.2225694444444 0.0735608928080878 4.68612767960056e-05 801.48779297
17052014 52.244212962963 0.074742049202109 4.9428985478937e-05 741.47857666
17052015 52.2657060185185 0.0727029478948977 4.98793399679478e-05 696.80694580
17052016 52.2875810185185 0.0756043225118861 5.17303337295634e-05 644.37927246
17052017 52.3098032407407 0.076671707171128 5.5999610649704e-05 630.67138672
17052018 52.3304976851852 0.0773659266132908 5.554699361353e-05 595.55279541
17052019 52.3523726851852 0.0782448013274559 0.000202646026710377 579.72143555
17052026 52.3861342592593 0.0868703093512154 4.50824055405274e-05 1201.03723145
17052030 52.4134027777778 0.0702003727851995 4.42705822862999e-05 827.00158691
17052051 52.6036921296296 0.0808626274121449 4.64394697165413e-05 1066.32006836
17052052 52.6254861111111 0.0704729055884582 0.000127502363691123 806.61151123
17052053 52.6330439814815 0.0665156555412426 4.57715543833375e-05 799.07501221
17052054 52.6563425925926 0.0618982330138406 4.44873236034227e-05 660.13385010
17052055 52.6786111111111 0.0614413856850402 3.93013777952842e-05 673.05059814
17052056 52.7041666666667 0.062433629206579 4.05871335093906e-05 680.30737305
17052057 52.7280324074074 0.0642081020412162 4.30890086954942e-05 703.44927979
17052058 52.749837962963 0.0669364384193954 4.07623534204197e-05 703.22131348
17052059 52.7752662037037 0.0694399015119497 4.24319333342568e-05 727.01531982
17052060 52.8001041666667 0.0739754396033138 4.30908236154026e-05 809.57470703
17052061 52.826087962963 0.0752330620119934 4.81763685260742e-05 767.28436279
17052062 52.8497106481481 0.0780681170257353 4.9076906256983e-05 728.73577881
17052063 52.8745023148148 0.079977370853282 5.2440436103982e-05 685.13708496
17052064 52.8984027777778 0.0806459594732058 5.79566329269969e-05 645.86114502
17052065 52.9191550925926 0.0817096258217658 7.82860070673162e-05 614.78979492
17052067 52.9732060185185 0.0963442573883356 0.000100014779220552 1228.71630859
17052068 52.9788888888889 0.079577456278838 4.31218459018644e-05 1034.02648926
17053001 53.0051967592593 0.0699852444801712 5.63747066764587e-05 802.95880127
17053002 53.0190625 0.0664657132460689 7.23684405125832e-05 768.18090820
17053003 53.0296296296296 0.0641349513401624 5.70455028219091e-05 744.76409912
17053004 53.0453356481482 0.0622040924939403 4.22083522822654e-05 666.02929688
17053005 53.066875 0.0619745203886521 4.21693802284744e-05 702.24023438
17053006 53.0887384259259 0.0631410248861028 4.29079090076361e-05 687.18841553
17053007 53.1105092592593 0.0649591339749002 4.34834425036257e-05 719.29876709
17053008 53.1316898148148 0.0672382021654549 4.3434511891617e-05 718.55035400
17053009 53.1537268518519 0.0691401441340678 4.51121213764178e-05 752.36267090
17053010 53.1753819444444 0.0715996558982454 4.50286813069912e-05 768.34686279
17053011 53.1975694444444 0.0749180903467799 4.71053705375219e-05 791.54669189
17053012 53.2192476851852 0.0758687852201828 4.94063672478168e-05 770.52282715
17053013 53.2405902777778 0.0772904149303492 5.16431536652665e-05 722.34094238
17053014 53.2619444444444 0.0783205735346561 5.50533016292965e-05 686.74053955
17053016 53.2940162037037 0.0791154748102577 0.000138639529476409 631.31976318
17053020 53.3373842592593 0.0903554733096411 0.000150238797052855 1037.82238770
17053022 53.3412731481482 0.0825597349700113 8.1394262186113e-05 984.20642090
17053023 53.3494444444444 0.0741509686022337 4.52863753972996e-05 881.38146973
17053024 53.3716203703704 0.0670303875374814 4.26803113582101e-05 718.88391113
17053025 53.3938888888889 0.06420113304697 4.28719230785903e-05 707.76782227
17053026 53.4157175925926 0.0647415030828042 4.24723353709438e-05 734.11975098
17053027 53.4378009259259 0.0672039176903103 4.44859834443687e-05 739.34332275
17053030 53.4626041666667 0.0690110256562729 5.61957118700109e-05 732.78240967
17053031 53.4828240740741 0.0731934901460264 9.94544999364103e-05 813.54302979
17053032 53.4872569444444 0.0742736112272973 4.74875888890948e-05 792.04858398
17053033 53.5084606481481 0.0762770536793749 4.81861231688659e-05 808.98345947
17053034 53.5299884259259 0.0772923902513071 4.98586197260757e-05 789.34796143
17053035 53.5515625 0.0799153862085775 5.06019783166561e-05 774.22583008
17053036 53.5754166666667 0.0826372686294846 5.61183208361085e-05 707.31884766
17053037 53.5970486111111 0.0852363971717111 5.8017693088932e-05 667.40075684
17053038 53.618912037037 0.0875977450933131 5.82099181400925e-05 645.23089600
17053039 53.6422569444444 0.0888356610879316 6.8225179837177e-05 615.92309570
17053041 53.7421875 0.0861995329622179 0.000100266257367521 949.14556885
17053042 53.748275462963 0.0743081985928806 4.04764614290293e-05 1077.23193359
17053043 53.777037037037 0.0639114960846318 4.08377913604867e-05 766.82031250
17053044 53.8015625 0.0611526277927997 4.15421494495388e-05 548.09790039
17053045 53.82625 0.0621933606902039 0.000122150865166435 573.24914551
17054006 54.1313310185185 0.0826947458198517 4.33936455417202e-05 990.71490479
17054007 54.1531365740741 0.0707863149298754 4.62095583786112e-05 769.65435791
17054008 54.174849537037 0.0650922628940547 4.5482974197975e-05 714.19738770
17054009 54.196412037037 0.0631444483554293 4.29288551336157e-05 704.56011963
17054010 54.2180902777778 0.062953915787961 4.34602837863447e-05 676.83666992
17054011 54.2399652777778 0.0611692332789167 4.36905068385219e-05 657.21868896
17054012 54.2616319444444 0.064822909348205 4.38239263310541e-05 586.94305420
17054013 54.2834259259259 0.0668920843230562 4.51518471242911e-05 740.09234619
17054014 54.3039236111111 0.0685553590141435 4.55784300491698e-05 627.14575195
17054015 54.3267476851852 0.0703656726084688 4.56377411897353e-05 689.96710205
17054016 54.3504976851852 0.0719342324694768 0.000176880171909337 763.69262695
17054017 54.3534837962963 0.0700019835589926 0.000677499202962029 761.68884277
17054020 54.3596412037037 0.0716103131914183 0.000197948055184144 745.03796387
17054021 54.3630555555556 0.0720350470522469 7.98242614453236e-05 750.37634277
17054022 54.3713310185185 0.0726418549369404 5.09893936154508e-05 721.42364502
17054023 54.3912615740741 0.0731421688515413 4.93437497277878e-05 684.26928711
17054026 54.4193171296296 0.0741120137717066 5.17157836023685e-05 678.32666016
17054027 54.4415046296296 0.0743769519382475 0.000136225099541006 644.72613525
17054028 54.4465856481482 0.074026469772638 6.15080514712665e-05 632.64855957
17054040 54.6328935185185 0.0919299287627643 4.48928904794201e-05 1116.89953613
17054041 54.6544675925926 0.0790798985427452 4.97257532093845e-05 926.48754883
17054043 54.6767361111111 0.0715451038239985 4.31999481280985e-05 767.55603027
17054044 54.7010185185185 0.0682817458038315 3.91684302854707e-05 723.00793457
17054045 54.7300231481481 0.0674907649170191 4.54565074230254e-05 694.16522217
17054046 54.7519097222222 0.0690461631882049 4.39932917334458e-05 703.39709473
17054047 54.7756481481482 0.0711047174705704 4.02902067663462e-05 720.73754883
17054048 54.8053819444444 0.0719074972795277 4.8780728000788e-05 673.56457520
17054049 54.827337962963 0.0747908183579955 4.59090615427991e-05 755.50506592
17054050 54.851724537037 0.0708851239166105 4.52446170890576e-05 660.62469482
17054051 54.8766782407407 0.0746730311499626 4.16617733665538e-05 654.85302734
17054052 54.9096180555556 0.0783385234618499 5.82213133741874e-05 632.02490234
17054053 54.9285763888889 0.0792685553126679 5.47763691554839e-05 600.64251709
17054054 54.9519097222222 0.080127202064416 0.000102371070122637 564.65002441
17055001 55.0317592592593 0.0983580178276626 6.22104704219155e-05 1119.12548828
17055002 55.0421759259259 0.0847753471962979 4.94899542383001e-05 970.18231201
17055003 55.0634259259259 0.0737749102164899 4.70847003641996e-05 806.56884766
17055004 55.0851388888889 0.0689698356785819 4.61307693284733e-05 723.10815430
17055005 55.1068055555556 0.0663279275538692 4.44316678298442e-05 689.65826416
17055006 55.1285069444444 0.0662917220868699 4.43827220837273e-05 673.88989258
17055007 55.1503587962963 0.0674096222040798 4.47841471350498e-05 677.63330078
17055008 55.1724189814815 0.0699150900258258 4.42427511677735e-05 703.79821777
17055009 55.197349537037 0.0714473508649044 4.7074123009518e-05 717.50585938
17055010 55.2189814814815 0.0750195416788536 4.90349053100584e-05 747.02001953
17055011 55.2406712962963 0.0748793346006976 4.958496709068e-05 739.68218994
17055012 55.2623032407407 0.0761952090398099 5.15748597741175e-05 702.49328613
17055013 55.2840393518518 0.0770555130421592 5.24796302053768e-05 654.09783936
17055014 55.3057986111111 0.0779683019630866 7.44771433427583e-05 623.30816650
17055015 55.3179861111111 0.0789303201606082 7.40795811547271e-05 608.57318115
17055033 55.9594444444445 0.071196512186757 4.56065454562086e-05 800.74633789
17055034 55.9834027777778 0.0658494764548313 6.66561288619491e-05 690.59106445
17055035 55.9941319444444 0.0630642772055715 5.53538278305858e-05 671.93084717
17056007 56.0231365740741 0.060512122592414 5.93423698358646e-05 635.95422363
17056019 56.269837962963 0.0732407809549793 4.74508039855737e-05 812.28521729
17056020 56.2926273148148 0.066216450246887 4.55026134607211e-05 715.65344238
17056022 56.3162037037037 0.0627096573104557 4.19914642827445e-05 655.29412842
17056023 56.3395023148148 0.062414918260825 4.33040281301184e-05 628.91796875
17056024 56.3624652777778 0.0613748692442755 4.21215519178347e-05 637.47393799
17056025 56.3871412037037 0.0610116018641863 5.34847965829932e-05 562.23236084
17056026 56.4024768518519 0.0617812530156279 4.48358067465144e-05 532.36614990
17056027 56.4250925925926 0.0624186139477135 5.08139196629095e-05 506.14779663
17056028 56.4436111111111 0.0635277212509433 0.000173714670562455 502.93060303
17056036 56.4834143518518 0.0675598519962032 7.58381784452634e-05 528.51013184
17056050 56.9624768518518 0.0753253809581142 4.7103121932295e-05 862.37811279
17056051 56.9798263888889 0.0672770196146266 4.56649144133545e-05 737.50561523
17057001 57.0025231481481 0.0622815688841843 5.34177604103981e-05 646.98162842
17057002 57.0191550925926 0.0603695680192436 4.49262057283778e-05 646.04992676
17057003 57.0409953703704 0.0607526754604243 0.000283527506668195 634.23815918
17057006 57.0462731481481 0.0596843793119791 0.000561303946260191 625.19390869
17057010 57.0562731481482 0.0607136160759655 4.39029529343591e-05 623.90118408
17057011 57.0777777777778 0.0617492035025112 4.43408371961216e-05 628.50732422
17057012 57.0994328703704 0.0629931096859755 6.31470672937956e-05 628.33221436
17057044 57.468587962963 0.0805387226825337 7.85044682914411e-05 1284.95092773
17057045 57.4803935185185 0.0777613758760268 8.53303787411034e-05 1245.30847168
17057046 57.4847916666667 0.071977095803489 0.000131797276903259 1111.66186523
17057048 57.4888541666667 0.0617159545886585 4.49647791268804e-05 662.27264404
17057051 57.5183680555556 0.0599286185039406 6.50355058176502e-05 612.56378174
17057054 57.5327314814815 0.0606270958811575 4.23228390099342e-05 610.93048096
17057055 57.5554050925926 0.0633767161832007 4.50161695993035e-05 601.56396484
17057056 57.5769560185185 0.065048842857547 0.000102399897986405 628.80297852
