17058002 58.0438078703704 0.182132762012755 7.64178612076632e-05 2100.84545898
17058003 58.0645717592593 0.160090184389687 9.69631257940342e-05 1756.98681641
17058004 58.0785532407407 0.150403247373325 0.000137182104805205 1620.72363281
17058005 58.085462962963 0.142400384028212 6.54181648126206e-05 1508.02075195
17058006 58.1072800925926 0.137992883309698 6.59442518427294e-05 1488.98059082
17058007 58.1290625 0.136942661549775 8.05921073914361e-05 1443.59167480
17058008 58.1456018518519 0.136974730816183 7.33259997318982e-05 1463.91479492
17058009 58.1628356481482 0.14150226797248 6.78457064606239e-05 1467.64306641
17058010 58.184375 0.14324388488921 6.76667897639109e-05 1470.69519043
17058011 58.2054861111111 0.144440666571553 6.77863683618296e-05 1425.33435059
17058012 58.2270601851852 0.14134447533421 7.47787896131598e-05 1367.50134277
17058013 58.2487731481482 0.142704106160762 7.1381617436941e-05 1278.68469238
17058014 58.2704513888889 0.143090179070848 6.86072972728121e-05 1232.86853027
17058015 58.2919328703704 0.143455589673701 0.000241380730457881 1163.63476562
17058025 58.4066666666667 0.121990845460066 5.79446125729344e-05 1293.24902344
17058026 58.4284606481482 0.116471568092341 5.73854857620861e-05 1257.11218262
17058028 58.4518402777778 0.118924914094206 5.81292919906189e-05 1212.29748535
17058032 58.4755439814815 0.124183707437847 6.02070341782201e-05 1320.67724609
17058033 58.4971412037037 0.122352758329406 6.09412580504979e-05 1339.29748535
17058034 58.5179282407407 0.132634561105187 6.25378746030295e-05 1143.16479492
17058035 58.5394675925926 0.141112602823282 6.50239475123103e-05 1439.52893066
17058036 58.5611458333333 0.145733410483312 6.59274012749067e-05 1483.12854004
17058037 58.5828240740741 0.148548865175142 6.58850180409589e-05 1331.20800781
17058038 58.6070717592593 0.153015300441233 7.3206961302137e-05 1268.81982422
17058039 58.6276851851852 0.15515769005429 7.74728701396811e-05 1266.03259277
17058041 58.7604976851852 0.151324338222625 6.47567835490717e-05 1596.71716309
17058042 58.7769675925926 0.134271706190058 5.95061935169736e-05 1471.68725586
17058043 58.8002083333333 0.121563898643157 5.82631533380131e-05 1340.36706543
17058044 58.8217592592593 0.116887376374636 9.07449347408657e-05 1243.50830078
17058045 58.8322222222222 0.11436754514666 5.69991425908553e-05 1223.02270508
17058046 58.8540046296296 0.114217845932446 5.24305153920634e-05 1195.53198242
17058047 58.8787152777778 0.115915788382577 5.63958202216598e-05 1232.12792969
17058048 58.9010069444444 0.119179818312309 0.000341314740312182 1263.38696289
17058049 58.9069675925926 0.121637958899726 7.02940441245515e-05 1256.68371582
17058050 58.9266319444444 0.124628163941743 0.000168002002135856 1320.12841797
17058051 58.9341550925926 0.127059235986607 0.000148574951309921 1333.61145020
17058052 58.9413773148148 0.130827602767117 6.07128914473195e-05 1394.86730957
17058053 58.9639467592593 0.133639926669459 6.12722220103054e-05 1374.68505859
17058054 58.9860648148148 0.143925244427368 6.40722419350559e-05 1484.66613770
17059001 59.007974537037 0.145683579824476 6.69635726301229e-05 1414.60900879
17059002 59.0302893518518 0.146707599060832 8.99699863805692e-05 1327.50305176
17059003 59.0502546296296 0.148291105290306 6.92202907861516e-05 1273.37707520
17059004 59.0720949074074 0.149867140679255 0.000102296992060387 1226.08532715
17059006 59.1431712962963 0.131970466891666 6.24365781208766e-05 1244.83789062
17059007 59.1649305555556 0.121143626106595 6.14315079954921e-05 1341.88476562
17059008 59.1849652777778 0.113383839686867 5.58685628011373e-05 1216.79345703
17059009 59.2064467592593 0.108945090719624 5.45403535114208e-05 1176.12072754
17059010 59.2278935185185 0.108506016064545 5.55504121276666e-05 1101.80603027
17059011 59.2491203703704 0.11042219643969 5.59484776867322e-05 1160.74304199
17059012 59.2703819444444 0.114614568031989 5.70343796153973e-05 1175.69641113
17059013 59.2918865740741 0.118178791939562 5.46614604861441e-05 1222.62487793
17059014 59.3151041666667 0.119794833452292 9.94350592732861e-05 1271.07421875
17059015 59.3231597222222 0.122621659764998 0.000359881869377687 1257.07299805
17059017 59.3266898148148 0.123633585999382 5.94472152118968e-05 1244.85046387
17059018 59.3485300925926 0.130072730714173 5.91476176443108e-05 1320.82507324
17059019 59.3712152777778 0.132909115226905 6.2133718577018e-05 1365.63000488
17059021 59.3939930555556 0.130162917225441 0.000136635399925559 1416.86206055
17059026 59.626087962963 0.140414837255889 5.70229375689615e-05 1490.87963867
17059027 59.6454050925926 0.133878467856766 0.000213428047700675 1425.09606934
17059028 59.6490625 0.126742660357863 5.8473511632148e-05 1400.31616211
17059030 59.6740856481482 0.115544669704661 4.97642013332368e-05 1263.42382812
17059031 59.7025 0.113006215136485 4.95774986891349e-05 1198.49609375
17059032 59.7309606481481 0.114274690401018 5.69715726040007e-05 1186.23596191
17059033 59.7531018518518 0.115944101337025 5.92013011228346e-05 1231.16809082
17059034 59.7732523148148 0.119650568854071 5.62675778696671e-05 1227.03710938
17059035 59.7960300925926 0.125286890300911 6.00579578702757e-05 1276.88427734
17059036 59.8175578703704 0.129196734507735 6.09567086381165e-05 1352.08044434
17059037 59.8395601851852 0.137043320876781 6.31955733264483e-05 1395.91186523
17059038 59.8610532407407 0.144205539903826 6.58204333518224e-05 1437.05261230
17059039 59.8829976851852 0.145627515299924 6.6494488400099e-05 1446.28906250
17059040 59.905 0.146004328178536 8.38622774959254e-05 1376.67553711
17059041 59.9195138888889 0.146115515136696 7.04554327341585e-05 1314.15441895
17059042 59.9401388888889 0.148637193610182 7.95659459040801e-05 1287.03955078
17060006 60.2047337962963 0.158485308395007 6.10702007635886e-05 1731.28002930
17060007 60.2255555555556 0.149701413684501 6.50599259882866e-05 1623.70971680
17060008 60.2471875 0.132393898078584 6.10258544574662e-05 1485.99133301
17060009 60.269375 0.122211414285074 6.05419955348418e-05 1313.89733887
17060010 60.2904166666667 0.115224997642889 5.81400712969317e-05 1259.54125977
17060011 60.3116898148148 0.116605928302721 5.78316121755169e-05 1243.47265625
17060012 60.3331365740741 0.114836259987498 5.35722447911001e-05 1230.56188965
17060013 60.3571296296296 0.11637692805677 0.000345652191356355 1221.81420898
17060014 60.3585416666667 0.11785142082559 5.97506587433216e-05 1219.47583008
17060015 60.3784722222222 0.12234113226047 5.94226443677878e-05 1263.21008301
17060017 60.4043865740741 0.127277379676708 6.03532009100947e-05 1305.30590820
17060018 60.4262847222222 0.133353019528222 6.28467926509876e-05 1358.02294922
17060019 60.4478009259259 0.137964683710927 7.69514148798444e-05 1419.62390137
17060020 60.4641087962963 0.13883429798037 6.5807375642658e-05 1373.93212891
17060021 60.4857291666667 0.141494974169244 7.27887596852049e-05 1320.14746094
17060022 60.5042476851852 0.142090232720645 6.78025587742687e-05 1213.27075195
17060023 60.5262152777778 0.142287391507959 0.000219025060577435 1190.72619629
17060034 60.5979976851852 0.129603118207229 6.02824932323821e-05 1523.01391602
17060035 60.6189236111111 0.118114940651637 5.9326996804339e-05 1315.73303223
17060036 60.6404976851852 0.112526954188958 5.67318608402951e-05 1198.53063965
17060037 60.6627546296296 0.113972427426507 0.000110001887060941 1151.39233398
17060038 60.7720949074074 0.146751897444133 6.70372406585522e-05 1849.45739746
17060039 60.7914814814815 0.124757598486105 6.01095682697386e-05 1384.72717285
17060040 60.8135648148148 0.11301188134985 5.58303331198014e-05 1102.59985352
17060041 60.835474537037 0.109498307158829 5.62959507187352e-05 1133.11291504
17060042 60.8571759259259 0.108684098127491 5.44543111664724e-05 1004.10656738
17060043 60.8791203703704 0.107469188427161 5.52038564859945e-05 1068.05139160
17060044 60.901087962963 0.11759696889503 6.40355216851402e-05 1208.15344238
17060045 60.9190277777778 0.121857826212412 5.81609202068308e-05 1193.68029785
17060046 60.9419560185185 0.128177425488768 5.9723261407328e-05 1317.87426758
17060047 60.9649537037037 0.13296640147223 6.33810184879224e-05 1370.96179199
17060048 60.9867939814815 0.131194469877722 0.000427359330309051 1320.65307617
17060049 60.9894675925926 0.133683861822082 6.36290068912724e-05 1353.00610352
17061001 61.0105324074074 0.134853017514425 6.49216641420961e-05 1273.83728027
17061002 61.0321296296296 0.136556804971854 5.55559945031498e-05 1226.94506836
17061003 61.1767476851852 0.132434343761429 6.38664178547172e-05 1559.06372070
17061004 61.1998032407407 0.116290749785876 5.61386522749162e-05 1273.23437500
17061005 61.2214467592593 0.107423625288778 5.50573678945415e-05 1154.63098145
17061006 61.2430092592593 0.104450932540242 5.3379141736997e-05 1082.36975098
17061007 61.2644907407407 0.102992216304337 5.36740684270026e-05 1101.93774414
17061008 61.2859375 0.09677513111173 5.59475844325217e-05 852.81396484
17061009 61.3072569444444 0.0897440363403745 6.04112097799698e-05 674.81018066
17061010 61.3263078703704 0.111001161942205 6.00581638017314e-05 541.98498535
17061011 61.3484606481482 0.122525210913415 0.000116553584782416 1285.98486328
17061012 61.3545023148148 0.125385498448494 5.97968600066536e-05 1355.30407715
17061013 61.3763888888889 0.129351180053518 6.09970532714696e-05 1220.58410645
17061014 61.3992361111111 0.137711993412552 6.27629600081815e-05 1415.77685547
17061015 61.4213773148148 0.140056263008987 9.54036452279832e-05 1348.56005859
17061016 61.4320023148148 0.140391276578589 0.000102936626145828 1319.24084473
17061017 61.4428356481482 0.140057854363233 0.000179155509569846 1290.95739746
17061026 61.5925231481482 0.13398965781373 8.51760261093856e-05 2066.58764648
17061027 61.6041319444444 0.125138946189908 8.96797314004412e-05 1334.88171387
17061028 61.6159606481482 0.120074002614439 9.90767959123473e-05 1314.26232910
17061030 61.6265972222222 0.1143212586128 8.30614509147349e-05 1222.81286621
17061031 61.6354166666667 0.11089135455038 0.00011422919490205 1191.91052246
17061032 61.6398148148148 0.107981057605326 5.44284317443784e-05 1176.60070801
17061033 61.6619097222222 0.10513275556162 5.3423240769946e-05 1124.04492188
17061034 61.6843287037037 0.107774722791373 5.48104440382286e-05 1141.08972168
17061035 61.7069907407407 0.106364663091958 5.50662152240571e-05 1167.97058105
17061036 61.7287731481482 0.112351183415825 5.73572398088335e-05 1118.50451660
17061037 61.7504976851852 0.116897591148293 7.93754079889536e-05 1167.96862793
17061038 61.7623611111111 0.121952722138187 6.00354441448526e-05 1255.44885254
17061039 61.7840625 0.128790453712065 6.24909124124898e-05 1307.88427734
17061040 61.8058101851852 0.130844455057651 6.33532412297808e-05 1359.88500977
17061041 61.8274421296296 0.130672855362718 6.34702923767042e-05 1294.60241699
17061042 61.8496759259259 0.131292205874059 6.45372415393975e-05 1157.03356934
17061043 61.8711226851852 0.132337749337182 6.52111478800408e-05 1109.67382812
17061044 61.8942939814815 0.131166280932619 6.48493840220412e-05 1052.70935059
17062047 62.8683449074074 0.193872170059469 0.000128833698855512 2320.26855469
17062048 62.875462962963 0.162250928871649 6.86285759448718e-05 2137.45190430
17062049 62.8974074074074 0.145151171302607 0.00013322400787014 1573.15087891
17062050 62.9059027777778 0.132833446537438 6.29458176899237e-05 1478.70104980
17062051 62.9279166666667 0.124570494895648 6.59346060461026e-05 1348.01892090
17062052 62.9453935185185 0.122544759894915 6.52936438259555e-05 1312.38073730
17062053 62.9633217592593 0.120417983665915 5.77882531018432e-05 1271.68688965
17062054 62.9861342592593 0.124692824543421 5.04678897741262e-05 1149.78820801
17063001 63.0177430555556 0.12976153562394 6.3330847079561e-05 1381.53906250
17063002 63.0393981481481 0.134311329699484 6.17249183946387e-05 1399.25537109
17063003 63.0614236111111 0.138617332274794 6.43246028170198e-05 1418.32031250
17063004 63.0829861111111 0.141056895732612 6.59334822554835e-05 1426.27502441
17063005 63.1046527777778 0.141959316969227 6.73787729861639e-05 1357.77819824
17063006 63.1265046296296 0.143330665544032 6.63409781180529e-05 1281.52355957
17063007 63.1493981481482 0.14585408503441 6.60951219393482e-05 1211.43481445
17063008 63.1736805555556 0.14941953594145 6.63448546174922e-05 1156.86486816
17063009 63.2848958333333 0.164584284194524 0.000163463208166721 1907.39453125
17063010 63.2888194444444 0.146082419544713 6.29502504029846e-05 1656.91857910
17063011 63.3119560185185 0.128847282948182 6.06074590449243e-05 1498.53063965
17063012 63.3341782407407 0.11967665294506 7.95149535291753e-05 1281.49768066
17063034 63.8396180555556 0.152945091970235 0.000137568088227101 1850.58532715
17063035 63.8437731481482 0.144305037936923 0.000102099726935942 1728.44079590
17063036 63.852337962963 0.134537838600875 9.75002072054333e-05 1422.97094727
17063037 63.8585069444444 0.128568654399136 0.00010259132817614 1366.91198730
17063038 63.8665393518519 0.122697836684222 7.60626547623177e-05 1307.59411621
17063039 63.8756134259259 0.119286316965552 0.000125837394689583 1258.50036621
17063040 63.8813194444445 0.116076506567519 8.42400488879176e-05 1243.99768066
17063041 63.8891203703704 0.114108139565636 0.000127750156363653 1216.65527344
17063042 63.8968865740741 0.111508639064968 0.000128433288363638 1195.90588379
17063043 63.9046643518518 0.110022891559974 0.000113728622650212 1210.59570312
17063044 63.9103935185185 0.109618605794589 7.15808735290145e-05 1154.92358398
17063045 63.9197222222222 0.108669998768458 5.39175628109934e-05 1115.72814941
17063046 63.9433564814815 0.110302907145551 8.27762916027843e-05 1158.28747559
17063047 63.9561226851852 0.112552673596421 5.55320369633865e-05 1116.79785156
17063048 63.9790509259259 0.117330276590924 5.64528743187019e-05 1202.25012207
17064001 64.0015162037037 0.121068584150905 6.87812442613475e-05 1271.92004395
17064002 64.0184606481481 0.125999007634879 6.04060014068803e-05 1304.46142578
17064003 64.0406597222222 0.130064551430208 5.79323642433461e-05 1349.13183594
17064004 64.064837962963 0.13491115138109 0.000146494777883645 1444.49475098
17064005 64.0710532407407 0.139154880761494 6.89335358038151e-05 1421.76855469
17064006 64.0921875 0.141639543556373 6.6624290850148e-05 1443.26171875
17064007 64.1174189814815 0.144545722816859 6.64404762301629e-05 1342.34912109
17064009 64.1434259259259 0.146793580008367 7.25310304019388e-05 1283.65307617
17064010 64.1634027777778 0.145889009146836 0.000159915734429974 1202.59033203
17064011 64.2706597222222 0.145958611141623 5.1929414767713e-05 1667.29711914
17064012 64.292349537037 0.127911945474198 5.90904456358116e-05 1431.96179199
17064013 64.315474537037 0.116627952508569 5.71017075983158e-05 1266.35339355
17064014 64.3380671296296 0.111905161734902 5.41025945201218e-05 1234.26953125
17064015 64.3614814814815 0.112045182197484 5.56177080273181e-05 1143.93566895
17064016 64.3833449074074 0.113541368410201 5.52724795093641e-05 1171.46020508
17064017 64.407025462963 0.11581227372599 5.54390627140881e-05 1196.72106934
17064018 64.4302430555556 0.120552523329746 5.82572231786097e-05 1253.87548828
17064019 64.4525115740741 0.124953837119834 6.07280169831942e-05 1283.17553711
17064020 64.4741898148148 0.130192229325907 5.80502378929399e-05 1357.82739258
17064021 64.4985532407407 0.134982131363474 6.292486765464e-05 1400.31225586
17064022 64.5206481481482 0.137625284290045 6.51126782032293e-05 1429.34167480
17064023 64.5417361111111 0.139065387124506 6.67188461778523e-05 1369.34497070
17064024 64.5634259259259 0.14068542831235 6.66528874460593e-05 1287.93688965
17064025 64.5851157407407 0.143217553153702 0.00010637689508799 1233.35681152
17064035 64.7382523148148 0.144448842531161 6.21574149390975e-05 1855.89550781
17064036 64.7594791666667 0.128651303321636 6.04243401377331e-05 1464.14343262
17064037 64.781712962963 0.119707469086357 5.65741654208857e-05 1308.52722168
17064038 64.8046527777778 0.114366935626213 5.52646278297083e-05 1192.93432617
17064039 64.8273032407407 0.116016817951814 5.75807067035621e-05 1217.30017090
17064040 64.8490046296296 0.116347414906664 6.29043133734611e-05 1204.31994629
17064042 64.875625 0.116359764355332 0.000396921555109294 1244.98791504
17064043 64.8781365740741 0.118010051111561 0.000407502711660414 1233.15295410
17064044 64.8834722222222 0.120276876363801 6.89575040825309e-05 1245.26733398
17064045 64.9001388888889 0.124238372183418 6.11349608746836e-05 1269.04003906
17064046 64.9216319444444 0.127372759634115 6.16975913043833e-05 1327.19189453
17064047 64.9428935185185 0.132441416724251 6.27783705439025e-05 1409.57800293
17064048 64.9646064814815 0.136671810857223 6.33756880934963e-05 1393.91540527
17064049 64.9864467592593 0.142110758463607 0.000108131862041507 1477.58752441
17065001 65.0011805555555 0.14412239329542 0.000121529783969829 1484.04113770
17065002 65.0059259259259 0.143927740408289 8.10180459989136e-05 1485.82824707
17065003 65.0201273148148 0.146691877985542 6.80267169777182e-05 1408.40844727
17065004 65.0424074074074 0.148701844763997 7.15912909630002e-05 1381.08740234
17065005 65.1086111111111 0.147919106895089 8.93606865231543e-05 1628.07849121
17065006 65.1177662037037 0.138819939665934 0.000104636056177195 1479.33190918
17065007 65.1288888888889 0.130624195964847 5.77030743583482e-05 1433.26318359
17065008 65.153587962963 0.120362395885872 5.65267706507766e-05 1312.60363770
17065009 65.1773032407407 0.117650091465961 5.26130699060364e-05 1262.21594238
17065010 65.2023032407407 0.115633663274411 5.44255718530655e-05 1213.61303711
17065011 65.2259722222222 0.117178309252843 5.51933883623953e-05 1216.39074707
17065012 65.2499305555556 0.118960396578054 0.000117580808426301 1254.27905273
17065013 65.2584143518519 0.122139038623755 5.56888972113476e-05 1267.27941895
17065014 65.2827546296296 0.127215630224573 5.80622497180629e-05 1293.94140625
17065015 65.307037037037 0.132913190454721 6.29062273724291e-05 1376.93408203
17065016 65.3287037037037 0.137320152030467 6.4282870404436e-05 1431.84179688
17065017 65.3504166666667 0.138334544406247 6.40287388804767e-05 1439.99108887
17065018 65.3720023148148 0.140746151798146 6.29130712626707e-05 1484.87768555
17065019 65.3945486111111 0.1411763067174 6.79294674993804e-05 1408.61535645
17065020 65.4163541666667 0.140203183828214 0.000122341481231618 1375.07666016
17065021 65.4245138888889 0.142123180240296 9.35224533268949e-05 1380.53479004
17065033 65.4938657407407 0.137648562796056 6.34278099638193e-05 1545.61877441
17065034 65.5152546296296 0.130338719170594 6.07443853642035e-05 1444.83312988
17065035 65.5369328703704 0.124049084981795 5.99112615259189e-05 1341.12744141
17065036 65.5587615740741 0.120478292571094 6.0417823441592e-05 1276.37182617
17065037 65.5804050925926 0.124722837612628 6.07653065844104e-05 1252.82177734
17065038 65.6022222222222 0.126007495221319 0.000116157016374992 1347.75488281
17065041 65.6188888888889 0.129692225059297 9.89922059153217e-05 1348.19299316
17065042 65.6278240740741 0.130906996334488 8.37364645813492e-05 1389.98999023
17065043 65.643275462963 0.135644775086925 0.000151949314744494 1437.01977539
17065044 65.650787037037 0.135810802500495 6.27268779341165e-05 1422.79492188
17065045 65.6727314814815 0.1403216886542 6.3849526814985e-05 1475.88610840
17065046 65.6944328703704 0.142346721287586 6.58564899826199e-05 1475.10595703
17065047 65.7164814814815 0.142415820033638 8.51028952226597e-05 1408.56970215
17065048 65.732037037037 0.143752335572404 6.77697174292846e-05 1389.75476074
17065049 65.7540162037037 0.143065875289752 6.67495594200183e-05 1443.40087891
17065050 65.7768402777778 0.142337735912029 6.72180470284162e-05 1386.33532715
17065051 65.7986805555556 0.143362473266111 0.000133028471528513 1408.92382812
17065053 65.8600925925926 0.139458926555383 6.20377210907424e-05 1604.10852051
17065054 65.882962962963 0.125070576850141 5.86684647353558e-05 1364.76635742
17065055 65.9051736111111 0.116197214196986 5.87265765610997e-05 1258.21606445
17065056 65.9266203703704 0.112325803714513 5.60834711161268e-05 1203.64392090
17065057 65.9484259259259 0.112080824070271 0.000288604239181174 1164.50512695
17066001 66.0338541666667 0.133148399544861 5.72184409462494e-05 1540.26501465
17066002 66.0586805555556 0.120899559212 5.8978318574179e-05 1275.33337402
17066003 66.0819791666667 0.114225590201977 5.30030158090543e-05 1224.99877930
17066004 66.1061805555556 0.113418389849634 5.27315703732578e-05 1177.46118164
17066005 66.1306365740741 0.114393965065669 5.20828750304652e-05 1225.10620117
17066006 66.1563425925926 0.117595488376459 5.60882944883399e-05 1204.01660156
17066007 66.1803703703704 0.119432956579445 7.8036899339032e-05 1222.76013184
17066008 66.1927546296296 0.124142326471881 5.70826684982638e-05 1262.61730957
17066009 66.2180671296296 0.129441592816445 5.85319275153427e-05 1319.21215820
17066010 66.2421296296296 0.133812892261826 6.16553875164001e-05 1378.73547363
17066011 66.2654861111111 0.138681291809231 5.43885158761365e-05 1400.10351562
17066012 66.2952777777778 0.143441466559681 6.42740288383031e-05 1490.92871094
17066013 66.3181018518518 0.144257396698789 6.67839778347618e-05 1384.27734375
17066014 66.3400925925926 0.144520146923309 0.000100388042399211 1339.84606934
17066021 66.3924189814815 0.147168847269049 6.37082386469523e-05 1702.38366699
17066022 66.4143865740741 0.132788340864387 5.96862183077917e-05 1447.97338867
17066023 66.4366898148148 0.120914112307916 5.74140737298891e-05 1294.77929688
17066024 66.4601273148148 0.117801161967314 5.73736362715769e-05 1270.03076172
17066025 66.4819675925926 0.117289057427609 5.71872685924057e-05 1234.77124023
17066026 66.5036342592593 0.117696542635711 5.56868487969574e-05 1242.81896973
17066027 66.5263194444444 0.122022121146601 5.91019920404401e-05 1272.41210938
17066028 66.5480092592593 0.127954605850496 5.98456117105944e-05 1284.75500488
17066029 66.5698958333333 0.134382000230707 6.3852427764512e-05 1372.04577637
17066030 66.5915625 0.138760775523119 7.85690822306649e-05 1433.57275391
17066031 66.6100694444444 0.144233578010912 0.000120944265000684 1498.65808105
17066032 66.6179282407407 0.145068940004006 6.55347036643463e-05 1451.90783691
17066033 66.6400231481481 0.146263124107577 6.81890345278028e-05 1419.33923340
17066034 66.6618865740741 0.150644075559114 7.38413631577621e-05 1361.45629883
17066035 66.6825925925926 0.148750880077903 6.96879809540383e-05 1269.32128906
17066036 66.7045717592593 0.147176010394281 0.000118046022346658 1222.67211914
17066048 66.8060069444444 0.134959786764433 7.27418837600635e-05 1484.52307129
17066049 66.8234490740741 0.123520494871795 6.14239003340913e-05 1319.08361816
17066050 66.8451736111111 0.122458264278374 0.000226066677120985 1275.02709961
17066059 66.8826736111111 0.121029138069422 5.78027132680753e-05 1286.63952637
17066060 66.9047337962963 0.123760091657129 5.91891866636483e-05 1352.69421387
17066061 66.9276157407407 0.130681172260808 6.3197558033774e-05 1337.96447754
17066062 66.9507060185185 0.137514693339187 6.6242082649768e-05 1320.87829590
17066063 66.9721064814815 0.144012209301795 7.63509879758052e-05 1432.89282227
17066064 66.9893287037037 0.145905707737184 7.93277407974896e-05 1512.56152344
17067001 67.0049537037037 0.149351280499832 6.52984081140696e-05 1514.81127930
17067002 67.0284490740741 0.14900637256774 6.73314434215998e-05 1437.46215820
17067003 67.0515509259259 0.153130543192153 6.95356053962945e-05 1253.29064941
17067004 67.0747222222222 0.151690106597351 6.89832132052129e-05 1253.39709473
17067005 67.1469212962963 0.17355219874308 9.2901079300422e-05 1924.70568848
17067006 67.1575 0.150508375931362 6.56259764113171e-05 1719.90319824
17067007 67.1802083333333 0.134462647508185 6.0901211422471e-05 1461.89953613
17067008 67.203599537037 0.125254099301219 5.84182398098891e-05 1344.79199219
17067009 67.2274768518518 0.122873851888564 5.85641597581142e-05 1289.85986328
17067010 67.2523726851852 0.123130672334364 5.77687738074135e-05 1254.36962891
17067011 67.2762037037037 0.126437471640417 5.72892914692745e-05 1306.21301270
17067012 67.301087962963 0.130783155966912 6.33697639770191e-05 1383.41162109
17067013 67.3226388888889 0.133753281088509 6.30655451586915e-05 1373.19006348
17067014 67.3450578703704 0.138184205968968 6.40094627708028e-05 1442.49389648
17067015 67.3668865740741 0.141120447599964 6.37581610153589e-05 1473.55847168
17067016 67.3887847222222 0.143049331709797 6.59098156515817e-05 1434.68041992
17067017 67.4104976851852 0.145409899320477 6.92278560867765e-05 1393.21545410
17067018 67.4318171296296 0.148684062001622 6.9688586672687e-05 1314.70715332
17067019 67.4535532407407 0.15013758717402 7.74597357248935e-05 1259.31518555
17067024 67.521099537037 0.157911035090472 6.61818713813986e-05 1845.53930664
17067025 67.5430671296296 0.13979207881239 6.47883164815961e-05 1576.22814941
17067026 67.5645717592593 0.12972946721764 7.50881081479873e-05 1396.35693359
17067027 67.5797106481482 0.125423460722021 6.17618381661336e-05 1375.91662598
17067028 67.6013888888889 0.124782395702138 8.25131735409479e-05 1344.11999512
17067029 67.6141666666667 0.12572008265396 0.000106084668870994 1361.24780273
17067030 67.6275462962963 0.128786606916869 6.04637176107879e-05 1384.25207520
17067032 67.6504166666667 0.129551454130952 0.000145023341158888 1359.54016113
17067033 67.6556018518519 0.130688980960418 6.20873782076624e-05 1406.06982422
17067034 67.677650462963 0.132161902040054 6.00936189520827e-05 1385.48400879
17067036 67.7035763888889 0.134925670882141 6.38452509277176e-05 1391.64477539
17067037 67.7254513888889 0.13746042653235 6.56818630361933e-05 1430.81030273
17067038 67.7467939814815 0.140810928820817 6.4902347601642e-05 1474.22900391
17067039 67.7684722222222 0.139035376418417 7.92044850524026e-05 1404.18090820
17067042 67.7932291666667 0.141571513444391 6.35616594067265e-05 1343.29931641
17067043 67.8168402777778 0.142506234178296 7.7475337152068e-05 1252.97473145
17067044 67.8338541666667 0.142247169551146 0.000123988531991256 1191.97998047
17067045 67.8400115740741 0.143327540526793 0.000157457489484354 1192.83630371
17067056 67.954212962963 0.121916776015525 0.000112394888256528 1313.87438965
17067061 67.9731944444444 0.119323093425924 7.2898582351031e-05 1265.86267090
17067063 67.9904976851852 0.121030332148385 0.000161588369119661 1254.72717285
17067066 67.9967708333333 0.120520113631516 7.01192560709602e-05 1250.85998535
17068002 68.0173842592593 0.123770704042003 6.96804070267288e-05 1254.62219238
17068003 68.0377893518519 0.127148459840173 6.21581761897597e-05 1377.61572266
17068006 68.0673611111111 0.134749900519606 6.51014213669817e-05 1384.17944336
17068007 68.0888773148148 0.139680441064327 8.03591127702142e-05 1451.25683594
17068009 68.1089583333333 0.146533547620753 6.52147583189731e-05 1483.14758301
17068010 68.1305208333333 0.150127125290044 6.71429466335069e-05 1526.63403320
17068011 68.1521180555556 0.154654419716427 7.32306423480204e-05 1442.05249023
17068012 68.1736574074074 0.157109972901245 8.6179424931724e-05 1364.24670410
17068017 68.1980671296296 0.158415103078074 0.000112772261625029 1299.32861328
17068019 68.2223842592593 0.159284019121902 0.000249152845957099 1249.56506348
17068021 68.279375 0.152541028840039 0.000117086539938402 1737.12426758
17068026 68.2953587962963 0.136030762838528 6.24924588487305e-05 1479.34436035
17068027 68.3173148148148 0.126401898124067 6.03206872093483e-05 1398.38903809
17068028 68.3398842592593 0.122458591401007 0.00012648363527913 1272.53881836
17068036 68.3617939814815 0.121653443167793 5.79376432825103e-05 1286.80737305
17068037 68.3844212962963 0.12280140783029 6.01572429277407e-05 1284.26367188
17068038 68.4060416666667 0.127239511269455 6.1109443845056e-05 1343.58117676
17068039 68.4306481481482 0.132455084718249 6.3083618039899e-05 1361.04882812
17068040 68.4525694444444 0.139610560687621 6.50998747358667e-05 1440.25317383
17068041 68.4743055555556 0.143928612201105 6.47466068826315e-05 1453.96374512
17068042 68.4960185185185 0.144295265911585 6.34072598162557e-05 1543.90942383
17068043 68.5177777777778 0.145597453772522 6.58178396648055e-05 1501.56628418
17068044 68.5394791666667 0.145505256655668 6.68103877965265e-05 1371.70788574
17068045 68.5622106481481 0.150789171072955 7.12992051566494e-05 1314.49743652
17068046 68.5840509259259 0.155237206254545 0.000105895380390703 1229.20642090
17068047 68.5981481481481 0.156798589703304 0.000130367806852886 1209.78503418
17068053 68.6756712962963 0.134499240203131 6.05265888055084e-05 1500.09606934
17068054 68.699525462963 0.125030549173316 5.98085862640362e-05 1363.51037598
17068055 68.7216898148148 0.116535699437851 5.7971955984138e-05 1286.98596191
17068056 68.7435532407407 0.116008236103294 5.80670611283413e-05 1227.54016113
17068057 68.7658217592593 0.117163244029334 9.47979955223467e-05 1218.19970703
17068062 68.8631365740741 0.142709982037325 0.000544331668728096 1510.06982422
17068063 68.8643981481482 0.13422230626042 6.18153984482861e-05 1523.08142090
17068064 68.8866550925926 0.127172737337684 0.00010053830511975 1333.92358398
17068065 68.8954976851852 0.120951371757345 5.952316301156e-05 1301.28930664
17068066 68.9172337962963 0.115314510270871 5.67181739156945e-05 1182.51684570
17068067 68.9397453703704 0.11449618892749 5.44870227835008e-05 1194.66198730
17068068 68.9646643518519 0.115545349838874 5.66422722438442e-05 1212.12512207
17068070 68.9901736111111 0.119327259450219 5.89481398077777e-05 1266.97753906
17069010 69.1459837962963 0.125608735239656 7.47189180663701e-05 1308.56970215
17069012 69.169525462963 0.123611939569808 6.04388599060701e-05 1372.28027344
17069013 69.1909259259259 0.118214288115883 5.82733944021979e-05 1265.21154785
17069014 69.2123958333333 0.117177111672718 5.79811297967002e-05 1243.19311523
17069015 69.2338078703704 0.119203775489884 5.85204864997967e-05 1242.91845703
17069016 69.2550694444444 0.122140952312714 5.97360464349293e-05 1276.04187012
17069017 69.2763773148148 0.124020894196846 6.428834194424e-05 1269.35388184
17069018 69.2948611111111 0.128081465081783 6.22718433957097e-05 1326.27453613
17069019 69.3164351851852 0.13280820731552 7.09903875208572e-05 1376.83630371
17070005 70.1132407407407 0.148952811556871 0.000150996324204521 1696.96484375
17070006 70.1176041666667 0.141215366617341 9.82704507789301e-05 1534.17468262
17070007 70.1240509259259 0.135464608912763 0.000130481813812096 1446.42578125
17070008 70.1356481481481 0.127758030850397 6.33141630430978e-05 1370.54443359
17070009 70.157037037037 0.120443157295433 5.93026567692679e-05 1296.63122559
17070010 70.1783912037037 0.116660817615655 5.81567485062738e-05 1253.33801270
17070011 70.1997337962963 0.116699548758513 5.78016067889627e-05 1216.36242676
17070012 70.2211805555556 0.117679447267788 5.67722419407637e-05 1237.10241699
17070013 70.2427662037037 0.121553823018259 6.04708414003792e-05 1250.60815430
17070014 70.2640625 0.12696170889193 6.38375838670733e-05 1278.00622559
17070015 70.2842939814815 0.12854292769878 9.6381695496945e-05 1350.23046875
17070019 70.2999537037037 0.132505831670067 0.000187710783950576 1389.64074707
17070048 70.9376041666667 0.115580871357943 5.41203022687617e-05 1188.80712891
17071012 71.2368402777778 0.141246257367874 6.14294532325984e-05 1907.52441406
17071013 71.2585300925926 0.126158301684159 6.0763280174211e-05 1407.27209473
17071014 71.2803009259259 0.118448199889849 5.8025482217018e-05 1263.92785645
17071015 71.3018055555556 0.115075849884522 5.55557802856318e-05 1205.20544434
17071018 71.3309722222222 0.116258457011384 5.74920545297059e-05 1220.80175781
17071019 71.3526851851852 0.119937491970903 5.86397873251259e-05 1228.28381348
17071020 71.3743287037037 0.123965800291647 6.00605506198109e-05 1276.31176758
17071021 71.397037037037 0.127796614566566 6.11559851733352e-05 1318.59240723
17071022 71.418587962963 0.13140536229445 6.26480813261108e-05 1375.97802734
17071023 71.4401851851852 0.133564839174703 6.35558170381539e-05 1389.30725098
17071024 71.4618287037037 0.136612527226375 6.3372612024287e-05 1428.73010254
17071025 71.4833101851852 0.139002083935899 6.45763094671108e-05 1403.45849609
17071026 71.5048842592593 0.140531673865217 6.72799639563272e-05 1345.88500977
17071027 71.5253240740741 0.141654881935297 7.71049570819174e-05 1236.81359863
17071028 71.5420717592593 0.1422248421395 9.15689489225144e-05 1198.13244629
17071029 71.5507060185185 0.142018840675084 0.000160023518473635 1153.20874023
17071030 71.5571875 0.142435247885349 0.000138611329594125 1141.75085449
17071047 71.6244675925926 0.134322968465887 8.01432436594247e-05 1353.84704590
17071048 71.6380902777778 0.134937141010688 9.61645774426602e-05 1417.00183105
17071049 71.6477199074074 0.133258605268763 6.2992493097158e-05 1395.18945312
17071050 71.6700694444444 0.13442628869648 6.29752983005703e-05 1434.04016113
17071051 71.6923842592593 0.138093331864751 6.30107975757522e-05 1425.91906738
17071052 71.7136226851852 0.139925424180926 0.000137795741490799 1464.40197754
17071053 71.7228819444444 0.142423054379814 6.53834539048052e-05 1462.17541504
17071054 71.7452893518518 0.147457225457119 6.58387308769377e-05 1536.29418945
17071055 71.7677893518518 0.146674875356909 7.3003337054927e-05 1593.02124023
17071056 71.7848726851852 0.141023821949107 7.36016607744791e-05 1507.05847168
17071057 71.8071527777778 0.139371886074281 9.14974849034523e-05 1483.11950684
17071058 71.8223032407407 0.137056230695055 0.000163139848249125 1436.36511230
17071059 71.8253587962963 0.138480259385165 6.14775339175132e-05 1447.71875000
17071060 71.8486805555556 0.139053046441927 6.38771101070273e-05 1430.33911133
17071061 71.870462962963 0.145483772084799 6.62338660790706e-05 1506.48510742
17071062 71.8922222222222 0.1474470028479 6.77800900796667e-05 1475.61291504
17071063 71.9141782407408 0.150137907492505 6.85807028579868e-05 1435.51232910
17071064 71.9364814814815 0.148603983779963 0.000115133536981842 1357.17626953
17072001 72.1362847222222 0.152614964072253 6.66128008527353e-05 1719.18212891
17072002 72.157662037037 0.143259034189148 6.41223852586091e-05 1520.94824219
17072003 72.1789351851852 0.139659632765658 6.39655009073443e-05 1485.87133789
17072004 72.2003587962963 0.140941435107598 6.39546834242083e-05 1472.09216309
17072005 72.2217939814815 0.142988336207081 6.66506596428819e-05 1470.47204590
17072006 72.2431944444444 0.146155681027911 6.62116265215105e-05 1521.10156250
17072007 72.2645717592593 0.146029566243019 0.000124971361172449 1506.27441406
17072008 72.2728240740741 0.145887893204851 6.43926742068548e-05 1521.60070801
17072009 72.294224537037 0.136908416251197 6.25613885127853e-05 1473.96520996
17072010 72.3159953703704 0.134600590736975 6.27225683072593e-05 1419.51013184
17072011 72.3377662037037 0.134896430132247 0.000111175355618714 1394.78369141
17072012 72.3458449074074 0.136219515990848 6.16133324561519e-05 1400.27062988
17072013 72.3680902777778 0.138492849654174 6.07844788591568e-05 1452.83166504
17072014 72.3905092592592 0.142493649890602 6.4287434644083e-05 1454.61120605
17072015 72.4122337962963 0.145546897196445 0.000199099214545071 1496.89660645
17072020 72.5029398148148 0.10692071941525 0.000363405904786177 1609.93359375
17072022 72.5097685185185 0.140538398342961 6.29877915600659e-05 1576.54028320
17072023 72.5320138888889 0.139687954946602 0.000216503885879165 1473.75158691
17072024 72.536712962963 0.138225855482022 6.41368379973742e-05 1460.78479004
17072025 72.5584953703704 0.139948562923659 8.81662274911473e-05 1488.09680176
17072026 72.5786342592593 0.143178871085059 7.36791028629505e-05 1498.04101562
17072027 72.600462962963 0.146784226424254 6.40148636839255e-05 1536.14587402
17072028 72.6223726851852 0.148434786135894 6.57216926474181e-05 1601.53759766
17072029 72.644212962963 0.149026148831054 0.000142565105245324 1597.34265137
17072030 72.6563078703704 0.151577230034649 8.76071009074513e-05 1603.28283691
17072032 72.6776851851852 0.147556376070037 6.16986269120116e-05 1625.24462891
17072033 72.7015972222222 0.14590248284765 6.60524395907581e-05 1542.49133301
17072034 72.7246412037037 0.144310898992288 6.92410390760551e-05 1516.91809082
17072035 72.7452430555555 0.146605757486659 6.4683467048107e-05 1574.63696289
17072036 72.7674652777778 0.145943189053981 6.35322872152071e-05 1541.07775879
17072037 72.7896296296296 0.146647351675841 6.71578439062836e-05 1495.11523438
17072038 72.8113773148148 0.145207011603707 0.000151541525969947 1450.52478027
17072039 72.8165972222222 0.146404467375088 6.63136045532927e-05 1458.13916016
17072040 72.8387384259259 0.146682397748979 8.94694006127662e-05 1369.01184082
17072041 72.901712962963 0.155116372868747 6.7287687444599e-05 1702.37341309
17072042 72.9237731481482 0.147319946952704 6.62235540292134e-05 1546.68554688
17072043 72.945775462963 0.140435721559453 0.000582538771553279 1513.57434082
17072044 72.9479166666667 0.144273003913645 6.6233682964886e-05 1489.82177734
17072045 72.9704050925926 0.144328341522831 6.59062339937697e-05 1545.55676270
17072046 72.992037037037 0.143882316581955 6.56193435278221e-05 1544.59399414
17073001 73.013912037037 0.135432828024621 6.32693332843649e-05 1447.82250977
17073002 73.0353009259259 0.130792638153012 6.28147367695338e-05 1405.56530762
17073003 73.0568981481482 0.128028739392382 6.11941665416103e-05 1344.79492188
17073004 73.0781944444444 0.127317678110304 6.19363606782795e-05 1340.41687012
17073005 73.0996643518518 0.129302543819572 6.27766383561538e-05 1367.98645020
17073006 73.1211689814815 0.130932942034302 6.45098464409151e-05 1320.43994141
17073013 73.1515393518518 0.142608289646385 6.46797037025762e-05 1489.98840332
17073014 73.1731481481481 0.143762914302973 6.77959209664239e-05 1463.57885742
17073015 73.1945601851852 0.144190541928678 6.76387025093448e-05 1407.35070801
17073016 73.2161111111111 0.146831592170213 8.7069261362209e-05 1333.64245605
17073020 73.2799305555556 0.157731846739973 0.000215150964979882 1918.39282227
17073021 73.2820601851852 0.150410018610774 6.83375929858089e-05 1663.50085449
17073022 73.3023263888889 0.224720173986788 8.75311982343922e-05 1859.34094238
17073023 73.3239583333333 0.180359047095836 7.9603192743664e-05 1696.02661133
17073024 73.3455902777778 0.166061191650408 0.000102831297959206 1758.56640625
17073043 73.5320486111111 0.121750636046066 5.64907770035239e-05 1274.06750488
17073044 73.5557407407407 0.123773348747797 5.97387780584294e-05 1323.22717285
17073045 73.5772685185185 0.124759195031997 6.08261504836892e-05 1300.65270996
17073046 73.5988541666667 0.124672483455609 0.000406633305895402 1327.47106934
17073047 73.6111921296296 0.128799198827429 6.11175991486391e-05 1369.09912109
17073048 73.6328125 0.127505126711817 5.92809388022666e-05 1365.93603516
17073049 73.6569444444444 0.125565603595949 5.98086913468977e-05 1281.45300293
17073050 73.6788078703704 0.127088936181522 5.71465030931396e-05 1402.22875977
17073051 73.7048611111111 0.128684266828574 6.53849739972085e-05 1322.09020996
17073052 73.7263425925926 0.12782842238674 6.15893480603325e-05 1356.28918457
17073058 73.7815625 0.128551464936058 5.85501449971841e-05 1314.14868164
17073060 73.8483217592593 0.143530959251619 5.32444452899517e-05 1601.21594238
17073061 73.8721180555556 0.134375096155114 0.000179301978770313 1429.14501953
17073062 73.8777430555556 0.131432379245574 0.000109119632426009 1410.38208008
17073063 73.8908912037037 0.128131833451434 0.000151113008565178 1389.80163574
17073064 73.8970833333333 0.128485907728286 6.25359734420758e-05 1392.13549805
17073065 73.9198148148148 0.12643239468063 8.40471989236349e-05 1329.68103027
17073066 73.9417824074074 0.132737252784833 8.20978833052099e-05 1429.26123047
17073067 73.9562268518518 0.135396545752189 6.42520743445433e-05 1469.34436035
17073068 73.9781134259259 0.13369091497906 6.33973998898872e-05 1424.17980957
17073069 73.999537037037 0.1303485951845 6.41514669605998e-05 1422.79980469
17074001 74.0209259259259 0.126801700312783 9.20953716614917e-05 1371.54565430
17074002 74.0378472222222 0.12525303852999 9.49582154649261e-05 1332.55322266
17074003 74.0444560185185 0.123657642796127 6.30265404199519e-05 1347.22521973
17074004 74.06875 0.124082863882167 9.78659613217715e-05 1335.89062500
17074005 74.0747569444444 0.124448514428084 8.4365134591791e-05 1329.35900879
17074006 74.0881828703704 0.126448712783537 6.16434717663232e-05 1341.07055664
17074007 74.1096296296296 0.124689021702009 6.04244723366119e-05 1313.75622559
17074009 74.1349537037037 0.128048424844398 8.12120150789038e-05 1315.31701660
17074020 74.4290856481481 0.168510180172947 0.000192797096948817 1649.15515137
17074021 74.4334953703704 0.159256331993444 7.34197576747766e-05 2680.80273438
17074022 74.4445601851852 0.146210014870963 6.50997727157642e-05 1553.56433105
17074023 74.4690277777778 0.140421353347302 6.48519855956996e-05 1479.91186523
17074024 74.4905902777778 0.142091834006046 6.45119946661169e-05 1486.15136719
17074025 74.5121990740741 0.144603616903524 6.533268512212e-05 1517.50927734
17074026 74.5337962962963 0.145364471337861 6.4452381597483e-05 1519.69128418
17074027 74.5554976851852 0.146698559711574 6.59264525674421e-05 1526.80322266
17074028 74.5776851851852 0.148416650772784 6.82423989315647e-05 1515.83789062
17074029 74.5993981481482 0.147432303404715 6.74070765185256e-05 1506.27111816
17074030 74.6211805555556 0.147654868392944 6.66978370727475e-05 1506.20007324
17074031 74.6431481481481 0.149966482597546 6.13452035338235e-05 1467.99877930
17074032 74.6715393518518 0.149065430616066 6.39383421774987e-05 1339.59204102
17074033 74.6962152777778 0.146237968236442 0.000133335947182559 1501.26330566
17074034 74.708275462963 0.144235554499869 6.6179202156438e-05 1455.45605469
17074035 74.7315856481482 0.14486300119098 6.61908990107815e-05 1458.52514648
17074036 74.7541898148148 0.146683640852773 7.83728300685748e-05 1465.73315430
17074037 74.7771527777778 0.145385665015542 0.000183923780401407 1390.38427734
17074038 74.7818634259259 0.143498460631141 6.77705533904296e-05 1329.02392578
17074039 74.8038888888889 0.145127392546589 0.000100701785057326 1289.24255371
17074040 74.8164699074074 0.148160257144329 6.42192120032016e-05 1264.24682617
17074041 74.8905555555556 0.144232964146119 6.84203694881257e-05 1681.87646484
17074044 74.9207060185185 0.14440642237871 6.55105133078046e-05 1523.80871582
17074049 74.9442476851852 0.14082972479009 9.17482087365064e-05 1485.22534180
17074050 74.9570717592593 0.142947204682132 6.60761042065391e-05 1503.12670898
17074051 74.9791087962963 0.14345897644757 6.89279562373593e-05 1516.67211914
17075001 75.00125 0.146045841150225 0.000122906185158839 1536.30969238
17075002 75.0156134259259 0.148175149318383 6.79180538749321e-05 1563.34960938
17075003 75.0372337962963 0.149468205711448 6.82821164745786e-05 1629.30102539
17075004 75.0589467592593 0.149633231164015 6.96720510211955e-05 1606.69873047
17075005 75.080162037037 0.148061953953379 7.01401192143187e-05 1587.31921387
17075006 75.1019097222222 0.146385481077719 6.52143973756446e-05 1598.54443359
17075007 75.1236689814815 0.146342477483221 0.000154874783702755 1539.73425293
17075008 75.1298726851852 0.145586841661769 0.000128079461789514 1533.04675293
17075009 75.1404166666667 0.145192828356798 6.89774373067224e-05 1489.60375977
17075010 75.1638888888889 0.145304699616954 6.58304167497851e-05 1568.70178223
17075011 75.1860069444445 0.144136639052496 6.98236583800452e-05 1518.74597168
17075012 75.2085416666667 0.144201742506497 0.000111709790301147 1443.24218750
17075013 75.2176388888889 0.145234489306144 0.000253641312860343 1429.72607422
17075014 75.2203587962963 0.145023981942159 0.000233258869816743 1412.53991699
17075015 75.2234837962963 0.14610887777941 6.96889448470635e-05 1406.10693359
17075016 75.2456018518519 0.14775807483889 8.48810057713194e-05 1333.82836914
17075018 75.2677430555556 0.146795588996725 7.02903385330237e-05 1236.90441895
17075019 75.2893865740741 0.149511029724149 6.87969840541874e-05 1165.79528809
17075020 75.3126041666667 0.150987486572315 0.000173206658306348 1151.64257812
17075024 75.3390046296296 0.15614825550055 7.65238181933836e-05 1113.52465820
17075025 75.3607407407407 0.15647991699406 7.81321370404246e-05 1065.09777832
17075026 75.3821643518519 0.157531555307377 8.18910951159694e-05 1015.08642578
17075027 75.4039351851852 0.158686023925224 0.000169595626676912 958.81298828
17075098 75.715162037037 0.133244699439833 0.000107660273970333 1404.27587891
17075099 75.7241782407407 0.134617759059433 6.45884805866563e-05 1408.10424805
17075100 75.7461111111111 0.126698914973313 6.95705251556016e-05 1441.47583008
17075101 75.764375 0.122199345018985 6.00311660302506e-05 1311.61450195
17075102 75.786412037037 0.124117293273529 6.06732629306697e-05 1314.54687500
17075103 75.8077893518518 0.124479978510872 8.63628477335659e-05 1288.11889648
17075105 75.8197916666667 0.127536336727327 6.26060086625739e-05 1322.66052246
17075106 75.8411342592593 0.130336214858163 6.21706453063109e-05 1327.48205566
17075107 75.8633333333333 0.131350457183123 6.45430282523954e-05 1341.71813965
17075108 75.885474537037 0.128209226911742 6.26588420514107e-05 1224.31176758
17075109 75.9070486111111 0.133362526490484 9.17109085178923e-05 1189.15270996
17075110 75.9604050925926 0.128949644942101 5.81324171087187e-05 1495.98522949
17075111 75.9836342592593 0.121689255502458 5.81233709124298e-05 1292.71276855
17076001 76.0052893518519 0.117829836859698 5.82838560986036e-05 1240.65612793
17076002 76.0269444444445 0.12376614835038 6.09768047996806e-05 1282.76916504
17076003 76.0488425925926 0.126169793294064 6.38666112078576e-05 1276.78161621
17076010 76.1670138888889 0.135005435008133 5.13504917036857e-05 1668.41149902
17076011 76.1887847222222 0.121949138122826 5.93458163140722e-05 1328.28833008
17076012 76.2104282407407 0.118169283232626 0.000147854695667961 1227.24841309
