17043050 43.7779050925926 0.769999619828374 0.00107106967949146 1.51517844
17049045 49.6129166666667 0.707794886798841 0.000211409135268389 2.14648604
17050030 50.6653240740741 0.726911451736672 0.000227399040590718 2.13441253
17050047 50.9912731481481 0.737324646204337 0.000392420409204749 2.02091551
17051013 51.3514930555556 0.731264010318583 0.000237507151436562 2.06186032
17051031 51.6710185185185 0.726076693192489 0.000230833056579755 2.10474682
17051042 51.8697800925926 0.722376713739363 0.00132677816829902 1.48932922
17051043 51.8719675925926 0.732293843403799 0.000387107136755495 1.46934664
17052003 52.0331134259259 0.718625933823967 0.000447627406909039 2.15783167
17052026 52.3861342592593 0.724070289072897 0.000227947910684613 2.20303798
17052067 52.9732060185185 0.714788979214896 0.000467669420290909 2.24724197
17053020 53.3373842592593 0.721417652396652 0.000717367389040149 1.93386328
17053041 53.7421875 0.742146688300309 0.000504609745189622 1.94652581
17054006 54.1313310185185 0.734291512006634 0.00022807757068789 2.04550266
17054040 54.6328935185185 0.729370225707898 0.000214079540502535 2.32152963
