17076042 76.8349768518518 0.0848477265584592 0.000139958768644124 919.08862305
17076044 76.8436458333333 0.0771481867677883 9.2616067062843e-05 806.45391846
17076045 76.8503703703704 0.0772495480537412 0.000499219206282942 788.79309082
17076046 76.8522800925926 0.0742598593565357 4.93520389137986e-05 795.19842529
17076048 76.8760069444444 0.0734471426320648 4.8369371005305e-05 764.64044189
17076049 76.8975115740741 0.0739409581557698 5.03355953006461e-05 776.66973877
17076051 76.9204398148148 0.076146686649444 5.13714804375916e-05 785.58850098
17076052 76.9419097222222 0.0780704641896319 7.95228558243095e-05 818.27313232
17076053 76.9524884259259 0.078525717241918 6.23805934318517e-05 829.90313721
17076054 76.9704282407407 0.0812138081684739 5.21329012946725e-05 846.50750732
17076055 76.9926851851852 0.0814671148381603 5.40187780684153e-05 866.53015137
17077002 77.0152893518518 0.0810472514356429 5.56575259211961e-05 878.49725342
17077004 77.0395949074074 0.0810693394853124 5.28778030330663e-05 863.48870850
17077005 77.0552083333333 0.0814868478856769 3.98604687279677e-05 865.52008057
17077006 77.0770138888889 0.0817775149783877 4.51684983244514e-05 860.42877197
17077007 77.0945717592593 0.0513658684038176 3.75792750876827e-05 817.09405518
17077008 77.1163194444444 0.0822366656597265 7.06284342001353e-05 789.89074707
17077009 77.1762037037037 0.0775618262048669 4.71542886053377e-05 902.40240479
17077010 77.2006365740741 0.0727156159924884 4.8507254259265e-05 758.31317139
17077011 77.2222685185185 0.0729650478770952 5.26841679337532e-05 737.22430420
17077015 77.2483101851852 0.0738639668856158 4.95495336300264e-05 761.95623779
17077016 77.2700231481481 0.0750823907212592 4.9429347256753e-05 781.42669678
17077017 77.3053240740741 0.0780268374116618 6.80874815299268e-05 804.98535156
17077031 77.634537037037 0.0753064519939181 5.03947347133363e-05 813.26770020
17077032 77.6559837962963 0.0749913027147257 4.82546972177763e-05 779.75286865
17077033 77.678599537037 0.0754992020037703 4.91401961217011e-05 786.41632080
17077034 77.7000115740741 0.0780604822418827 5.17215294009333e-05 809.88238525
17077035 77.7217708333333 0.0790897563456295 6.89233068257666e-05 828.83294678
17077036 77.734537037037 0.0790121394354684 0.000170241233085782 837.05999756
17077037 77.7383912037037 0.0790522447112753 9.00520132334794e-05 817.63690186
17077039 77.7534375 0.0791325356253017 5.04146996791208e-05 842.13208008
17077040 77.7749074074074 0.0788279835011216 6.48307455187478e-05 837.07812500
17077042 77.9223263888889 0.0750019984308366 4.83007278819674e-05 827.57702637
17077043 77.9433680555556 0.0689576967560952 4.74881830387064e-05 744.45648193
17077044 77.9646759259259 0.0650148874019973 4.55880702915226e-05 714.92340088
17077045 77.9863541666667 0.0640149106317426 4.5023403323637e-05 681.11938477
17078001 78.0080092592593 0.0647216161848558 4.53788438617472e-05 635.25341797
17078002 78.0299884259259 0.0658050394730766 9.01475323859014e-05 702.18334961
17078003 78.0390277777778 0.0665660658055737 8.8278631331589e-05 688.49096680
17078004 78.0458564814815 0.0653026376997314 4.1283263143618e-05 696.04656982
17078005 78.0696875 0.0721963622631389 4.82092161137638e-05 721.01861572
17078006 78.0914236111111 0.0767978147775028 4.99589972085815e-05 794.11682129
17078007 78.1130439814815 0.080817825986311 5.25444196856052e-05 825.25817871
17078008 78.1346412037037 0.0833839735291606 5.25728749373495e-05 822.92712402
17078010 78.1591087962963 0.0847875230987083 4.82773462980351e-05 778.88439941
17078011 78.1890972222222 0.0864721760509057 5.61840809226939e-05 729.86553955
17078012 78.2123842592593 0.0872687002040222 5.89484969581643e-05 706.35101318
17078013 78.2340740740741 0.0887542841875634 8.50922943297468e-05 664.39373779
17097024 97.7655555555556 0.0681061701531851 0.000101622338131687 769.78009033
17097025 97.7732523148148 0.108584795728996 0.00396869043626816 701.19628906
17097026 97.7753703703704 0.0660881474239793 7.05216622947298e-05 746.05273438
17097030 97.8002546296296 0 8.51954796379351e-05 798.47412109
17097031 97.8025810185185 0.0660507285613011 0.000112319431320915 776.01977539
17097034 97.8096990740741 0.0263446078957139 0.000931413906602431 749.64306641
17097035 97.8112268518519 0.062174104781585 0.000588865161153448 745.85101318
17097036 97.8175578703704 0.063662157647886 0.000109510925349354 732.01934814
17097038 97.826724537037 0.0598240187959708 0.000820649431004297 712.16845703
17097039 97.8282986111111 0.0632494817384407 0.000862712125438437 719.68328857
17097042 97.8463425925926 0.0590842030708369 5.18106168937463e-05 648.46673584
17097046 97.8818055555555 0.0565490400342804 4.19167183078042e-05 576.48712158
17097047 97.9035185185185 0.0550974902209153 0.000105913635885085 517.35272217
17097048 97.9118287037037 0.0554896585409921 4.18670135901533e-05 504.31942749
17097049 97.9336111111111 0.0558243755133424 6.33018080250507e-05 503.00772095
17097050 97.9439236111111 0.0555598985783447 4.28966007875648e-05 479.79138184
17098002 98.0407407407407 0.0747750936233007 6.91635391761917e-05 755.93621826
17098003 98.061724537037 0.0644898920841433 4.29076351206869e-05 786.30212402
17098004 98.0834953703704 0.0587971052404222 4.10492573295829e-05 713.23345947
17098007 98.1103009259259 0.057462696644271 4.16020693306012e-05 692.34552002
17098008 98.1321064814815 0.0572039032963828 4.07546391482727e-05 667.56750488
17098010 98.1643981481482 0.0563900777251629 4.16942200274699e-05 575.16705322
17098011 98.1863078703704 0.0552899243552892 4.19793958957276e-05 518.60174561
17098012 98.2080208333333 0.0544014993325379 4.20419016152012e-05 507.82772827
17098013 98.2297569444444 0.0561251237854043 4.4259329552474e-05 456.97207642
17098014 98.2516666666667 0.0552983941287239 5.50883468905598e-05 427.93716431
17098015 98.2667592592592 0.0554782908859552 4.47736545794633e-05 423.09649658
17098016 98.2889351851852 0.0558644294242903 4.60649070273966e-05 402.55773926
17098017 98.313287037037 0.0534832344896929 0.000271057840264921 375.93954468
17098018 98.3273032407408 0.0531625270734156 0.000116236986016876 358.56884766
17098021 98.3347222222222 0.0539620056656314 6.81578156156069e-05 356.13253784
17098033 98.4403125 0.094571153058212 8.64689092383879e-05 1028.69311523
17098035 98.4521643518519 0.0751332986730262 4.89802825293802e-05 861.21453857
17098036 98.4742361111111 0.0713335193112399 4.90146741269281e-05 757.34301758
17098037 98.4959953703704 0.066387187992079 4.73071243494485e-05 664.66162109
17098038 98.5179166666667 0.0664459458702392 4.71253037842624e-05 692.22814941
17098039 98.5396759259259 0.0658897644439523 4.72445479160118e-05 654.97760010
17098040 98.5615856481481 0.0644073953428201 4.64304027104701e-05 620.74603271
17098043 98.5879166666667 0.0632053097879414 5.49509302669001e-05 573.78271484
17098045 98.6080208333333 0.064591846547801 4.80468867284427e-05 550.68225098
17098046 98.6300925925926 0.0641153378266236 4.82189741188194e-05 512.60302734
17098047 98.6538773148148 0.0648705746090698 5.077976963054e-05 465.69558716
17098048 98.6756018518519 0.0695446840005828 7.47545793290125e-05 477.60498047
17098050 98.6904861111111 0.064754211394751 0.000265801903708816 420.55883789
17098057 98.8023958333333 0.0845350713504277 0.000127735586511576 879.21722412
17098058 98.8051851851852 0.0828588558568046 0.000163021021802405 867.83050537
17098059 98.8078703703704 0.0807451899776813 5.11603867680175e-05 849.96148682
17098060 98.8295601851852 0.079143920079587 5.0331136792856e-05 832.82250977
17098061 98.8515509259259 0.0796233440464337 4.99011954318872e-05 821.62445068
17098062 98.8733680555555 0.0801379650499517 7.49606767763351e-05 857.34667969
17098063 98.8875694444445 0.0793055165361364 4.92652281947452e-05 850.60339355
17098064 98.9092592592593 0.0772276251932551 4.9930425027906e-05 797.50341797
17098065 98.931412037037 0.07793942815106 5.06245399471136e-05 809.47973633
17098066 98.9530671296296 0.077126245103192 5.1325995177994e-05 838.90734863
17098067 98.9740625 0.0760256833197225 4.83873099864143e-05 816.42974854
17098068 98.9960416666667 0.0777883434029892 5.11235133223495e-05 801.42590332
17099001 99.0177777777778 0.077879209704023 5.17905221576422e-05 779.75488281
17099002 99.0393865740741 0.0794846931597777 5.36560531927056e-05 744.59985352
17099004 99.0671180555556 0.0797424619101252 5.43303692269961e-05 704.75354004
17099005 99.089212962963 0.0809300089792543 5.41346956896977e-05 662.43054199
17099006 99.1120023148148 0.0808197469525238 5.68803733369941e-05 622.74652100
17099007 99.1338888888889 0.0825200903048944 7.3051290087049e-05 594.86468506
17099010 99.2425578703704 0.0803835802652635 5.14192294703219e-05 897.17352295
17099011 99.2633680555555 0.0734640053442584 4.8905209693845e-05 827.99914551
17099012 99.2852083333333 0.0692802984459174 4.72767922092487e-05 727.09796143
17099013 99.3071643518519 0.0749134572781286 5.00850213042357e-05 740.80633545
17099014 99.3292824074074 0.0795699935217635 4.3603780571689e-05 804.06817627
17099015 99.3511111111111 0.0812157373045455 5.20388763862428e-05 808.70196533
17099016 99.3734027777778 0.0798335393475981 5.21401478349384e-05 866.06463623
17099017 99.3951851851852 0.0805472786797614 4.99765896632712e-05 830.14569092
17099018 99.4177199074074 0.0801623384332865 5.20199438527196e-05 846.29998779
17099019 99.4396064814815 0.0810625734939744 5.22945294656254e-05 824.58947754
17099020 99.4614814814815 0.0794154891035357 5.1263888951022e-05 781.50390625
17099021 99.4847685185185 0.0805389788789702 5.20855986601233e-05 732.07507324
17099022 99.5090046296296 0.0787710492083011 5.40616179149503e-05 700.29370117
17099023 99.5308101851852 0.0796236715253153 5.43585998728008e-05 665.31933594
17099024 99.5527777777778 0.0793955768611297 6.01523018317508e-05 607.01287842
17099030 99.6923263888889 0.0842458843418869 0.000282914296149596 882.57684326
17099031 99.6941898148148 0.0827719171643835 0.000141917775426555 866.31182861
17099032 99.7026157407407 0.0807687062398494 0.000296440395521721 853.06542969
17099033 99.706099537037 0.0762379934567803 4.92065130645425e-05 826.58361816
17099034 99.7279282407408 0.07115414052149 4.85493887676597e-05 744.43347168
17099035 99.8397337962963 0.0818896231472396 5.48766759069195e-05 918.49438477
17099036 99.8614351851852 0.0790736299263398 5.00760508748013e-05 826.36022949
17099038 99.8833912037037 0.0793812973383319 5.25348136391907e-05 804.07788086
17099039 99.9051388888889 0.0804849454594743 5.16765128782462e-05 838.86743164
17099040 99.9267708333333 0.0799367083394729 5.28363518846226e-05 804.97802734
17099041 99.9481018518518 0.0750978972337182 4.97944023400177e-05 816.68890381
17099042 99.969837962963 0.073522688089992 5.05695171286008e-05 766.28540039
17099043 99.9946180555556 0.0772837446447438 4.9680046637073e-05 808.49749756
17100001 100.016388888889 0.0790507216210693 4.96969888061362e-05 829.60449219
17100002 100.038171296296 0.0786988211631381 5.2358652991477e-05 777.81030273
17100003 100.059930555556 0.0777443935893925 5.19917279188665e-05 772.93115234
17100004 100.081608796296 0.0778531078475527 5.20043202062594e-05 738.42138672
17100005 100.103831018519 0.0784012224017673 5.45082017159021e-05 688.54772949
17100006 100.125601851852 0.0789730351659591 5.47622461344166e-05 668.10870361
17100007 100.147430555556 0.0794703804181758 6.69934767871707e-05 604.19689941
17100008 100.229039351852 0.0802864805827951 8.97727539562829e-05 864.55566406
17100009 100.241041666667 0.0783770643408316 5.05325674670398e-05 805.91204834
17100010 100.262708333333 0.0776774334037257 5.013629816697e-05 813.10327148
17100011 100.285578703704 0.0779203859767242 5.13728378120233e-05 818.37841797
17100012 100.307418981481 0.0799436194250968 5.06120901901753e-05 839.63995361
17100013 100.329548611111 0.0780516840926568 5.12284777150293e-05 832.78894043
17100014 100.351331018519 0.0753581916228275 5.03045814908981e-05 794.42578125
17100015 100.373912037037 0.0759433707439807 5.08985657460068e-05 792.17449951
17100016 100.395474537037 0.0742795755698855 4.94271951422754e-05 744.19763184
17100017 100.417314814815 0.0758496022485883 5.30013314841608e-05 764.47613525
17100018 100.438587962963 0.0756925729406083 5.23073057345308e-05 733.12597656
17100019 100.460289351852 0.0766109947168859 5.45839454423545e-05 639.20574951
17100020 100.481967592593 0.0777247703573284 5.55496537815566e-05 587.22259521
17100021 100.503796296296 0.0776311622728475 5.67196965696438e-05 565.96624756
17100022 100.525520833333 0.0758371589872521 6.17470339881299e-05 526.71612549
17100024 100.549490740741 0.0747678319779467 5.4995073436927e-05 444.77713013
