17038050 38.5090856481482 0.1664588767004 9.86188680296874e-05 1446.17810059
17038051 38.5237731481481 0.166095947505612 0.000273631693608035 1341.60754395
17038052 38.5264699074074 0.164285198156476 0.000106592821478609 1311.98803711
17038053 38.5402546296296 0.155035462543386 0.00022133218381745 1044.16918945
17038054 38.5624305555556 0.155663311053198 0.000183882404874223 933.77398682
17038055 38.5684143518518 0.154538124262039 0.000174283072929238 886.29418945
17038063 38.6804166666667 0.187881336569452 9.79052772864122e-05 1971.71105957
17038065 38.7004050925926 0.170533127813459 0.000180699627880085 1551.92700195
17038067 38.7097800925926 0.164877890513799 9.44747815273253e-05 1431.38488770
17038068 38.7297685185185 0.16196904781801 0.000246973150851343 1301.03894043
17038071 38.7399074074074 0.159552668517905 0.000163447481184015 1243.47851562
17038072 38.7494328703704 0.159348556941991 0.000225626515820855 1204.68701172
17038073 38.7541435185185 0.157529325872119 0.000102255021514223 1158.95080566
17038081 38.8842939814815 0.178241174480665 0.000766984232825477 2962.09375000
17038082 38.8860416666667 0.167705862508856 0.000559591439990277 2766.89257812
17038084 38.890150462963 0.202440684444339 0.000338808428120001 2474.62597656
17038085 38.893599537037 0.185644653006027 0.00012777419881219 2298.14379883
17038086 38.8992824074074 0.177712454998274 0.000134143094436091 2067.26245117
17038088 38.9116550925926 0.165395965713452 9.48773047976299e-05 1721.62048340
17038089 38.9223032407407 0.162621531486409 0.000222795912946521 1592.89111328
17038090 38.9265393518519 0.159465983904567 9.00020572269125e-05 1568.60437012
17038091 38.9497916666667 0.156208193996189 0.000102008560542247 1394.52368164
17038094 38.9689467592593 0.153639428497793 0.000144407527986503 1277.10339355
17038095 38.9775925925926 0.152361068323198 0.000142390324221447 1250.47290039
17039006 39.0505439814815 0.197435368551415 0.000335072360278268 2677.19775391
17039007 39.0544444444444 0.183379291238148 7.61323623457588e-05 2401.51000977
17039008 39.0719907407407 0.170144678306364 0.000100321499805799 1786.76464844
17039009 39.0883101851852 0.162320570847786 0.000103422874429288 1500.65979004
17039010 39.1039236111111 0.159405017283404 0.000106952022656922 1362.14135742
17039011 39.1191898148148 0.158067037920116 0.000110266158439364 1281.43957520
17039012 39.1337731481481 0.157307315891922 0.000144845342222153 1217.77661133
17039016 39.2249652777778 0.201452274830551 7.26726739970479e-05 2847.00903320
17039017 39.2430902777778 0.178337592923352 0.000104754158293574 1891.77929688
17039018 39.259212962963 0.168741129290215 0.000105442054469965 1565.39685059
17039019 39.2747685185185 0.163110912897169 0.000106590425419706 1396.83996582
17039020 39.290625 0.161490676439726 0.000110412375208128 1296.85937500
17039021 39.3055671296296 0.160447014263785 0.000118411591956602 1231.21350098
17039022 39.3193055555556 0.160209720659457 0.000109295632354525 1183.98095703
17039023 39.3349884259259 0.159927984248218 0.000118690336427774 1129.57519531
17039028 39.4602893518518 0.199432856723751 9.70964114765443e-05 2709.92626953
17039029 39.4746990740741 0.181170730866255 0.000109712226756953 1972.41052246
17039030 39.4826851851852 0.171021940395154 0.000104271051803727 1802.84887695
17039031 39.4979050925926 0.16663457168343 0.000191094670513881 1576.30126953
17039041 39.5170717592593 0.158305196430338 0.0001120638586606 1404.36694336
17039042 39.5304861111111 0.157344695370167 0.000813210143921664 1261.76684570
17039043 39.5317708333333 0.155953014963403 0.000245119980921601 1215.40979004
17039044 39.5356828703704 0.157059884540057 0.000122486917620009 1224.08532715
17039045 39.5483217592593 0.157321218968873 0.000191081758709476 1187.42675781
17039055 39.897974537037 0.177868547603547 0.000125004723126703 1761.74816895
17039056 39.9068518518519 0.143000285518692 9.76704421028613e-05 1357.95373535
17039057 39.9232986111111 0.145210996383845 7.58254614233596e-05 1240.16650391
17039058 39.9487384259259 0.131998233189603 7.71615145536914e-05 1030.42163086
17039059 39.9714467592593 0.152990890775531 9.07108391679721e-05 1540.58544922
17039060 39.9945717592593 0.141115835107386 0.000100188155563169 1371.79748535
17040001 40.0419444444444 0.159102990983257 0.000142516437747456 1437.25341797
17040002 40.0501388888889 0.158349880591768 0.000243848866870761 1430.65856934
17040003 40.0536689814815 0.159507045769793 7.4898347023348e-05 1407.55395508
17040004 40.0800578703704 0.162100011092268 0.000130475321713962 1282.89746094
17040005 40.0901388888889 0.163811368916624 0.000113831887317539 1283.55322266
17040006 40.1034953703704 0.164218364849186 0.000225229481441548 1240.80932617
17040007 40.1496990740741 0.184716743915164 8.33717613795041e-05 1986.24121094
17040008 40.1702777777778 0.165076725720376 7.38354936223997e-05 1821.02429199
17040009 40.1942939814815 0.159355403996274 7.49996209958288e-05 1726.63305664
17040010 40.2171990740741 0.165527022920934 7.54806105386423e-05 1748.39489746
17040011 40.2405092592593 0.168489653306401 8.75167191486386e-05 1666.43090820
17040012 40.259212962963 0.168829602580253 8.36798225835654e-05 1580.15393066
17040013 40.2804398148148 0.162880915896486 8.22837198259313e-05 1489.20544434
17040014 40.302037037037 0.165560448744665 7.85159108662028e-05 1336.73547363
17040015 40.3288773148148 0.171187150832401 0.000134750909447846 1266.46801758
17040016 40.3388657407407 0.173129552689856 0.000127506315447261 1255.63220215
17040045 40.6002314814815 0.155367978215933 0.000265242903112224 1305.42687988
17040046 40.6030671296296 0.153718826829594 0.000149003337724834 1261.27136230
17040047 40.6126041666667 0.153351820348937 0.000180544289582966 1195.21826172
17040048 40.6179166666667 0.154787850516501 0.000232158225817547 1248.03479004
17040049 40.6224652777778 0.154415378857489 0.000367912159013995 1251.68103027
17040050 40.6244328703704 0.153118466713774 0.000534682207549854 1262.45690918
17040051 40.6258680555556 0.153916975708884 0.000415980562433556 1286.49548340
17040052 40.6281944444444 0.154575530192126 0.000277668191231572 1309.99011230
17040059 40.6460069444444 0.157028866380566 0.000168940253831571 1394.99853516
17040062 40.6631944444444 0.156775648376624 8.87823358943758e-05 1419.51501465
17040063 40.6847685185185 0.157348732611659 8.02652408055838e-05 1386.69592285
17040064 40.7118287037037 0.158394698090343 9.07807552925785e-05 1341.29907227
17040065 40.7311458333333 0.157500885010759 0.00010014742497316 1255.39208984
17040069 40.8688310185185 0.15704769929785 9.1552311079866e-05 1751.69763184
17040070 40.8850231481482 0.157627703161772 0.000102798650308384 1464.68493652
17040071 40.8987037037037 0.155578304291985 9.17518306624267e-05 1479.63305664
17040072 40.9159143518518 0.153772076437511 9.15806933601104e-05 1344.84265137
17040073 40.9334027777778 0.155848956791848 8.3478545581944e-05 1209.69836426
17040074 40.9569907407407 0.158455665619234 0.000194874121964323 1065.73876953
17040078 40.9715509259259 0.161319768185623 0.000295279666513237 958.72070312
17040084 40.9848726851852 0.163363209665845 0.000274073329356108 900.65844727
17040085 40.9885532407407 0.165233541277415 0.000186115683360285 880.61004639
17041001 41.0321527777778 0.167964221973352 7.85139283621488e-05 1914.19799805
17041002 41.0550578703704 0.155898152453185 7.91450006056274e-05 1626.03942871
17041003 41.0769675925926 0.154275807478965 7.9797380965465e-05 1615.16772461
17041004 41.0998032407407 0.154586001612691 7.90033016930882e-05 1561.87731934
17041005 41.1219907407407 0.154131745481121 8.19365461376438e-05 1400.49780273
17041006 41.1439699074074 0.156497299977845 8.58804306302349e-05 1250.31018066
17041007 41.1659606481482 0.160822018416442 9.05280621731311e-05 1102.42553711
17041008 41.1881597222222 0.162420209143877 0.000117489808597175 1031.87683105
17041009 41.2234027777778 0.166517185489382 0.00011298553054536 1013.58203125
17041010 41.2547800925926 0.1696543447103 0.000109059767968458 877.60009766
17041011 41.3086805555556 0.170114228840086 7.27904377033521e-05 1843.96032715
17041012 41.3367824074074 0.158561203990307 8.02055985396639e-05 1718.24450684
17041013 41.3594560185185 0.158516651127604 8.0708659915273e-05 1647.71960449
17041014 41.3814467592593 0.155576327696763 9.87599861444735e-05 1397.55529785
17041033 41.8138773148148 0.179226837035842 0.000102464264553751 2351.84936523
17041035 41.8317939814815 0.167438766002618 9.71366659694377e-05 2124.81274414
17041037 41.8604976851852 0.162745443058894 8.65082062532799e-05 2022.40612793
17041038 41.8817361111111 0.161730165648099 9.89536977009368e-05 1905.36340332
17041039 41.8969444444444 0.160923708491874 8.75226829381794e-05 1854.63867188
17041040 41.9165277777778 0.160442084966786 9.67914004675346e-05 1794.83996582
17041042 41.9337847222222 0.160605056603651 0.000101277398923105 1726.81945801
17041044 41.9510648148148 0.160976738206256 8.89064334372673e-05 1619.85278320
17041045 41.9708796296296 0.162621942362937 0.000120918123004538 1512.84289551
17041046 41.982650462963 0.162657745153675 9.02871359186553e-05 1439.25158691
17042001 42.0020601851852 0.16335649627208 0.000109855375733332 1364.16418457
17042009 42.0569212962963 0.174179345277508 9.0138900595245e-05 2119.17041016
17042012 42.1411111111111 0.183186914732933 0.000126634012778429 2304.03955078
17042013 42.1530324074074 0.171149802688455 0.000118277103887943 2147.89770508
17042016 42.1656365740741 0.166386648073533 7.80893509888027e-05 1821.71032715
17042017 42.1875462962963 0.163379374624569 7.78765995698209e-05 1860.59216309
17042019 42.2126736111111 0.162756980816598 8.82495067313216e-05 1701.90380859
17042021 42.2310069444444 0.16369906760891 0.000226228414266206 1586.41650391
17042022 42.2347106481481 0.163344437814809 8.34725345156593e-05 1555.07031250
17042023 42.2564930555556 0.161055213937053 0.000136944580560582 1421.94714355
17042024 42.2652199074074 0.163182986115422 0.00010907415026892 1417.54821777
17042026 42.3104976851852 0.17438776899469 6.17687200066429e-05 2206.23364258
17042027 42.3475810185185 0.164656607631506 0.000361349877701291 1824.36901855
17042028 42.3493865740741 0.162843672532924 8.67273097192779e-05 1982.83642578
17042029 42.367974537037 0.158005176716012 8.78511306730771e-05 1722.38964844
17042030 42.3867476851852 0.15849642363643 7.87802826581856e-05 1582.73547363
17042031 42.4108449074074 0.161963176526707 8.0552946004432e-05 1487.69812012
17042032 42.4349652777778 0.164189663960854 0.000195115302485533 1379.08581543
17042074 42.7657060185185 0.185141297533512 0.000118142786520784 2687.57421875
17042075 42.7790509259259 0.169150469778318 0.000106373144258202 2460.36791992
17042076 42.790775462963 0.161637767883354 8.41897603613621e-05 2344.11889648
17042077 42.8077314814815 0.158146112707347 8.4515012934947e-05 2227.69018555
17042078 42.8245023148148 0.155515262917251 8.30321925005272e-05 2094.96875000
17042079 42.8434953703704 0.154641641419039 8.31356912696164e-05 1980.06506348
17042080 42.8613888888889 0.154401121454025 8.34552808193184e-05 1902.56066895
17042081 42.8791319444444 0.153826782367761 8.54537190987696e-05 1701.93444824
17042082 42.8970717592593 0.153542692287643 9.84581757163e-05 1608.11254883
17042083 42.9112962962963 0.156351954530161 8.65042987546231e-05 1676.06591797
17042084 42.9303935185185 0.158156208565799 8.46221392916243e-05 1690.68750000
17042085 42.9495486111111 0.159500501805889 8.89336870799465e-05 1615.07189941
17043001 43.0281018518519 0.172398817005303 7.46495373280602e-05 2581.11450195
17043002 43.0498263888889 0.149946325687498 7.8132864665754e-05 2148.53417969
17043003 43.0682060185185 0.144620874482181 6.83848197642669e-05 2054.53955078
17043004 43.0897916666667 0.149938744832686 7.34487301118351e-05 2042.25061035
17043005 43.1120601851852 0.153301578018141 7.46281539224788e-05 2066.24951172
17043006 43.133912037037 0.154322751201899 0.000147180631462492 1645.68115234
17043007 43.1408912037037 0.155899080965458 9.03312546786846e-05 1496.54467773
17043008 43.160162037037 0.159853942036496 8.94434147104606e-05 1244.17297363
17043009 43.1808680555555 0.167186181608864 8.12027793391621e-05 1253.48669434
17043010 43.2086458333333 0.173204492980695 9.1332358109868e-05 1218.82519531
17043015 43.3161689814815 0.17655164274385 8.14843360593398e-05 2636.03930664
17043016 43.3357986111111 0.153405590493081 7.06023975475834e-05 2306.18115234
17043018 43.3608101851852 0.154765958522273 5.97230054089195e-05 2161.98364258
17043019 43.3931365740741 0.156999528457961 6.91936129359537e-05 1873.27050781
17043020 43.4224305555556 0.155111015851996 9.91004348236777e-05 1132.24194336
17043021 43.4398148148148 0.16965722318254 9.42111818095463e-05 1193.24267578
17043044 43.6908101851852 0.198000405980693 0.000233094430995633 2770.31787109
17043045 43.6950578703704 0.174482258173717 8.55451864886929e-05 2546.70312500
17043046 43.7133564814815 0.161008863090598 8.60170422219081e-05 2362.64648438
17043047 43.7330092592593 0.156500635592913 8.07839668931643e-05 2248.12744141
17043048 43.7541550925926 0.159559098200866 8.82163875150111e-05 2211.55664062
17043049 43.7738078703704 0.159376601391205 0.000297295084543786 1947.76403809
17043050 43.7779050925926 0.159196561587738 0.000278917763831274 1876.20959473
17043051 43.7800231481481 0.159658716416344 9.04867240426712e-05 1859.23632812
17043052 43.7976041666667 0.154925040750089 9.06427295723314e-05 1628.20605469
17043053 43.8156365740741 0.139963260327614 8.77826166437702e-05 1413.62683105
17043054 43.834849537037 0.138784858813414 8.46081201422867e-05 1148.70190430
17043055 43.8551736111111 0.140785719434325 8.74581259771635e-05 1040.19775391
17043056 43.8746064814815 0.139106389930749 8.20170127396527e-05 1096.68847656
17043057 43.8958796296296 0.140296381632598 0.000270755426100893 990.17456055
17043060 43.9328240740741 0.181381239747026 9.61127924197782e-05 2648.58837891
17043061 43.948900462963 0.159339488827277 8.48286637699338e-05 2473.54394531
17043063 43.9698958333333 0.141544503641469 7.805752965791e-05 2112.68823242
17043064 43.9884143518519 0.134207132677431 7.62694863745326e-05 1889.06738281
17044001 44.0057060185185 0.134331710049577 9.81823755351398e-05 1818.97326660
17044002 44.0189351851852 0.137512324685256 7.90006314987428e-05 1899.04626465
17044003 44.0377314814815 0.137060054054777 7.08343917312892e-05 1644.88488770
17044004 44.0597337962963 0.138301898707465 7.18181849829171e-05 1521.34265137
17044009 44.2030439814815 0.185243142364845 8.95747805535966e-05 2897.22119141
17044010 44.2202199074074 0.153352134081215 7.22149252752028e-05 2411.92016602
17044011 44.2422106481482 0.141638717707642 0.000123036368939024 2086.98095703
17044012 44.2495601851852 0.138690499574353 0.000195470131498987 1970.74157715
17044023 44.5970717592593 0.169462921127944 0.000109378592069527 2741.96923828
17044024 44.6086458333333 0.146492014477965 8.7561379750681e-05 2283.79638672
17044025 44.6229398148148 0.133122290688927 8.2438022490934e-05 1982.91552734
17044026 44.6376157407407 0.123674075610784 5.76489282019479e-05 1853.28381348
17044027 44.6653935185185 0.125201264060043 5.96520057422592e-05 1643.35583496
17044028 44.6905671296296 0.133802911720151 6.27221624733649e-05 1734.80358887
17044029 44.7160069444444 0.133740059987564 6.89535801619349e-05 1654.88867188
17044030 44.739375 0.132581756639974 6.45507827779122e-05 1530.86584473
17044031 44.7664467592593 0.134629187386425 0.000124204826784607 1327.13952637
17044032 44.7721064814815 0.133426454990698 7.17538815832622e-05 1306.75537109
17044033 44.7946875 0.137202485800917 6.74710685000153e-05 1329.76367188
17044034 44.823599537037 0.140127518584802 6.85220941056242e-05 1242.03637695
17044035 44.8525578703704 0.138710504604414 6.70312299416081e-05 1138.17651367
17044036 44.8818981481481 0.136924566094506 0.000157337581244148 1134.59399414
17044039 44.9254282407407 0.190974027989791 0.00029761915762034 2757.16650391
17044040 44.929537037037 0.162951448137014 8.22662665186695e-05 2400.68408203
17044041 44.9482291666667 0.134514058334789 6.56410302266105e-05 2080.56323242
17044042 44.9714236111111 0.120412710733943 5.68154026053885e-05 1855.90600586
17044043 44.9976388888889 0.119257274427136 6.54842289882655e-05 1632.78125000
17045001 45.0176157407407 0.122887041758801 6.3577704590994e-05 1665.92419434
17045002 45.039375 0.126978155560259 6.40797172821749e-05 1737.50061035
17045003 45.0620486111111 0.13212674644816 6.90560603941734e-05 1564.11425781
17045004 45.0841898148148 0.129877913286212 6.73227368924821e-05 1568.82397461
17045005 45.1068287037037 0.129665398246219 6.82907441423793e-05 1464.08789062
17045006 45.1299537037037 0.1293491449208 0.000120852757728288 1342.21423340
17045007 45.1401736111111 0.129726825400383 7.31737852023575e-05 1262.10156250
17045008 45.1620486111111 0.131860902759603 7.66203882504718e-05 1099.65795898
17045009 45.1839236111111 0.136235090462727 8.02827831649455e-05 1017.26593018
17045010 45.206712962963 0.139795300550994 0.000179393695972706 862.31945801
17045039 45.8744328703704 0.153038565242597 7.00476384112679e-05 2252.63256836
17045040 45.8992013888889 0.137975631915356 6.4736741968698e-05 1668.91210938
17045041 45.9259375 0.124702523347032 8.40527400778043e-05 1850.42919922
17045043 45.941400462963 0.120607918943329 8.59588049018774e-05 1724.21569824
17045044 45.9488078703704 0.123320953244588 6.03536104965569e-05 1743.96826172
17045045 45.9753819444445 0.127131068069073 6.36349780321733e-05 1691.11132812
17045046 46.000474537037 0.128183384983397 7.40797412236043e-05 1626.18920898
17046001 46.0189236111111 0.129951896555164 6.83267442591812e-05 1471.24353027
17046002 46.0408101851852 0.131440076579266 6.99323630074661e-05 1427.69348145
17046004 46.0649537037037 0.132891238797281 7.31306749338153e-05 1297.88659668
17046005 46.0869791666667 0.13511522842026 8.76787993720363e-05 1228.26464844
17046006 46.1036342592593 0.135240998850182 0.00023852219229193 1177.95886230
17046007 46.1065046296296 0.136780977743589 0.000134154858894736 1174.40979004
17046008 46.1163194444444 0.138550428809263 0.000126769929469423 1166.72705078
17046009 46.1992939814815 0.175984075949985 8.11078127128985e-05 2221.39477539
17046010 46.2203125 0.153630948318195 7.34392017274963e-05 2188.40527344
17046011 46.2420023148148 0.142946190645482 6.96585957236843e-05 2279.77954102
17046012 46.2635185185185 0.138062085541504 6.75630215332895e-05 2143.77905273
17046013 46.2856944444444 0.136335626954413 6.87036850443944e-05 1842.23376465
17046014 46.3077662037037 0.135531870916219 6.79651033432402e-05 1551.90832520
17046015 46.3313541666667 0.138386047323894 6.5268055223764e-05 1456.50952148
17046016 46.3589699074074 0.140602703293293 0.000102828910243984 1341.91369629
17046017 46.3720601851852 0.141803264267732 0.000112009689698881 1267.61145020
17046022 46.523587962963 0.163508120480514 7.04704100866915e-05 2425.87670898
17046023 46.5552777777778 0.127842549117029 7.1798535144697e-05 1911.26074219
17046029 46.6625 0.143671579606657 6.63868080403723e-05 2331.09204102
17046030 46.6885416666667 0.12762266185054 5.87398302282416e-05 1959.33825684
17046031 46.7132060185185 0.132192396792138 6.3517061633359e-05 1765.43652344
17046032 46.737349537037 0.133334737265208 5.92817826374019e-05 1816.72387695
17046033 46.7631597222222 0.135378841343008 6.44975264712142e-05 1697.34875488
17046034 46.7874189814815 0.137811701019289 6.54263151198201e-05 1587.74475098
17046035 46.8186574074074 0.138256725503207 0.00010610928162854 1446.92041016
17046036 46.8311111111111 0.139582659775822 9.61967996484623e-05 1408.50109863
17046037 46.8453356481482 0.140428858438422 7.14823758849217e-05 1381.01794434
17046039 46.8691550925926 0.143532847436336 7.96541154766152e-05 1242.49633789
17046040 46.8904861111111 0.145798107756115 0.000142048265726002 1149.21582031
17046043 46.9390740740741 0.187575827949169 0.000120346952319546 2632.81713867
17046044 46.9452430555556 0.171323301232549 0.00013428346738937 2568.06201172
17046045 46.955462962963 0.154282400672833 0.000132029865436918 2346.75390625
17046046 46.9658680555556 0.140051444821592 0.000102872502889074 2116.66088867
17046047 46.9772106481481 0.125113758418655 5.81989711821697e-05 1982.06665039
17047001 47.0049074074074 0.121343745156197 7.44048993807849e-05 1682.23132324
17047002 47.0198611111111 0.12870746012648 6.50966910720342e-05 1694.52294922
17047003 47.041412037037 0.135895098065405 0.000133468963441414 1770.54174805
17047004 47.0479398148148 0.136912607022339 6.92203523671975e-05 1680.35461426
17047005 47.0694328703704 0.1402501799383 0.000118521296512597 1519.87695312
17047010 47.0865509259259 0.141559244266751 0.000120892561498092 1424.74780273
17047011 47.0948263888889 0.141501161370163 7.37013966114637e-05 1363.16516113
17047012 47.1168402777778 0.145810994283336 7.68673569558419e-05 1269.92370605
17047013 47.1384490740741 0.146740822243329 0.000110503949689624 1154.66137695
17047014 47.1499537037037 0.14877506421714 8.08413883549686e-05 1119.35412598
17047015 47.1716435185185 0.149742675888846 8.28577277424315e-05 1062.56372070
17047016 47.1929861111111 0.15118745464721 0.000158285358314639 1053.25427246
17047017 47.2021990740741 0.151541834979192 8.44759299499462e-05 1024.75256348
17047019 47.2625115740741 0.161907364067927 7.71037102311439e-05 2478.87084961
17047020 47.2841087962963 0.133045365296816 6.44426224400208e-05 2032.82458496
17047021 47.3055787037037 0.123128003385823 6.05645065041166e-05 1675.41369629
17047022 47.3276967592593 0.12324947450858 6.21836385795622e-05 1668.62585449
17047023 47.350462962963 0.129061396244208 0.000109951904715604 1773.31701660
17047024 47.3611805555556 0.130984901237782 0.000199221699248675 1806.10791016
17047040 47.540775462963 0.161609154471722 7.08249785082386e-05 2447.94287109
17047041 47.5655671296296 0.130220737302062 6.24112029120479e-05 2003.47229004
17047042 47.5882407407407 0.123145436366849 6.27401958240655e-05 1709.46423340
17047043 47.6104398148148 0.127807855837803 7.15376829155005e-05 1622.52026367
17047044 47.643587962963 0.136190598135279 7.46905285941771e-05 1811.84643555
17047045 47.6612731481482 0.137764584424552 6.75790926282977e-05 1761.38940430
17047046 47.6829976851852 0.138421761312638 0.000100073995393544 1628.48815918
17047047 47.6943518518518 0.138854467179188 0.000110237404992025 1545.39648438
17047048 47.7029282407407 0.139866861199092 0.000104862490472815 1565.77087402
17047049 47.7136226851852 0.140226122646493 6.69158711747298e-05 1506.44787598
17047050 47.7382407407407 0.142579104595444 7.6025356339262e-05 1399.85607910
17047051 47.7602777777778 0.144960730411636 8.97071207984624e-05 1336.08959961
17047052 47.7762847222222 0.145732668965106 7.7033440204484e-05 1258.13000488
17047053 47.7981597222222 0.147401323895322 0.000107886099311717 1178.34045410
17048001 48.0234837962963 0.177703183279751 0.000129175739464938 2540.84130859
17048002 48.0361226851852 0.164340900262127 7.98771834646094e-05 2364.41992188
17048003 48.0561342592593 0.148849280059547 8.77203447048365e-05 2340.16577148
17048004 48.0779282407407 0.134486545357862 6.75580975420867e-05 2004.12402344
17048005 48.100162037037 0.131381453986806 6.34112621831216e-05 1861.39062500
17048006 48.1216550925926 0.139653060225636 6.86916273154798e-05 1924.45056152
17048007 48.1438773148148 0.146302804824894 7.57613514352566e-05 1957.25964355
17048008 48.1657291666667 0.149506650111524 8.01929288086531e-05 1695.72595215
17048009 48.1854976851852 0.151788295344666 7.37763293750382e-05 1598.47546387
17048010 48.2074537037037 0.155814573419753 7.89889419247581e-05 1441.61657715
17048011 48.2297569444445 0.159399026455894 8.36105312932214e-05 1195.20825195
17048012 48.2512615740741 0.163193662507817 8.50711350920381e-05 1174.62963867
17048013 48.2729166666667 0.165951750676422 8.76437566512483e-05 1222.40637207
17048014 48.2944560185185 0.168928505519424 9.58319833647862e-05 1126.95373535
17049005 49.072650462963 0.148303531639948 0.000657371420571238 2711.22998047
17049007 49.0798958333333 0.177471770158105 8.79994898609436e-05 2547.75146484
17049008 49.1007407407407 0.169691940816894 0.000186754061967308 2211.14428711
17049013 49.1225925925926 0.173078494446714 7.95639392468134e-05 2220.52172852
17049014 49.1448263888889 0.172780056051181 8.8871629592973e-05 2022.26416016
17049015 49.2046759259259 0.186771172989698 0.000434999220074312 2342.46435547
17049016 49.2065393518519 0.368207885221389 0.00436460153499946 2247.25195312
17049017 49.2287268518519 0.341070506569843 0.00401205139160088 2385.69628906
17049018 49.2511805555555 0.315347943734312 0.00396963863039308 2159.73950195
17049019 49.2728703703704 0.302531900911768 0.00437788829503431 1664.61059570
17049020 49.294525462963 0.299261890570455 0.00448872052376165 1561.01330566
17049021 49.3150694444444 0.333749678386367 0.00428886519707631 2016.45825195
17049022 49.3367708333333 0.167502794408839 0.00338679135744422 2035.68103027
17049023 49.3564467592593 0.338915876322864 0.00449001545271872 1882.12841797
17049024 49.3788078703704 0.339755230243656 0.00464810439014007 1761.84985352
17049025 49.4004282407407 0.17132338449744 0.00380252978650763 1682.67785645
17049026 49.4134953703704 0.166614834114743 0.00378824774659251 1611.90600586
17049027 49.4184375 0.518880340882635 0.00517302244067728 1612.83068848
17049028 49.4400810185185 0.204768747613271 0.00489272641115241 1401.11303711
17049029 49.4479976851852 0.190761658489093 0.001662447626336 876.37908936
17049044 49.5904166666667 0.198857018404948 5.13471516233883e-05 2855.01269531
17049045 49.6129166666667 0.174520847945204 5.47147955369026e-05 2348.36694336
17049046 49.6347569444444 0.162562225603563 6.2484927895709e-05 1999.21630859
17049047 49.656400462963 0.164421343176951 6.50605888469028e-05 1803.38317871
17049051 49.6853703703704 0.165122697893076 7.45734816136141e-05 1529.43176270
17049052 49.7057638888889 0.165073199110595 8.1509216313112e-05 1364.05090332
17049053 49.7253935185185 0.157823150589932 0.000140013076252729 1261.94091797
17049054 49.7339583333333 0.157399138532395 7.97987943921779e-05 1245.29174805
17049055 49.7528819444444 0.15429700785184 7.1446942388559e-05 1336.97290039
17049056 49.7750115740741 0.154631371043245 6.93702067370879e-05 1359.24914551
17049057 49.7983680555555 0.15432059887185 6.91635003255059e-05 1277.15002441
17049058 49.8233564814815 0.153954038503297 0.000119973741018958 1212.22570801
17049059 49.8349884259259 0.155393194346216 8.25616283346098e-05 1182.30664062
17049060 49.8542824074074 0.155527225446336 8.28212536323709e-05 1137.43408203
17049061 49.8736111111111 0.147266227949872 8.70029282893054e-05 1026.02319336
17049066 49.9548958333333 0.16476242224842 6.39317354132639e-05 1988.31762695
17049067 49.9766782407407 0.148907542899339 6.1522398115269e-05 1714.01452637
17049068 49.9982407407407 0.141413380752214 6.26476855786379e-05 1536.11962891
17050001 50.0193055555556 0.131678260305923 5.86467399749015e-05 1500.03076172
17050002 50.0408680555556 0.133669582751893 5.8418656859163e-05 1457.31359863
17050003 50.0628125 0.140461412266043 6.02625138887466e-05 1523.42248535
17050004 50.0844675925926 0.150467913523686 6.39168021777633e-05 1577.95544434
17050005 50.1058449074074 0.153625055287458 6.56431976659564e-05 1516.75329590
17050006 50.1281365740741 0.156290288398746 7.06057283375749e-05 1439.28735352
17050007 50.1500115740741 0.157348122616214 7.40049804864022e-05 1337.77392578
17050008 50.1716782407407 0.159654214319958 7.66831095447298e-05 1233.34643555
17050009 50.1931712962963 0.163068020348697 8.0689698982288e-05 1188.81665039
17050010 50.2144560185185 0.164315503762222 9.00954953495125e-05 1119.35095215
17050013 50.3762962962963 0.14552037688491 7.96064216262455e-05 1665.65820312
17050014 50.3921412037037 0.135270509654896 5.81798925867844e-05 1549.77038574
17050015 50.4137268518519 0.131692372483889 5.94272540076088e-05 1465.21545410
17050016 50.4350925925926 0.137228715668373 5.99457155975565e-05 1460.76562500
17050024 50.4684143518519 0.151954914311948 6.20382539594106e-05 1645.23046875
17050025 50.4912037037037 0.153656004944533 6.58796375763184e-05 1526.47912598
17050026 50.5137268518518 0.157868021360633 7.27180436589193e-05 1380.85363770
17050027 50.5358796296296 0.160088501332244 7.70157096717578e-05 1297.71606445
17050028 50.5573842592593 0.161824374903996 8.47338110947127e-05 1191.70886230
17050030 50.6653240740741 0.173673811304484 6.03476377766833e-05 2321.61401367
17050031 50.6854861111111 0.143221857352435 5.37652716267724e-05 1789.34777832
17050032 50.7128935185185 0.125809430262222 5.2324651767549e-05 1466.62939453
17050033 50.7408449074074 0.122257920077968 0.000123241275621727 1339.28759766
17050034 50.7475115740741 0.122657786907296 5.2731776907496e-05 1362.73291016
17050035 50.776087962963 0.12480520695946 5.15571028378188e-05 1220.32897949
17050036 50.8047569444444 0.127270164221982 0.000171185546474839 1386.18762207
17050037 50.8115162037037 0.131319674359994 5.26778658917334e-05 1400.72875977
17050038 50.8393981481481 0.136219056453185 5.49020037282932e-05 1449.24963379
17050039 50.8657291666667 0.143269570470503 5.41457551133416e-05 1550.58630371
17050040 50.8940046296296 0.145690202654602 6.05435194847e-05 1518.52514648
17050041 50.9195486111111 0.148415309699331 5.25208129554012e-05 1411.31469727
17050047 50.9912731481481 0.187026449868528 0.0001131751887218 2145.06689453
17050048 50.9986226851852 0.164204366072565 6.78031591360142e-05 1847.89941406
17051001 51.0190972222222 0.143710987482964 6.11653817137486e-05 1723.42895508
17051002 51.0404861111111 0.129472729421253 5.78752324604602e-05 1421.80383301
17051003 51.0632175925926 0.124893772153777 5.76225481230967e-05 1429.77282715
17051004 51.0845949074074 0.124732490289532 5.87200598872582e-05 1393.01306152
17051005 51.1066782407407 0.128310815489424 5.68969990397428e-05 1409.86767578
17051006 51.1290856481481 0.130951607463655 5.98887349022194e-05 1387.70471191
17051007 51.1505324074074 0.134738866056833 5.97871987649711e-05 1399.91796875
17051008 51.1729166666667 0.138710645460001 0.000156714923888271 1485.96142578
17051011 51.1801388888889 0.141657890996594 0.000100399884312186 1533.90686035
17051012 51.1909837962963 0.143361866795313 0.00013360654059237 1565.19067383
17051013 51.3514930555556 0.168967000304807 6.19789750867496e-05 2240.70434570
17051014 51.3707986111111 0.142305461131275 5.99085276738336e-05 1684.96716309
17051015 51.3926851851852 0.129060186274206 5.94402072163089e-05 1484.91674805
17051016 51.4145138888889 0.12608461868271 5.77188831201451e-05 1464.67675781
17051017 51.4361342592593 0.126163833897341 5.65556109760686e-05 1451.39819336
17051018 51.457974537037 0.12807974283011 5.53623996312243e-05 1438.53210449
17051019 51.4819328703704 0.131570642196473 5.91600782347212e-05 1460.89501953
17051020 51.5037731481481 0.137515482645479 5.85866314063048e-05 1537.12292480
17051021 51.5267939814815 0.141180229463382 6.17067658081234e-05 1536.76074219
17051022 51.5485763888889 0.14448650289456 8.31367762606506e-05 1575.38500977
17051023 51.5630324074074 0.144974538431825 9.47473883547153e-05 1521.03039551
17051024 51.574537037037 0.146370008469436 6.51573297420968e-05 1475.63378906
17051025 51.5972453703704 0.147320461087691 6.75595208830269e-05 1389.35363770
17051026 51.6189236111111 0.153501112765762 7.31929738335557e-05 1339.01892090
17051031 51.6710185185185 0.167375906292887 5.91459037763638e-05 2265.10473633
17051032 51.6913425925926 0.147539209104591 0.000124152874487291 1653.23376465
17051033 51.6987268518519 0.134861066194661 5.57637557679075e-05 1624.06762695
17051034 51.7230671296296 0.125986772217438 5.58624481575666e-05 1369.95300293
17051035 51.7477777777778 0.128865382912205 5.46665001419984e-05 1442.30700684
17051036 51.7728472222222 0.127548430597272 5.61117590427748e-05 1405.63330078
17051037 51.8000810185185 0.130200037846964 5.92684738186877e-05 1427.59533691
17051038 51.8223726851852 0.133114863239723 5.63820988674743e-05 1394.94470215
17051039 51.8476967592593 0.137115636231949 0.000144473471594617 1474.39526367
17051040 51.8571527777778 0.136490807473892 0.000282190033828495 1517.72094727
17051041 51.8604398148148 0.139793946158351 9.90084829611496e-05 1487.13952637
17051042 51.8697800925926 0.142123882031721 0.000287765295093201 1573.21423340
17051043 51.8719675925926 0.143804533448709 8.63691432699374e-05 1565.52001953
17051044 51.8809375 0.145423757797499 8.39882671444896e-05 1555.25024414
17051045 51.8935069444444 0.146989532425147 6.85050687126318e-05 1514.94885254
17051046 51.9135185185185 0.148787642450237 6.60250114718731e-05 1425.86340332
17051048 51.9542361111111 0.152134212282755 7.97796664686356e-05 1315.32092285
17051049 51.9665972222222 0.154255874593413 8.25309549163145e-05 1280.01306152
17051050 51.9842361111111 0.154936854069064 9.09607302877438e-05 1232.46166992
17052003 52.0331134259259 0.184308822225602 0.000124267924911527 2376.57812500
17052004 52.0404398148148 0.155411758728007 6.34239570459973e-05 1930.91455078
17052005 52.0614236111111 0.138379944422858 5.99038111999336e-05 1617.86206055
17052006 52.0830787037037 0.131495830068727 5.96419074746707e-05 1459.73547363
17052007 52.1047800925926 0.131247779875509 5.9325319449685e-05 1420.04333496
17052008 52.12625 0.131423406813873 5.59302230078151e-05 1476.39379883
17052009 52.151412037037 0.131790559743943 0.000123517490874709 1455.52587891
17052010 52.1578240740741 0.134322966434495 6.07523759942282e-05 1460.57519531
17052011 52.1794907407407 0.138331913940901 6.05752561880797e-05 1469.71472168
17052012 52.2011342592593 0.144073879065631 6.32508882775286e-05 1511.50439453
17052013 52.2225694444444 0.14594604565022 6.33847635211722e-05 1570.84741211
17052014 52.244212962963 0.148057865601101 6.67520583411593e-05 1486.03759766
17052015 52.2657060185185 0.144145778747055 6.7481608785074e-05 1358.07336426
17052016 52.2875810185185 0.149770341657261 6.98321450287273e-05 1283.79724121
17052017 52.3098032407407 0.151590401337714 7.54976189932324e-05 1240.33984375
17052018 52.3304976851852 0.152754181780823 7.48086073435399e-05 1187.25634766
17052019 52.3523726851852 0.154329439235684 0.000272834072241613 1146.40539551
17052026 52.3861342592593 0.173100450921992 6.05739162813635e-05 2397.38623047
17052030 52.4134027777778 0.139897905174493 6.01277715170392e-05 1650.62341309
17052051 52.6036921296296 0.161201663154111 6.26334331749341e-05 2120.75122070
17052052 52.6254861111111 0.142514313961889 0.000174180613293853 1612.08776855
17052053 52.6330439814815 0.132600368996535 6.22944963966148e-05 1594.31958008
17052054 52.6563425925926 0.123315165429091 6.07134417655364e-05 1340.98352051
17052055 52.6786111111111 0.122275912532278 5.3613203843203e-05 1345.44335938
17052056 52.7041666666667 0.124217179730593 5.53222227253525e-05 1339.90893555
17052057 52.7280324074074 0.127517011184699 5.86163400938923e-05 1397.80786133
17052058 52.749837962963 0.132857118115665 5.53556539947499e-05 1403.53759766
17052059 52.7752662037037 0.137717569982798 5.75278346392858e-05 1434.52844238
17052060 52.8001041666667 0.146454026400221 5.82110683880016e-05 1602.64929199
17052061 52.826087962963 0.148913495038391 6.50190058465246e-05 1499.41955566
17052062 52.8497106481481 0.154381591736194 6.60993904758439e-05 1430.57482910
17052063 52.8745023148148 0.157928071928341 7.05019473081781e-05 1349.66259766
17052064 52.8984027777778 0.159314509842889 7.78841827951199e-05 1273.83154297
17052065 52.9191550925926 0.161104797066197 0.00010509795269484 1198.18701172
17052067 52.9732060185185 0.19208711627435 0.000133590649639077 2449.92187500
17052068 52.9788888888889 0.15863992610363 5.82210050044321e-05 2073.49658203
17053001 53.0051967592593 0.139421433523583 7.65406814079153e-05 1619.59277344
17053002 53.0190625 0.132304459340595 9.84389835856298e-05 1506.85632324
17053003 53.0296296296296 0.127747687326729 7.77254390918701e-05 1487.85095215
17053004 53.0453356481482 0.123867664616227 5.75681960320224e-05 1337.23168945
17053005 53.066875 0.123370190740793 5.75073220738206e-05 1403.63891602
17053006 53.0887384259259 0.12556077735272 5.84583067710972e-05 1374.75878906
17053007 53.1105092592593 0.128960601501842 5.91218275850615e-05 1452.00146484
17053008 53.1316898148148 0.133354800925036 5.89351333489626e-05 1429.04199219
17053009 53.1537268518519 0.137208742810258 6.11817393361331e-05 1473.21972656
17053010 53.1753819444444 0.142023098253911 6.096110196879e-05 1524.22009277
17053011 53.1975694444444 0.148282795350618 6.35801387359273e-05 1569.05151367
17053012 53.2192476851852 0.150021680755876 6.66383030408783e-05 1516.20019531
17053013 53.2405902777778 0.15262295030275 6.95271391241708e-05 1419.46252441
17053014 53.2619444444444 0.15464005910538 7.40816870949101e-05 1350.97070312
17053016 53.2940162037037 0.155967137524771 0.000186321986700929 1263.57739258
17053020 53.3373842592593 0.180121052245299 0.000201461446641958 2067.40747070
17053022 53.3412731481482 0.16478655375214 0.000109717755998639 1956.20983887
17053023 53.3494444444444 0.147653368373041 6.13038304760367e-05 1757.31616211
17053024 53.3716203703704 0.133474817366064 5.80363344120531e-05 1421.06677246
17053025 53.3938888888889 0.127875782739976 5.84045274995631e-05 1430.72631836
17053026 53.4157175925926 0.128848335994155 5.78373945765476e-05 1461.01733398
17053027 53.4378009259259 0.133412889400085 6.04192740738245e-05 1460.78295898
17053030 53.4626041666667 0.136866478014078 7.62232296472819e-05 1462.46105957
17053031 53.4828240740741 0.144936927465177 0.000134440108767206 1618.46899414
17053032 53.4872569444444 0.147113200704856 6.4166014549879e-05 1560.38293457
17053033 53.5084606481481 0.151097295111653 6.50317495079237e-05 1621.53723145
17053034 53.5299884259259 0.152968820722525 6.72009123283647e-05 1571.10791016
17053035 53.5515625 0.157805155333952 6.80236562604651e-05 1525.46630859
17053036 53.5754166666667 0.162997229927449 7.52967618443608e-05 1395.06335449
17053037 53.5970486111111 0.168076541965351 7.7696127685294e-05 1311.83630371
17053038 53.618912037037 0.172554816344702 7.77855810099991e-05 1263.83532715
17053039 53.6422569444444 0.174920970079525 9.10986049530927e-05 1207.92895508
17053041 53.7421875 0.171607974376557 0.00013477079540696 1924.15917969
17053042 53.748275462963 0.148217992276213 5.48325279331555e-05 2160.73583984
17053043 53.777037037037 0.127328914063006 5.56621992548755e-05 1519.28076172
17053044 53.8015625 0.121737499696669 5.66940129613992e-05 1097.23303223
17053045 53.82625 0.123660337416886 0.000166598906838821 1135.70129395
17054006 54.1313310185185 0.164847026925135 5.84642511008907e-05 1978.44482422
17054007 54.1531365740741 0.141045680733242 6.27071357154155e-05 1544.19311523
17054008 54.174849537037 0.129674824176595 6.19530097654896e-05 1432.90710449
17054009 54.196412037037 0.125697794074906 5.84906167232291e-05 1409.31457520
17054010 54.2180902777778 0.125187981076165 5.92065462870887e-05 1364.65844727
17054011 54.2399652777778 0.121627363174518 5.95848541200698e-05 1303.74694824
17054012 54.2616319444444 0.1287539304772 5.96027979725572e-05 1168.53662109
17054013 54.2834259259259 0.132747731706743 6.13236045610272e-05 1456.38134766
17054014 54.3039236111111 0.13592947021779 6.18085162641214e-05 1241.81311035
17054015 54.3267476851852 0.139497281717626 6.18346285199601e-05 1404.19665527
17054016 54.3504976851852 0.142056267202708 0.000239069399150806 1522.51501465
17054017 54.3534837962963 0.137406207383759 0.000910087237936203 1502.56457520
17054020 54.3596412037037 0.142183499663671 0.000268156046633869 1469.15222168
17054021 54.3630555555556 0.14260728878198 0.000107964657721687 1488.19311523
17054022 54.3713310185185 0.143698815517732 6.89100908976035e-05 1433.26928711
17054023 54.3912615740741 0.144657836280326 6.66608365347197e-05 1373.15039062
17054026 54.4193171296296 0.146665475203718 6.98358286691478e-05 1340.62817383
17054027 54.4415046296296 0.147729441560259 0.000184126351518125 1264.05456543
17054028 54.4465856481482 0.146564704657074 8.30630856211253e-05 1242.06201172
17054040 54.6328935185185 0.183058780531399 6.00897877193214e-05 2217.20239258
17054041 54.6544675925926 0.157263646873002 6.70442975912272e-05 1859.75146484
17054043 54.6767361111111 0.142306493455675 5.8549667423894e-05 1536.94653320
17054044 54.7010185185185 0.135671682551953 5.31827984312482e-05 1443.19689941
17054045 54.7300231481481 0.134078647443455 6.17506809818865e-05 1390.68847656
17054046 54.7519097222222 0.137041834821131 5.96626176502358e-05 1396.01062012
17054047 54.7756481481482 0.140892836582919 5.45394252366247e-05 1442.97387695
17054048 54.8053819444444 0.142431813628257 6.59825869207743e-05 1349.85510254
17054049 54.827337962963 0.148070645015778 6.19889992310298e-05 1491.41113281
17054050 54.851724537037 0.140784893885343 6.13223839512558e-05 1304.64099121
17054051 54.8766782407407 0.147902362800973 5.62564651467925e-05 1303.58288574
17054052 54.9096180555556 0.154725201987856 7.83271449778176e-05 1250.04687500
17054053 54.9285763888889 0.156510729051244 7.36763260476329e-05 1193.85607910
17054054 54.9519097222222 0.157816908713144 0.000137441291406548 1127.11694336
17055001 55.0317592592593 0.195821855330363 8.2898730835043e-05 2218.22534180
17055002 55.0421759259259 0.168618225233561 6.65327455427653e-05 1936.85449219
17055003 55.0634259259259 0.146820854524033 6.37639585488677e-05 1600.46179199
17055004 55.0851388888889 0.137222668088367 6.26350387883928e-05 1443.32800293
17055005 55.1068055555556 0.131956397851187 6.0416076462519e-05 1388.15222168
17055006 55.1285069444444 0.131853947675768 6.03505072618229e-05 1344.88989258
17055007 55.1503587962963 0.133860184455962 6.08250759009246e-05 1349.23120117
17055008 55.1724189814815 0.138597760068314 5.99472636250813e-05 1397.28906250
17055009 55.197349537037 0.141621069897776 6.37375255878946e-05 1415.83996582
17055010 55.2189814814815 0.148454064233467 6.61941465059923e-05 1483.87524414
17055011 55.2406712962963 0.148151036302536 6.69286660893345e-05 1451.63549805
17055012 55.2623032407407 0.15068294702167 6.95270621642714e-05 1372.44592285
17055013 55.2840393518518 0.152362156609731 7.06972632089716e-05 1305.22485352
17055014 55.3057986111111 0.154050695202172 0.000100277564728559 1232.87902832
17055015 55.3179861111111 0.155754884838948 9.96474282204156e-05 1196.22827148
17055033 55.9594444444445 0.14190524135318 6.18854439720341e-05 1582.77673340
17055034 55.9834027777778 0.131137712893916 9.07280363449157e-05 1379.07067871
17055035 55.9941319444444 0.125594093416746 7.54196467612088e-05 1322.09167480
17056007 56.0231365740741 0.120518225194743 8.10438968028692e-05 1248.20422363
17056019 56.269837962963 0.145823925054761 6.42930149575002e-05 1626.76318359
17056020 56.2926273148148 0.131969241207958 6.19448275342475e-05 1437.78906250
17056022 56.3162037037037 0.124886080284013 5.72449417620787e-05 1325.13024902
17056023 56.3395023148148 0.124076594851179 5.90155304381621e-05 1246.18542480
17056024 56.3624652777778 0.12199829475605 5.74402677323457e-05 1258.50170898
17056025 56.3871412037037 0.121168665750645 7.29406858722522e-05 1115.37438965
17056026 56.4024768518519 0.122547532524828 6.10903107610454e-05 1056.16003418
17056027 56.4250925925926 0.123794720066075 6.91793176854813e-05 1006.68927002
17056028 56.4436111111111 0.126145267275081 0.00023657487760128 1001.74945068
17056036 56.4834143518518 0.133714895780798 0.00010284644346491 1045.03588867
17056050 56.9624768518518 0.150378931209756 6.38258955565628e-05 1725.88476562
17056051 56.9798263888889 0.134178946374365 6.21152839422899e-05 1465.74731445
17057001 57.0025231481481 0.12400311824027 7.28465554620524e-05 1292.04431152
17057002 57.0191550925926 0.120320713750903 6.13964252769693e-05 1291.40710449
17057003 57.0409953703704 0.121124586274539 0.000387678997995656 1243.89196777
17057006 57.0462731481481 0.120694700846871 0.000776680966698801 1250.01464844
17057010 57.0562731481482 0.120669491651618 5.98819681280672e-05 1218.92712402
17057011 57.0777777777778 0.122819957353739 6.04676644618652e-05 1243.54370117
17057012 57.0994328703704 0.125097651826855 8.59915495763813e-05 1257.89245605
17057044 57.468587962963 0.160594327287006 0.000105946897425142 2577.77465820
17057045 57.4803935185185 0.155011590990443 0.000115304675013006 2507.40893555
17057046 57.4847916666667 0.143376504937193 0.000178812996436088 2212.52978516
17057048 57.4888541666667 0.123075326198886 6.13799814333816e-05 1306.28625488
17057051 57.5183680555556 0.119404632998042 8.88542792774275e-05 1226.86816406
17057054 57.5327314814815 0.1206408340345 5.77665693867934e-05 1209.34375000
17057055 57.5554050925926 0.125867674815234 6.1298020905653e-05 1193.15124512
17057056 57.5769560185185 0.129122276172857 0.000139193229256651 1250.98229980
