17056051 56.9798263888889 0.729822818915348 0.000294043916442278 1.05962074
17057001 57.0025231481481 0.727505363500064 0.000375302033172214 1.00000000
17057002 57.0191550925926 0.72833996083085 0.000324677759802883 1.00000000
17057003 57.0409953703704 0.724103737694581 0.00204740590171123 1.00000000
17057006 57.0462731481481 0.726563736727337 0.00408313570339064 1.00000000
17057010 57.0562731481482 0.730023619601376 0.000313358227930392 1.00000000
17057011 57.0777777777778 0.731096870469997 0.000310848252662259 1.00000000
17057012 57.0994328703704 0.735139642625474 0.000433020488166725 1.00000000
17057044 57.468587962963 0.644041486018676 0.000463626066270579 1.74884057
17057048 57.4888541666667 0.730450460749378 0.000315462144924956 1.00000000
17057051 57.5183680555556 0.73285394843968 0.000467971269603752 1.00000000
17057054 57.5327314814815 0.732782487780193 0.00030180702815558 1.00000000
17057055 57.5554050925926 0.733258427770913 0.000307853585359113 1.00000000
17057056 57.5769560185185 0.731008821343659 0.000686677477004823 1.00000000
