17058002 58.0438078703704 0.733986354497509 0.000269714228721704 1.53709364
17058003 58.0645717592593 0.729807289748553 0.000387789229782864 1.27528775
17058004 58.0785532407407 0.736881868251868 0.000573713616184453 1.15985215
17058005 58.085462962963 0.733929385991845 0.000290248346905743 1.08314753
17058006 58.1072800925926 0.730720720075393 0.000302678823317399 1.07816672
17058007 58.1290625 0.73365678104008 0.000368922383851792 1.05585182
17058008 58.1456018518519 0.736766407309681 0.000340302368824463 1.05963624
17058009 58.1628356481482 0.735592798438245 0.00030258738527888 1.07426083
17058010 58.184375 0.743472970316178 0.000294812075236118 1.08567989
17058011 58.2054861111111 0.754067559785851 0.000289116967791974 1.04122770
17058012 58.2270601851852 0.763380636873851 0.000321242827163095 1.00000000
17058013 58.2487731481482 0.771097615681523 0.000300332134932439 1.00000000
17058014 58.2704513888889 0.780200158435971 0.000284473003766885 1.00000000
17058015 58.2919328703704 0.782968523436396 0.000994611572606066 1.00000000
17058025 58.4066666666667 0.729445169264219 0.000301759284722209 1.00000000
17058026 58.4284606481482 0.731207069529937 0.000309711768576372 1.00000000
17058028 58.4518402777778 0.731901691843435 0.000309699882315738 1.00000000
17058032 58.4755439814815 0.731766148323841 0.000306741184926504 1.00000000
17058033 58.4971412037037 0.743711210675012 0.000310566854362341 1.00000000
17058034 58.5179282407407 0.735303388618135 0.000297098514798451 1.00000000
17058035 58.5394675925926 0.734872414073197 0.000292801237675683 1.05574787
17058036 58.5611458333333 0.758152137548675 0.000278050451475997 1.09247720
17058037 58.5828240740741 0.769709200917209 0.000268602092179112 1.00000000
17058038 58.6070717592593 0.778991556798926 0.000285963173235036 1.00000000
17058039 58.6276851851852 0.789775567952019 0.000293530116740218 1.00000000
17058042 58.7769675925926 0.730705439840437 0.000281801781180482 1.06619310
17058043 58.8002083333333 0.728776682259118 0.000305923066393666 1.00000000
17058044 58.8217592592593 0.728522493080881 0.000491450924488067 1.00000000
17058045 58.8322222222222 0.729910212686687 0.000314471113935471 1.00000000
17058046 58.8540046296296 0.73096808634818 0.000290606612125328 1.00000000
17058047 58.8787152777778 0.730459462420256 0.000306117461953797 1.00000000
17058048 58.9010069444444 0.71930850547094 0.00183861674585725 1.00000000
17058049 58.9069675925926 0.731686547843089 0.000364463961068011 1.00000000
17058050 58.9266319444444 0.731242864672952 0.000855232510376117 1.00000000
17058051 58.9341550925926 0.729330821875306 0.000745361459676025 1.00000000
17058052 58.9413773148148 0.73506183825564 0.000291620737218688 1.01978898
17058053 58.9639467592593 0.737008605260003 0.000290214290124927 1.00566781
17058054 58.9860648148148 0.744145884463531 0.000279791729033576 1.07795024
17059001 59.007974537037 0.758175200806791 0.000283043158555496 1.00444353
17059002 59.0302893518518 0.764495980454989 0.000373241354224604 1.00000000
17059003 59.0502546296296 0.777356148481033 0.000278066724817166 1.00000000
17059004 59.0720949074074 0.784877186493544 0.000402470775053785 1.00000000
17059006 59.1431712962963 0.729564219330194 0.000301821298358169 1.00000000
17059007 59.1649305555556 0.726629499554619 0.00032159599557401 1.00000000
17059008 59.1849652777778 0.727697574321809 0.000311801341306344 1.00000000
17059009 59.2064467592593 0.729170530525345 0.000315550258439495 1.00000000
17059010 59.2278935185185 0.729385255030683 0.000322030988805905 1.00000000
17059011 59.2491203703704 0.730014133896549 0.000318758637372947 1.00000000
17059012 59.2703819444444 0.731963308338417 0.000312916596665446 1.00000000
17059013 59.2918865740741 0.730871701730317 0.000295340640702786 1.00000000
17059014 59.3151041666667 0.733122619657235 0.000523977057594911 1.00000000
17059015 59.3231597222222 0.73189955657603 0.00185709603164376 1.00000000
17059017 59.3266898148148 0.732680494285152 0.000303303400111895 1.00000000
17059018 59.3485300925926 0.736190261924184 0.00028802239259133 1.00000000
17059019 59.3712152777778 0.739479289587802 0.000293025877841652 1.00000000
17059021 59.3939930555556 0.749564531369291 0.000642640629403102 1.04251397
17059027 59.6454050925926 0.727348361033668 0.00101979563370586 1.02661741
17059028 59.6490625 0.726289453431044 0.000294084167568084 1.03202808
17059030 59.6740856481482 0.72885041153645 0.000273693111708743 1.00000000
17059031 59.7025 0.730760830460383 0.000275983618285672 1.00000000
17059032 59.7309606481481 0.730186960450329 0.000313604623378205 1.00000000
17059033 59.7531018518518 0.730507195011127 0.000321192280890184 1.00000000
17059034 59.7732523148148 0.731216277351574 0.000297647826120617 1.00000000
17059035 59.7960300925926 0.731261387239044 0.000303761476065624 1.00000000
17059036 59.8175578703704 0.731436603767598 0.000299212273917021 1.00000000
17059037 59.8395601851852 0.733904321070022 0.000292769223724039 1.01808751
17059038 59.8610532407407 0.739840109565416 0.000288382113699854 1.04071295
17059039 59.8829976851852 0.754519455676131 0.00028069493058834 1.06998718
17059040 59.905 0.760585052280529 0.000352874457082103 1.00000000
17059041 59.9195138888889 0.769482474024403 0.000292402356344728 1.00000000
17059042 59.9401388888889 0.779316870092094 0.000318846410532701 1.00000000
17060007 60.2255555555556 0.72453123669373 0.000280589390417802 1.17215395
17060008 60.2471875 0.728994477061572 0.00029230739584828 1.07691562
17060009 60.269375 0.726710507173311 0.000314377983697615 1.00000000
17060010 60.2904166666667 0.739133741255769 0.000314919856817499 1.00000000
17060011 60.3116898148148 0.72806559458249 0.00031384574212017 1.00000000
17060012 60.3331365740741 0.729228275399669 0.000294477894515508 1.00000000
17060013 60.3571296296296 0.721159316830733 0.00190666225775028 1.00000000
17060014 60.3585416666667 0.729380780700631 0.000322660547223353 1.00000000
17060015 60.3784722222222 0.728696286310898 0.000306861243326911 1.00000000
17060017 60.4043865740741 0.729714583727021 0.000300936867873699 1.00000000
17060018 60.4262847222222 0.732300473266616 0.000299252370689798 1.00000000
17060019 60.4478009259259 0.736491735004701 0.000352700865745625 1.03138244
17060020 60.4641087962963 0.749882885784309 0.000293744482874626 1.00000000
17060021 60.4857291666667 0.762592658558271 0.000314752380665833 1.00000000
17060022 60.5042476851852 0.772685534453511 0.000286155998650356 1.00000000
17060023 60.5262152777778 0.778486033793011 0.00092217048035905 1.00000000
17060034 60.5979976851852 0.718773572215284 0.000301489233883369 1.09439695
17060035 60.6189236111111 0.724017852200028 0.00031834385719905 1.00000000
17060036 60.6404976851852 0.729078595319612 0.000316799980921294 1.00000000
17060037 60.6627546296296 0.729633664783934 0.000608730127770028 1.00000000
17060038 60.7720949074074 0.723228640370099 0.000294432914151462 1.33252609
17060039 60.7914814814815 0.73473212370196 0.000302346114449061 1.00000000
17060040 60.8135648148148 0.735505075291776 0.000310492841978752 1.00000000
17060041 60.835474537037 0.73713308548905 0.000319796327158615 1.00000000
17060042 60.8571759259259 0.737943238723448 0.000311993544198279 1.00000000
17060043 60.8791203703704 0.741669832212661 0.000318171920571982 1.00000000
17060044 60.901087962963 0.734026500748394 0.000341747343156654 1.00000000
17060045 60.9190277777778 0.737364698106016 0.000299443229141509 1.00000000
17060046 60.9419560185185 0.733156753337955 0.000293637445981607 1.00000000
17060047 60.9649537037037 0.736013185761017 0.000299326787130169 1.00000000
17060048 60.9867939814815 0.73958478659466 0.00205227824707969 1.00000000
17060049 60.9894675925926 0.748798838611224 0.000297170234914432 1.00000000
17061001 61.0105324074074 0.761232296281945 0.000292692910699269 1.00000000
17061002 61.0321296296296 0.775718181722344 0.00024175102114353 1.00000000
17061003 61.1767476851852 0.736399821037775 0.000304659528417474 1.12004590
17061004 61.1998032407407 0.731207445628614 0.000306106382651441 1.00000000
17061005 61.2214467592593 0.734327473290268 0.000321292010871739 1.00000000
17061006 61.2430092592593 0.737883353204468 0.000318319342768223 1.00000000
17061007 61.2644907407407 0.748448037651426 0.000321528752505722 1.00000000
17061008 61.2859375 0.785391630978942 0.000334296576838239 1.00000000
17061009 61.3072569444444 0.816848579404143 0.00036803995009996 1.00000000
17061010 61.3263078703704 0.763434719725843 0.000322771464748843 1.00000000
17061011 61.3484606481482 0.734829791990225 0.000600152952008093 1.00000000
17061012 61.3545023148148 0.742455988329779 0.000299161810929851 1.00000000
17061013 61.3763888888889 0.749598408087776 0.000292416864866651 1.00000000
17061014 61.3992361111111 0.746506160340031 0.000284433502561305 1.04248929
17061015 61.4213773148148 0.752784495483594 0.00042434711530123 1.00000000
17061016 61.4320023148148 0.75801272887598 0.000451367329763216 1.00000000
17061017 61.4428356481482 0.761891351705097 0.000777431500941576 1.00000000
17061026 61.5925231481482 0.727086617440194 0.000407242009095989 1.44432116
17061027 61.6041319444444 0.725294506148992 0.000454015021836808 1.00000000
17061028 61.6159606481482 0.724530655048804 0.000525349970316773 1.00000000
17061032 61.6398148148148 0.7289817230835 0.000315776848937905 1.00000000
17061033 61.6619097222222 0.730887449854192 0.000317040535114877 1.00000000
17061034 61.6843287037037 0.732810159224878 0.000316436577580003 1.00000000
17061035 61.7069907407407 0.738497621678772 0.000320115835645724 1.00000000
17061036 61.7287731481482 0.740881079265639 0.000315360315512669 1.00000000
17061037 61.7504976851852 0.736148479118624 0.000423571504786191 1.00000000
17061038 61.7623611111111 0.736074283025479 0.000307294135904207 1.00000000
17061039 61.7840625 0.734555562558735 0.000304202972413526 1.00000000
17061040 61.8058101851852 0.741156979239809 0.000301545660247015 1.00267494
17061041 61.8274421296296 0.753425463368101 0.000298701653404743 1.00000000
17061042 61.8496759259259 0.77041713814317 0.000295421943223841 1.00000000
17061043 61.8711226851852 0.782597745606738 0.00028715899484901 1.00000000
17061044 61.8942939814815 0.792410978662996 0.000282186486205461 1.00000000
17062048 62.875462962963 0.726544959419976 0.000269316861215983 1.54671836
17062049 62.8974074074074 0.729029269925535 0.000579468095917252 1.12382567
17062050 62.9059027777778 0.728859118013687 0.00029873650671647 1.08064246
17062051 62.9279166666667 0.729575639548083 0.000336137925033264 1.00000000
17062052 62.9453935185185 0.730405772199925 0.000336440401752828 1.00000000
17062053 62.9633217592593 0.734907308268233 0.000300980263097095 1.00000000
17062054 62.9861342592593 0.732666605484175 0.000254016495695543 1.00000000
17063001 63.0177430555556 0.731781903806364 0.000306553810347528 1.00000000
17063002 63.0393981481481 0.735494895391381 0.000290250728142934 1.01889336
17063003 63.0614236111111 0.741576861714697 0.000289395611521738 1.03897083
17063004 63.0829861111111 0.752178388137205 0.000286178605195041 1.03014910
17063005 63.1046527777778 0.760641418963445 0.000287443551858825 1.00000000
17063006 63.1265046296296 0.77404535219184 0.000276137843440277 1.00000000
17063007 63.1493981481482 0.786899404619439 0.000265561064320316 1.00000000
17063008 63.1736805555556 0.800187768015023 0.00025395656746732 1.00000000
17063010 63.2888194444444 0.732962780087834 0.000272614232971916 1.19469321
17063011 63.3119560185185 0.734063474594071 0.000294352097702403 1.06182015
17063012 63.3341782407407 0.730608193117726 0.000415663684158403 1.00000000
17063035 63.8437731481482 0.713099696404326 0.000460476361733342 1.23978567
17063037 63.8585069444444 0.727650392317213 0.000506819710182746 1.00000000
17063039 63.8756134259259 0.728759185902457 0.0006699012811582 1.00000000
17063041 63.8891203703704 0.72862321949685 0.00070842880668744 1.00000000
17063042 63.8968865740741 0.730257152192217 0.00072099763894598 1.00000000
17063043 63.9046643518518 0.729239345780117 0.00064730531126663 1.00000000
17063045 63.9197222222222 0.732642824713197 0.000309087750314631 1.00000000
17063046 63.9433564814815 0.730881408522491 0.000471160112817047 1.00000000
17063047 63.9561226851852 0.731556448635146 0.000308619246434471 1.00000000
17063048 63.9790509259259 0.73259640825656 0.000302842245798545 1.00000000
17064001 64.0015162037037 0.732182574271069 0.00035746819016238 1.00000000
17064002 64.0184606481481 0.733014296422233 0.00030096592548133 1.00000000
17064003 64.0406597222222 0.732817609750792 0.000281689725584405 1.00000000
17064004 64.064837962963 0.737136136471355 0.00068245723861896 1.05240476
17064005 64.0710532407407 0.737976420097363 0.000311139902661106 1.04103100
17064006 64.0921875 0.753096579369753 0.000288748096307352 1.05296183
17064007 64.1174189814815 0.766547680080268 0.000276078103917459 1.00000000
17064009 64.1434259259259 0.778038391874504 0.00029271940440754 1.00000000
17064010 64.1634027777778 0.781176256994708 0.000642012433911643 1.00000000
17064012 64.292349537037 0.73204192558503 0.000291528139612935 1.05280638
17064013 64.315474537037 0.729152512252654 0.000306085343601191 1.00000000
17064014 64.3380671296296 0.730361013186924 0.000304006299140983 1.00000000
17064015 64.3614814814815 0.730685036447206 0.000311397691004318 1.00000000
17064016 64.3833449074074 0.732857691895226 0.000304076974292012 1.00000000
17064017 64.407025462963 0.732610908923254 0.000299318331772619 1.00000000
17064018 64.4302430555556 0.733425119267318 0.000302408172294311 1.00000000
17064019 64.4525115740741 0.733558883863327 0.00030503357166602 1.00000000
17064020 64.4741898148148 0.735717626617882 0.000280254961900009 1.01059675
17064021 64.4985532407407 0.737100302950144 0.000292559881097623 1.00397480
17064022 64.5206481481482 0.743195380928694 0.000294614014524668 1.03562474
17064023 64.5417361111111 0.753468313484053 0.000293766660742093 1.00000000
17064024 64.5634259259259 0.766746265374285 0.00028818263402309 1.00000000
17064025 64.5851157407407 0.774647167348015 0.000441473990048054 1.00000000
17064035 64.7382523148148 0.723819450556442 0.00027791040516836 1.34197307
17064036 64.7594791666667 0.727385333097709 0.000298006873850194 1.06434286
17064037 64.781712962963 0.727965451303005 0.000301039902737986 1.00000000
17064038 64.8046527777778 0.728169415056289 0.000305150680498909 1.00000000
17064039 64.8273032407407 0.729249022224591 0.000311060696621727 1.00000000
17064040 64.8490046296296 0.729729526224006 0.000341988978229021 1.00000000
17064042 64.875625 0.724174577688466 0.00216542562728975 1.00000000
17064043 64.8781365740741 0.717170035967653 0.00219247258765274 1.00000000
17064044 64.8834722222222 0.730109645219087 0.000359968852243599 1.00000000
17064045 64.9001388888889 0.729498805924832 0.000309812783856839 1.00000000
17064046 64.9216319444444 0.73359701140486 0.00030447285224171 1.00000000
17064047 64.9428935185185 0.736217855663539 0.000296747491255706 1.03875184
17064048 64.9646064814815 0.73761965806777 0.000292222137546074 1.02236426
17064049 64.9864467592593 0.733069537261122 0.000482554028160115 1.07901323
17065002 65.0059259259259 0.746149729093621 0.000350898126340746 1.08336043
17065003 65.0201273148148 0.753589021211833 0.000285912462892533 1.00822544
17065004 65.0424074074074 0.764891431958349 0.000291814618265809 1.00000000
17065006 65.1177662037037 0.730228426748783 0.000478648478949189 1.08437657
17065007 65.1288888888889 0.732610061796571 0.000280388418976997 1.02306306
17065008 65.153587962963 0.728220320580076 0.000296458368870684 1.00000000
17065009 65.1773032407407 0.728689003957213 0.000284347131407353 1.00000000
17065010 65.2023032407407 0.730895479677183 0.000295394797992124 1.00000000
17065011 65.2259722222222 0.731138772746422 0.000295543655631585 1.00000000
17065012 65.2499305555556 0.731744097558772 0.000619247700384295 1.00000000
17065013 65.2584143518519 0.732590845204687 0.00028743931452613 1.00000000
17065014 65.2827546296296 0.73263650162956 0.000287467478903493 1.00000000
17065015 65.307037037037 0.735238570518182 0.000297095032262994 1.00522518
17065016 65.3287037037037 0.735212690783401 0.00029449913998839 1.05698788
17065017 65.3504166666667 0.735019179748645 0.0002913121085442 1.05536139
17065018 65.3720023148148 0.739541298028101 0.000280399836181066 1.09475589
17065019 65.3945486111111 0.752014413161849 0.000296694487772245 1.03448391
17065020 65.4163541666667 0.747731400794615 0.00054079772714182 1.00000000
17065021 65.4245138888889 0.747936662925537 0.000407702198552832 1.00000000
17065033 65.4938657407407 0.729070934713713 0.000293430812582168 1.10428202
17065034 65.5152546296296 0.727121296751448 0.000296321518649157 1.06290948
17065035 65.5369328703704 0.728935420298856 0.000305751408492374 1.00000000
17065036 65.5587615740741 0.733968637792844 0.000314154356400083 1.00000000
17065037 65.5804050925926 0.736106961895523 0.000306101128916934 1.00000000
17065038 65.6022222222222 0.851683836025779 0.000459203042325134 1.00000000
17065041 65.6188888888889 1.00163106308703 0.000162248702358904 1.15882421
17065042 65.6278240740741 1.00275444561196 0.0001393980963966 1.19091010
17065043 65.643275462963 0.978444353723356 7.43759006422907e-05 1.23945343
17065044 65.650787037037 0.737745633556253 0.000291065717690755 1.05377948
17065045 65.6727314814815 0.733713805846304 0.000287688131615809 1.08739769
17065046 65.6944328703704 0.741587950170912 0.000289593690239321 1.08923912
17065047 65.7164814814815 0.752036454598058 0.000368522959054436 1.00587022
17065048 65.732037037037 0.747798752678028 0.000292156484485361 1.00000000
17065049 65.7540162037037 0.749796334065414 0.000288143484104071 1.04324353
17065050 65.7768402777778 0.749396604094947 0.000292744533075993 1.00000000
17065051 65.7986805555556 0.750302653321361 0.000576452371579809 1.00000000
17065053 65.8600925925926 0.728788354545356 0.000284773088547531 1.14957130
17065054 65.882962962963 0.73154120389865 0.00029758466590012 1.01149750
17065055 65.9051736111111 0.729790520413433 0.000316991806453021 1.00000000
17065056 65.9266203703704 0.730245829871248 0.000313925774868101 1.00000000
17065057 65.9484259259259 0.726528342702852 0.00162180184833959 1.00000000
17066001 66.0338541666667 0.729600575337584 0.000274492707395303 1.11143255
17066002 66.0586805555556 0.730241971592679 0.00030544643886731 1.00000000
17066003 66.0819791666667 0.731116129058173 0.000292539941827593 1.00000000
17066004 66.1061805555556 0.731454054339665 0.000291960245464826 1.00000000
17066005 66.1306365740741 0.732193259127175 0.000286735282462049 1.00000000
17066006 66.1563425925926 0.732510303299494 0.000298138187923824 1.00000000
17066007 66.1803703703704 0.73237506462438 0.000411314609408597 1.00000000
17066008 66.1927546296296 0.733036838509491 0.000290015113513436 1.00000000
17066009 66.2180671296296 0.733542150538462 0.000285620653551811 1.00000000
17066010 66.2421296296296 0.734074551739777 0.000289296111521988 1.00000000
17066011 66.2654861111111 0.741133329264384 0.000246882038700359 1.03856707
17066012 66.2952777777778 0.744891964068979 0.000279268461640743 1.12101603
17066013 66.3181018518518 0.756208677566858 0.000285183226266407 1.00000000
17066014 66.3400925925926 0.759088538094351 0.000427014350765732 1.00000000
17066021 66.3924189814815 0.730601367656629 0.000278763216266151 1.22618544
17066022 66.4143865740741 0.730380361814962 0.000286586338068195 1.06682992
17066023 66.4366898148148 0.735396087011984 0.000298314671948648 1.00000000
17066024 66.4601273148148 0.731626198783834 0.000308948162143618 1.00000000
17066025 66.4819675925926 0.732280128183671 0.000307776466076186 1.00000000
17066026 66.5036342592593 0.732630731544775 0.000300199893268014 1.00000000
17066027 66.5263194444444 0.732665160660586 0.000305170663468802 1.00000000
17066028 66.5480092592593 0.733585698896001 0.000297750075565235 1.00000000
17066029 66.5698958333333 0.737509366805403 0.000298046904302412 1.01085913
17066030 66.5915625 0.738932582525025 0.000357664138266522 1.05133832
17066032 66.6179282407407 0.752101089065492 0.00027966769289598 1.06085241
17066033 66.6400231481481 0.757548788066688 0.000285567443558022 1.00000000
17066034 66.6618865740741 0.77012661611376 0.00029312434545531 1.00000000
17066035 66.6825925925926 0.776681893537366 0.000279452234854928 1.00000000
17066036 66.7045717592593 0.78072405996372 0.000473798592216629 1.00000000
17066048 66.8060069444444 0.734195100092227 0.000339044475197453 1.07402492
17066049 66.8234490740741 0.739597078783271 0.000308202044831691 1.00000000
17066050 66.8451736111111 0.729960726587471 0.00117597320253856 1.00000000
17066059 66.8826736111111 0.730553089373114 0.000303796298175457 1.00000000
17066060 66.9047337962963 0.738866896573548 0.000298968819812723 1.00000000
17066061 66.9276157407407 0.73792763654615 0.000302324757593782 1.00000000
17066062 66.9507060185185 0.739002561884154 0.000300630120684977 1.00000000
17066063 66.9721064814815 0.736309408801576 0.000334194984818717 1.04815328
17066064 66.9893287037037 0.736324648722783 0.00034191641160381 1.11100733
17067001 67.0049537037037 0.748083015615968 0.00027159357686944 1.10614347
17067002 67.0284490740741 0.772535102849297 0.000269862653321601 1.03767502
17067003 67.0515509259259 0.781223858255781 0.000267661270426636 1.00000000
17067004 67.0747222222222 0.787846316188565 0.000266122465627457 1.00000000
17067006 67.1575 0.73026705230672 0.000275965164548969 1.26103508
17067007 67.1802083333333 0.732467048325717 0.000285937423351004 1.05869186
17067008 67.203599537037 0.730157161241813 0.000294062778635859 1.00000000
17067009 67.2274768518518 0.733208253525726 0.000298026525233226 1.00000000
17067010 67.2523726851852 0.73840050358119 0.000291138972858847 1.00000000
17067011 67.2762037037037 0.732662579927824 0.000286501298349805 1.00000000
17067012 67.301087962963 0.732998191567001 0.000304553728076141 1.00000000
17067013 67.3226388888889 0.737361775091932 0.000295534085012838 1.01318216
17067014 67.3450578703704 0.738111122083886 0.000290571355863819 1.04627800
17067015 67.3668865740741 0.738812201204481 0.000284380884875615 1.08030868
17067016 67.3887847222222 0.75066008710319 0.000286059431493571 1.04242337
17067017 67.4104976851852 0.762289288775686 0.000289893103711126 1.00217819
17067018 67.4318171296296 0.774661406454178 0.000280377090620426 1.00000000
17067019 67.4535532407407 0.785443623801978 0.00030215110528221 1.00000000
17067024 67.521099537037 0.72545401944877 0.000269979186506409 1.34393048
17067025 67.5430671296296 0.727597421862799 0.000294196046410184 1.16650832
17067026 67.5645717592593 0.725417392091832 0.000370378612821757 1.00000000
17067027 67.5797106481482 0.733479507689252 0.00030776552207687 1.02268195
17067028 67.6013888888889 0.729723530482859 0.000414693380368041 1.00000000
17067029 67.6141666666667 0.726969799362444 0.000535172036698644 1.00000000
17067030 67.6275462962963 0.732500691129345 0.000297438285932507 1.00318444
17067032 67.6504166666667 0.733271565506715 0.00070520141343562 1.00000000
17067033 67.6556018518519 0.734464962352642 0.000300103715880327 1.02054763
17067034 67.677650462963 0.733206622320651 0.000287406087367961 1.01595736
17067036 67.7035763888889 0.735164442987053 0.000297946616729476 1.02688038
17067037 67.7254513888889 0.73806519441192 0.000298994734050253 1.05294311
17067038 67.7467939814815 0.739957379641555 0.000289144259223144 1.06729448
17067039 67.7684722222222 0.748602898516387 0.000351454269783881 1.02166748
17067042 67.7932291666667 0.76048327307686 0.000274408723655377 1.00000000
17067043 67.8168402777778 0.77225926650503 0.000327418757972208 1.00000000
17067045 67.8400115740741 0.77923910837741 0.000650861496248922 1.00000000
17067056 67.954212962963 0.751945544889298 0.000555170669462283 1.00000000
17067061 67.9731944444444 0.764350484470467 0.000355216857645615 1.00000000
17067063 67.9904976851852 0.731413334101995 0.000812577510079658 1.00000000
17067066 67.9967708333333 0.728938565187208 0.000353900548868376 1.00000000
17068002 68.0173842592593 0.730218594659201 0.000342945977363404 1.00000000
17068003 68.0377893518519 0.733762386402287 0.000297011806619152 1.00259948
17068006 68.0673611111111 0.734978366307333 0.000293674608292959 1.00000000
17068007 68.0888773148148 0.736398345555407 0.000350203860768718 1.06191504
17068009 68.1089583333333 0.73617634180502 0.000275883482687366 1.07462168
17068010 68.1305208333333 0.750377160041707 0.000272421902741844 1.09281492
17068011 68.1521180555556 0.766162347342287 0.000276646907721913 1.01390982
17068012 68.1736574074074 0.774380980866069 0.000316511513941869 1.00000000
17068017 68.1980671296296 0.785299284600916 0.000404469194356561 1.00000000
17068019 68.2223842592593 0.793095783756063 0.000879440944696004 1.00000000
17068021 68.279375 0.721192408456611 0.000483175712669332 1.25506830
17068026 68.2953587962963 0.732138550239992 0.000281929454494914 1.06205952
17068027 68.3173148148148 0.731641639878568 0.000291862173994518 1.00317979
17068028 68.3398842592593 0.730504151706059 0.00063666503430509 1.00000000
17068036 68.3617939814815 0.730154431965547 0.000290659837263946 1.00000000
17068037 68.3844212962963 0.731580834427625 0.000297092478586861 1.00000000
17068038 68.4060416666667 0.730958170159377 0.000293020103138257 1.00000000
17068039 68.4306481481482 0.734345186606454 0.00028985045948712 1.00201166
17068040 68.4525694444444 0.73417530383982 0.000283535814905713 1.06371260
17068041 68.4743055555556 0.726679976959219 0.0002796310816975 1.07470274
17068042 68.4960185185185 0.73495122226127 0.000271187117693355 1.13728583
17068043 68.5177777777778 0.743956125553853 0.000273835744295505 1.11006415
17068044 68.5394791666667 0.760044500528517 0.00026907095368143 1.00000000
17068045 68.5622106481481 0.776370213078808 0.000269262936637367 1.00000000
17068046 68.5840509259259 0.789149207827724 0.0003836546231973 1.00000000
17068047 68.5981481481481 0.797765956582549 0.000454545889650923 1.00000000
17068053 68.6756712962963 0.729623457017877 0.000284814632087882 1.09068990
17068054 68.699525462963 0.728470785234341 0.000303040193772629 1.00000000
17068055 68.7216898148148 0.731315553064083 0.000311644183314849 1.00000000
17068056 68.7435532407407 0.730907058571699 0.000312934068959273 1.00000000
17068057 68.7658217592593 0.729173321275895 0.000508196704800366 1.00000000
17068063 68.8643981481482 0.727070994483124 0.000292898669408834 1.10274899
17068064 68.8866550925926 0.728685183912871 0.000496945806451092 1.00000000
17068065 68.8954976851852 0.727560410695129 0.000311336672610926 1.00000000
17068066 68.9172337962963 0.727775670916461 0.000309442222339002 1.00000000
17068067 68.9397453703704 0.728417845881002 0.000300916238698177 1.00000000
17068068 68.9646643518519 0.72984741790627 0.000308603457273868 1.00000000
17068070 68.9901736111111 0.729724187948016 0.000309336554423738 1.00000000
17069010 69.1459837962963 0.994089817365614 0.000128104043447998 1.09847951
17069012 69.169525462963 0.729729866455294 0.000308217832571136 1.00000000
17069013 69.1909259259259 0.737681640650409 0.000307267973851695 1.00000000
17069014 69.2123958333333 0.736375371825419 0.000309379000460464 1.00000000
17069015 69.2338078703704 0.731418717177156 0.000308502765442705 1.00000000
17069016 69.2550694444444 0.731606139634008 0.000306294991188397 1.00000000
17069017 69.2763773148148 0.732023111292381 0.000326419432190169 1.00000000
17069018 69.2948611111111 0.731872252753559 0.000305058747746448 1.00000000
17069019 69.3164351851852 0.735968614879227 0.000335769683148774 1.01275492
17070005 70.1132407407407 0.717289167716612 0.000662154604347811 1.23503101
17070007 70.1240509259259 0.727817329652429 0.000611773673814156 1.07398796
17070008 70.1356481481481 0.725693117055185 0.00031412705930238 1.00000000
17070009 70.157037037037 0.727187303636917 0.000310976183627163 1.00000000
17070010 70.1783912037037 0.727988219476447 0.000313791273870894 1.00000000
17070011 70.1997337962963 0.72820539322915 0.000312456880394501 1.00000000
17070012 70.2211805555556 0.729121596185428 0.000305945517516308 1.00000000
17070013 70.2427662037037 0.729550472162416 0.000313082317884102 1.00000000
17070014 70.2640625 0.728709773986942 0.000316452735965536 1.00000000
17070015 70.2842939814815 0.727546528782084 0.000472089536060952 1.00000000
17070019 70.2999537037037 0.733239056663043 0.000888696364479384 1.01886904
17070048 70.9376041666667 0.72821248903594 0.000298835475596624 1.00000000
17071012 71.2368402777778 0.70777491945155 0.000284235441050544 1.33942521
17071013 71.2585300925926 0.729109810601077 0.000305347978645927 1.02641940
17071014 71.2803009259259 0.726871914067233 0.000311140555468311 1.00000000
17071015 71.3018055555556 0.727710463214279 0.000306889150645119 1.00000000
17071018 71.3309722222222 0.728669409390594 0.000311186704839648 1.00000000
17071019 71.3526851851852 0.729429624330063 0.000308461463481583 1.00000000
17071020 71.3743287037037 0.730044588198741 0.000306364029844649 1.00000000
17071021 71.397037037037 0.730851639607536 0.000302906610256105 1.00000000
17071022 71.418587962963 0.73158999372672 0.000300802794902651 1.00000000
17071023 71.4401851851852 0.732758355122398 0.000298942394624531 1.00947940
17071024 71.4618287037037 0.737618639466347 0.000291434529428745 1.05243993
17071025 71.4833101851852 0.74513007748477 0.000290388079457771 1.03181231
17071026 71.5048842592593 0.758669937157807 0.000295432842099235 1.00000000
17071027 71.5253240740741 0.771381883864824 0.000326533309647641 1.00000000
17071029 71.5507060185185 0.782131919488352 0.000663732494383009 1.00000000
17071030 71.5571875 0.786420863164604 0.000566727547259045 1.00000000
17071047 71.6244675925926 0.72603748526558 0.000383717272507176 1.00000000
17071048 71.6380902777778 0.729932978150577 0.000454944013344211 1.02010441
17071049 71.6477199074074 0.730881180768112 0.0003016083069206 1.01092255
17071050 71.6700694444444 0.732157593398048 0.000296760455018705 1.03684306
17071051 71.6923842592593 0.732151623864304 0.000291033834087076 1.04454195
17071052 71.7136226851852 0.728561946449631 0.000626504818614161 1.07159913
17071053 71.7228819444444 0.734027591576098 0.000289523084419707 1.07274163
17071054 71.7452893518518 0.731138747295 0.00028462778290318 1.11087477
17071055 71.7677893518518 0.72763688357472 0.000317966588415815 1.16091287
17071056 71.7848726851852 0.738205817741432 0.000332499655740125 1.10896671
17071057 71.8071527777778 0.733603388343227 0.000413348986559117 1.07642055
17071059 71.8253587962963 0.73481121473609 0.000282182035310334 1.05856752
17071060 71.8486805555556 0.73832032743623 0.000288507129296723 1.06162810
17071061 71.870462962963 0.738403535932213 0.000285591458785118 1.10839558
17071062 71.8922222222222 0.747630478648618 0.000286498217852651 1.08261144
17071063 71.9141782407408 0.755914538100588 0.000281482113779373 1.01782393
17071064 71.9364814814815 0.762820569803235 0.000475403665717088 1.00000000
17072001 72.1362847222222 0.726562177175031 0.000279638641059703 1.22683954
17072002 72.157662037037 0.728927181095511 0.000287741042273729 1.09673595
17072003 72.1789351851852 0.729978433112404 0.000291247955366366 1.07169235
17072004 72.2003587962963 0.732316454061065 0.000289045177748206 1.07448673
17072005 72.2217939814815 0.734135325262047 0.000293981230235511 1.06166708
17072006 72.2431944444444 0.730266645269766 0.000288180896742927 1.11719084
17072007 72.2645717592593 0.735217552825746 0.000540454073469416 1.10645783
17072008 72.2728240740741 0.728121617479372 0.000283697480249617 1.09502375
17072009 72.294224537037 0.730394798470349 0.000289677564789555 1.07909381
17072010 72.3159953703704 0.73599529006028 0.000293738495997425 1.04581690
17072011 72.3377662037037 0.733343443977896 0.00051791836307693 1.00446510
17072012 72.3458449074074 0.736688292790157 0.00028590989204759 1.01562393
17072013 72.3680902777778 0.732892257363516 0.000280770978754368 1.06270313
17072014 72.3905092592592 0.735472915503976 0.000285992491023119 1.07195354
17072015 72.4122337962963 0.740882681168215 0.000856060157425308 1.10609794
17072022 72.5097685185185 0.738148748231279 0.000281645297292966 1.14752603
17072023 72.5320138888889 0.727846110767745 0.000994812930657922 1.06654596
17072024 72.536712962963 0.734265973370352 0.000292433061058484 1.06346130
17072025 72.5584953703704 0.729968778345885 0.000401058784588426 1.08312774
17072026 72.5786342592593 0.731188847057518 0.000326640376917298 1.05859447
17072027 72.600462962963 0.730107897920024 0.000279018359821735 1.12158501
17072028 72.6223726851852 0.730078161988157 0.000280847484816418 1.16792870
17072029 72.644212962963 0.730161234401329 0.000608844187429048 1.18386304
17072030 72.6563078703704 0.733710819531473 0.000366202466251815 1.18581426
17072032 72.6776851851852 0.728437973333575 0.000268104046548531 1.18932414
17072033 72.7015972222222 0.730908008684057 0.000287361453627721 1.14142251
17072034 72.7246412037037 0.732303234109308 0.000304839007643095 1.11861277
17072035 72.7452430555555 0.736201880373218 0.000278767342176579 1.14600456
17072036 72.7674652777778 0.734786895383916 0.000276560168313818 1.14231622
17072037 72.7896296296296 0.742577022679631 0.000285353224013062 1.09123790
17072038 72.8113773148148 0.74357513754553 0.000649149387522076 1.06266809
17072039 72.8165972222222 0.750506544754962 0.000280959174924679 1.05495870
17072040 72.8387384259259 0.758866073584346 0.000370957000612917 1.00000000
17072041 72.901712962963 0.726140423564661 0.000278425839543282 1.22861683
17072042 72.9237731481482 0.730437376784932 0.000286090654117099 1.13231957
17072043 72.945775462963 0.709397607093803 0.00265538424892777 1.09829700
17072044 72.9479166666667 0.730115304472584 0.000291441023735552 1.09123039
17072045 72.9704050925926 0.729735686308304 0.000289645779298461 1.12093413
17072046 72.992037037037 0.728313188788931 0.000289818445030489 1.13132811
17073001 73.013912037037 0.731160706118158 0.000295319313395934 1.06974566
17073002 73.0353009259259 0.72992518396561 0.000303619440326937 1.01809728
17073003 73.0568981481482 0.729139177378582 0.000303602487977382 1.00000000
17073004 73.0781944444444 0.727114599535472 0.000307636750217736 1.00000000
17073005 73.0996643518518 0.730841283811167 0.000307174616528958 1.00447607
17073006 73.1211689814815 0.728938227914463 0.000310292622355581 1.00000000
17073013 73.1515393518518 0.731443072025158 0.000287017883035066 1.11781096
17073014 73.1731481481481 0.744175402016673 0.000293405512604485 1.07208598
17073015 73.1945601851852 0.755568203243482 0.000288516670000528 1.00129259
17073016 73.2161111111111 0.764002798647207 0.000359447949623497 1.00000000
17073021 73.2820601851852 0.724101723869011 0.00029206025060169 1.21924603
17073022 73.3023263888889 0.773876332139346 0.000240361919145555 1.32413101
17073023 73.3239583333333 0.749695399650132 0.000277541633440702 1.00000000
17073024 73.3455902777778 0.734673098762569 0.000394300540291206 1.30153155
17073043 73.5320486111111 0.72446994979931 0.000295955493510714 1.00000000
17073044 73.5557407407407 0.72483617392966 0.000307167311951641 1.00000000
17073045 73.5772685185185 0.726496200121893 0.000308833871068184 1.00000000
17073046 73.5988541666667 0.720687272792022 2.70577760242933e-08 1.00000000
17073047 73.6111921296296 0.72410701806917 0.000302485307419518 1.00000000
17073048 73.6328125 0.731150741598034 0.000293637003324368 1.00751495
17073049 73.6569444444444 0.726344652545895 0.000302750785382113 1.00000000
17073050 73.6788078703704 0.728331650774799 0.000283752170319923 1.00787663
17073051 73.7048611111111 0.730328113128078 0.00032074871080356 1.00000000
17073052 73.7263425925926 0.730839983460582 0.000303650924103765 1.00000000
17073058 73.7815625 0.740191718081977 0.00028243055625575 1.00000000
17073061 73.8721180555556 0.722951006156499 0.000854500583663784 1.04208410
17073062 73.8777430555556 0.725082330496111 0.000529141238212002 1.00286877
17073063 73.8908912037037 0.722381014216144 0.000756293023072846 1.00000000
17073064 73.8970833333333 0.728368386714272 0.000308396172230946 1.01372004
17073065 73.9198148148148 0.797036663432353 0.000334863064477144 1.00000000
17073066 73.9417824074074 0.728064308867109 0.000390849645993361 1.04280698
17073067 73.9562268518518 0.731961658589643 0.000298495536965549 1.06239676
17073068 73.9781134259259 0.727054551224046 0.00030102015796484 1.04325187
17073069 73.999537037037 0.726932848231418 0.000312567445720873 1.03406429
17074001 74.0209259259259 0.72566479783291 0.000459512046399307 1.00164294
17074003 74.0444560185185 0.727041887777099 0.000324269083797804 1.00000000
17074005 74.0747569444444 0.725600116770514 0.000431024519285634 1.00000000
17074006 74.0881828703704 0.727605186170916 0.000309095425602808 1.00000000
17074007 74.1096296296296 0.733415360785387 0.000305215311436565 1.00000000
17074009 74.1349537037037 0.739050189286786 0.000394654325442637 1.00000000
17074022 74.4445601851852 0.73198710739909 0.000284471315851231 1.11897588
17074023 74.4690277777778 0.731725544935532 0.00029297145930506 1.07836759
17074024 74.4905902777778 0.732494633710164 0.000289165641517291 1.08443034
17074025 74.5121990740741 0.728797242282781 0.000288766919149771 1.10947216
17074026 74.5337962962963 0.729866372639758 0.000282912234333224 1.11892128
17074027 74.5554976851852 0.73161318206246 0.000285231050918227 1.12317777
17074028 74.5776851851852 0.731723657642124 0.000291856602115967 1.10423028
17074029 74.5993981481482 0.740054590554293 0.000286878457251779 1.09171426
17074030 74.6211805555556 0.743777687680463 0.000283285495560378 1.09666550
17074031 74.6431481481481 0.757377656693102 0.00025164628548031 1.04497337
17074032 74.6715393518518 0.749191378362135 0.000266938325002124 1.00000000
17074033 74.6962152777778 0.74022261882717 0.000571405534524735 1.08032358
17074034 74.708275462963 0.741179569327596 0.000286789004001037 1.05235326
17074035 74.7315856481482 0.744399274520665 0.000285132930748746 1.06677139
17074036 74.7541898148148 0.751944166875587 0.000247402845290542 1.03778720
17074037 74.7771527777778 0.75530423882696 0.000781466230068006 1.00000000
17074038 74.7818634259259 0.763018121423479 0.000286559913475168 1.00000000
17074039 74.8038888888889 0.770932407310749 0.000414432573159476 1.00000000
17074040 74.8164699074074 0.783147494933763 0.000254522110022806 1.00000000
17074041 74.8905555555556 0.732774995437032 0.000300303927241818 1.18609393
17074044 74.9207060185185 0.729730459102964 0.000289815943370883 1.09250998
17074049 74.9442476851852 0.727352520578614 0.000417294059309199 1.07070327
17074050 74.9570717592593 0.731788680947114 0.000293325707483612 1.08539116
17074051 74.9791087962963 0.72997173357191 0.000304249543829996 1.10368967
17075001 75.00125 0.732461095288444 0.000534234828287901 1.12255371
17075002 75.0156134259259 0.730804702965955 0.000291075627971151 1.13068104
17075003 75.0372337962963 0.731202440353199 0.000289653201109081 1.19230032
17075004 75.0589467592593 0.729773833735296 0.000297753662583267 1.16569364
17075005 75.080162037037 0.729601901859231 0.000301472959262958 1.16033494
17075006 75.1019097222222 0.730493781656208 0.000285284096914078 1.16040766
17075007 75.1236689814815 0.73170013603478 0.000671857658197865 1.12914026
17075008 75.1298726851852 0.732916575408388 0.000557138209256425 1.10646951
17075009 75.1404166666667 0.731990453200845 0.000300320575747763 1.11049402
17075010 75.1638888888889 0.732482763349676 0.000287827772874277 1.15548110
17075011 75.1860069444445 0.737659923431638 0.000304296554221024 1.11500478
17075012 75.2085416666667 0.742360095726478 0.000481883847060021 1.03253949
17075013 75.2176388888889 0.750542673687655 0.00107642135246978 1.03096640
17075014 75.2203587962963 0.747770253354072 0.000993625192196228 1.00000000
17075015 75.2234837962963 0.753028151298139 0.000293993671165309 1.00000000
17075016 75.2456018518519 0.765524878057432 0.000346200653272013 1.00000000
17075018 75.2677430555556 0.778428646389624 0.000282162296265062 1.00000000
17075019 75.2893865740741 0.788580978141466 0.00026847627347854 1.00000000
17075020 75.3126041666667 0.793944935506647 0.000661675944673732 1.00000000
17075024 75.3390046296296 0.808864777129371 0.000274850149130307 1.00000000
17075025 75.3607407407407 0.816977708173832 0.000276217047495129 1.00000000
17075026 75.3821643518519 0.825795168652828 0.000280503119722951 1.00000000
17075027 75.4039351851852 0.830083824151562 0.000571550815561034 1.00000000
17075098 75.715162037037 0.732434546924294 0.000510020674310287 1.01555979
17075099 75.7241782407407 0.723699692201518 0.000304836066522585 1.00000000
17075100 75.7461111111111 0.725275829080233 0.000348548880050968 1.04849184
17075101 75.764375 0.72840419832677 0.000311855430132057 1.00000000
17075102 75.786412037037 0.72890158845764 0.000308490892131124 1.00000000
17075103 75.8077893518518 0.72982338557469 0.000437215672029654 1.00000000
17075105 75.8197916666667 0.73034137987419 0.000309152281858492 1.00000000
17075106 75.8411342592593 0.731676584871501 0.000300779739278175 1.00000000
17075107 75.8633333333333 0.743945839881202 0.000304503909300756 1.00000000
17075108 75.885474537037 0.757631139408444 0.000297938195970557 1.00000000
17075109 75.9070486111111 0.767102344102859 0.000414690759383453 1.00000000
17075110 75.9604050925926 0.726843786846543 0.000288596907999553 1.08189857
17075111 75.9836342592593 0.725100045892244 0.000306285430509897 1.00000000
17076001 76.0052893518519 0.726309217760985 0.000313566419877545 1.00000000
17076002 76.0269444444445 0.726443413089047 0.000311350955900312 1.00000000
17076003 76.0488425925926 0.726861091723928 0.000322827247425521 1.00000000
17076011 76.1887847222222 0.724750976312879 0.000309276546418857 1.00000000
17076012 76.2104282407407 0.724889957234789 0.000796089473687846 1.00000000
