17100030 100.63775462963 0.152427273913941 6.72670447725709e-05 1592.90393066
17100031 100.658900462963 0.154486869334893 6.51477625266519e-05 1618.37402344
17100032 100.680694444444 0.155770305414813 6.77992429458547e-05 1640.78247070
17100033 100.702395833333 0.160118397929858 7.14685966808488e-05 1647.97387695
17100034 100.724050925926 0.15562867025295 6.99143026571233e-05 1712.59045410
17100035 100.745775462963 0.150041514442956 6.83115408087042e-05 1580.72644043
17100036 100.767488425926 0.151550811279905 6.75575712979904e-05 1583.19091797
17100037 100.789155092593 0.155117236800405 7.01091867870141e-05 1604.69628906
17100038 100.810914351852 0.157633201788312 7.73690749325957e-05 1635.23840332
17100039 100.829513888889 0.159111369566936 9.99902233011601e-05 1571.36462402
17100040 100.846689814815 0.156624329447137 0.00012625811251585 1509.16271973
17100043 100.862523148148 0.155456809685261 6.95833456147591e-05 1502.28527832
17100044 100.884224537037 0.155994226146849 9.39993698034429e-05 1407.01379395
17100045 100.900358796296 0.156370531380626 8.02844366989892e-05 1333.95617676
17100046 100.912511574074 0.157402600218234 7.46045335334328e-05 1296.92297363
17100047 100.934085648148 0.159316858861739 7.65339991931616e-05 1210.61376953
17100048 100.955752314815 0.160321813986863 0.000185159424502627 1172.47827148
17101001 101.006990740741 0.160543056570609 7.02310274927246e-05 1780.15429688
17101002 101.028599537037 0.158212415328393 6.86854427131213e-05 1652.35302734
17101003 101.050266203704 0.156480665204571 7.09037372043288e-05 1664.63293457
17101004 101.071944444444 0.15965731787087 6.83102385810588e-05 1665.08337402
17101005 101.093738425926 0.159382371150594 6.93986298659674e-05 1699.40783691
17101006 101.115462962963 0.147753224642456 6.60013281843224e-05 1661.16833496
17101007 101.137164351852 0.144161232645858 6.78398373986582e-05 1535.98229980
17101008 101.159305555556 0.146424663851227 6.84071542007855e-05 1507.48657227
17101009 101.181030092593 0.149608047624135 6.87967723338717e-05 1573.87097168
17101010 101.202777777778 0.150750085815199 6.88119892907868e-05 1551.88940430
17101011 101.224583333333 0.151959592998246 8.38452160863418e-05 1450.04174805
17101013 101.247037037037 0.154560022170306 7.44143086134831e-05 1400.03161621
17101014 101.26712962963 0.156637688488779 7.4610478885302e-05 1349.06176758
17101015 101.288703703704 0.158694667298852 7.56651180829913e-05 1253.99182129
17101016 101.310289351852 0.161414451407855 6.93278053933768e-05 1193.75402832
17101020 101.380740740741 0.175549581732029 7.04411797144313e-05 1955.17272949
17101021 101.402928240741 0.171032517935227 6.87652982626752e-05 1773.03894043
17101022 101.424525462963 0.168696708368961 6.89290399084468e-05 1814.59936523
17101023 101.447222222222 0.166651919435751 0.000210045825420172 1802.61450195
17101024 101.451724537037 0.163274421921864 0.00019151621239419 1767.97534180
17101026 101.458159722222 0.154595588954957 6.86419318819563e-05 1682.99291992
17101027 101.479884259259 0.148199109510069 7.6282080241054e-05 1571.17932129
17101030 101.511736111111 0.146676906361964 6.81821604557834e-05 1503.17785645
17101031 101.533472222222 0.149170956622295 7.71490779724182e-05 1524.00830078
17101032 101.571006944444 0.159373472896736 7.07565220423475e-05 1640.84045410
17101033 101.592141203704 0.16349554415197 7.18574433613158e-05 1485.30187988
17101034 101.615462962963 0.165388049739052 7.55570742651468e-05 1387.56286621
17101035 101.637222222222 0.168324464337556 7.67360964203051e-05 1355.57751465
17101036 101.65962962963 0.170687530348074 8.00236649630872e-05 1268.99218750
17101037 101.681550925926 0.170873325710657 8.19614567902413e-05 1208.42199707
17101038 101.703356481481 0.170343581425543 0.000351387199651534 1153.88867188
17101056 101.933993055556 0.162616063836874 7.07634351857464e-05 1799.95458984
17101058 101.996840277778 0.159367540550881 6.83984943765521e-05 1671.58471680
17102001 102.019108796296 0.16091508834386 6.78261245557555e-05 1646.68273926
17102002 102.040787037037 0.158726854500686 6.93630504076387e-05 1639.21423340
17102003 102.062777777778 0.152169918589525 6.55940623277315e-05 1743.44177246
17102004 102.084502314815 0.152638450156288 6.67178711765191e-05 1601.09423828
17102005 102.106215277778 0.152273386752462 6.80788832416025e-05 1599.73730469
17102006 102.127962962963 0.152699737978552 0.000142557066246488 1580.76525879
17102007 102.136712962963 0.153501678388502 6.88034663707672e-05 1609.83435059
17102008 102.158321759259 0.15417286355423 6.95464460675959e-05 1527.95812988
17102009 102.180046296296 0.155433342765896 7.34832872793696e-05 1405.66503906
17102010 102.201678240741 0.156890007144913 7.33613043613526e-05 1336.93481445
17102011 102.223402777778 0.158571762225073 7.46292421652157e-05 1274.18371582
17102012 102.245127314815 0.158129304667397 7.59575533530436e-05 1220.36645508
17102013 102.26693287037 0.155052976991731 7.65143254159512e-05 1132.39489746
17102014 102.288518518519 0.15665405857587 7.65941752593833e-05 1095.46276855
17102015 102.310162037037 0.157906750708452 7.92019684937945e-05 1049.50634766
17102016 102.331851851852 0.159587558595191 0.000502770040270251 1021.20343018
17102017 102.339606481481 0.160265133948347 0.00011690382613751 976.65814209
17102032 102.523078703704 0.176712883967706 6.19731641963023e-05 1941.71276855
17102033 102.545659722222 0.168537576788197 6.97264626544138e-05 1819.55407715
17102034 102.567939814815 0.161475974412936 7.36367111304846e-05 1733.55664062
17102035 102.592418981481 0.154890013122539 0.000152562340992736 1668.77795410
17102036 102.59619212963 0.135226577494091 6.25133976294532e-05 1630.14294434
17102037 102.618657407407 0.143594747139927 6.65237771695486e-05 1477.23559570
17102038 102.640324074074 0.143961185075076 6.55632801696792e-05 1504.01623535
17102039 102.662002314815 0.143741648136805 6.70419046389197e-05 1403.25561523
17102040 102.687048611111 0.145042805998582 6.90653545183328e-05 1336.55712891
17102041 102.710428240741 0.145012247723433 0.000125391967968778 1350.07324219
17102042 102.732106481481 0.145852574802877 7.01486247370288e-05 1292.76135254
17102043 102.753888888889 0.148512286088686 7.2510596578856e-05 1163.52270508
17102044 102.776041666667 0.150912804701117 7.611449681907e-05 1099.40588379
17102045 102.797847222222 0.152538052523339 7.68915123894478e-05 1013.97833252
17102046 102.81962962963 0.154675092781711 7.95467949247326e-05 960.88464355
17102047 102.841446759259 0.15572049008846 9.6689530657702e-05 932.13739014
17103001 103.01130787037 0.164728864315454 0.000131886957292154 1681.35717773
17103007 103.155474537037 0.159760115838506 6.48433726052849e-05 1872.60095215
17103008 103.178657407407 0.149060349828327 8.11994385192317e-05 1538.35021973
17103009 103.195486111111 0.148372757223328 6.63834835656497e-05 1583.88586426
17103010 103.217152777778 0.150203051731707 6.61006567976937e-05 1619.01086426
17103011 103.238726851852 0.153564232841484 6.68928251670073e-05 1608.61767578
17103012 103.260405092593 0.152867500776534 6.6602287625591e-05 1629.27282715
17103013 103.282488425926 0.145889392525343 6.54117178658758e-05 1611.49963379
17103014 103.304282407407 0.143508363029754 6.7946327360726e-05 1153.06689453
17103015 103.326006944444 0.145829331723401 0.000154185231954843 1422.70971680
17103016 103.331215277778 0.144460938779523 6.83824106571313e-05 1418.88940430
17103017 103.352766203704 0.143493494990198 6.81730597385192e-05 1300.77026367
17103019 103.383368055556 0.146613483552594 7.05953826099646e-05 1213.63452148
17103020 103.405289351852 0.148843338873247 8.59087820565735e-05 1142.75732422
17103021 103.421481481481 0.151056187378837 7.45966912474463e-05 1131.01245117
17103022 103.443275462963 0.152387962628232 7.63878045294637e-05 1043.99768066
17103025 103.467731481481 0.153500384861687 0.000104136436121199 966.45166016
17103041 103.743125 0.168772911978864 6.88561593039976e-05 1916.10131836
17103042 103.764849537037 0.161840269387471 6.98450802023717e-05 1710.19970703
17103043 103.786585648148 0.160535948933148 7.02884940598255e-05 1688.84191895
17103044 103.807974537037 0.160082317199611 6.91475552033427e-05 1709.60949707
17103045 103.829479166667 0.151422648813588 6.56833459078703e-05 1663.55541992
17103046 103.851111111111 0.147543319140645 6.55301707361968e-05 1592.31945801
17103047 103.872766203704 0.146210566344048 6.43888171117146e-05 1549.06591797
17103048 103.894305555556 0.147536879337488 6.78588549330895e-05 1529.93469238
17103049 103.914768518519 0.150540201099442 6.66752681319319e-05 1578.71496582
17103050 103.936446759259 0.154040537448556 6.76098472989031e-05 1612.61181641
17103051 103.958715277778 0.152781586082361 7.61196934809199e-05 1521.02343750
17103052 103.976863425926 0.15063051953941 0.000123362762256965 1341.46459961
17103059 103.996458333333 0.148278337641981 0.000280873122589259 1262.65112305
17103060 103.998506944444 0.149181239621904 0.000331579469773352 1257.41796875
17103061 104.000763888889 0.150387864941148 6.79551695604411e-05 1229.37695312
17104001 104.024479166667 0.150608869463113 7.25934999725936e-05 1168.31555176
17104002 104.04724537037 0.152856962580384 6.54217567570697e-05 1085.23901367
17104003 104.12125 0.152829153634265 6.73149640760377e-05 1690.62438965
17104004 104.142986111111 0.148737872485497 6.22172342092129e-05 1492.77709961
17104005 104.167175925926 0.149846504254861 6.29720365424786e-05 1522.02551270
17104006 104.190601851852 0.153475053037513 6.44169503962043e-05 1572.29272461
17104007 104.214375 0.152214606556208 6.71207936447536e-05 1546.97668457
17104008 104.236412037037 0.142504054554545 6.44968492380421e-05 1500.23925781
17104009 104.258171296296 0.140299455729717 6.46587276042788e-05 1424.24475098
17104011 104.285451388889 0.14668131972674 6.48769774925402e-05 1469.63830566
17104012 104.307164351852 0.149891545811262 6.80794910411429e-05 1483.39599609
17104013 104.329166666667 0.149570445682954 8.53054563321883e-05 1415.25537109
17104014 104.34369212963 0.151174961536566 7.00918595196333e-05 1375.22521973
17104015 104.366145833333 0.15137922481564 7.21566919870646e-05 1280.78015137
17104016 104.387743055556 0.152920557278882 7.4537886563762e-05 1184.04113770
17104017 104.409270833333 0.15599620912123 7.3866425256316e-05 1134.38452148
17104018 104.432361111111 0.156196410426015 0.000157525494713456 1056.82519531
17104026 104.834108796296 0.185757143260931 0.000222338125488167 1966.88476562
17104027 104.837349537037 0.174576000950204 7.10813068537693e-05 1906.07141113
17104028 104.858819444444 0.16967518688491 9.25231316779371e-05 1763.79162598
17104030 104.873819444444 0.167100270088298 0.000683138092224589 1718.43176270
17104031 104.884768518519 0.166924886370033 0.000550037850781829 1703.77966309
17104034 104.891793981481 0.163871820219512 6.77875639671389e-05 1698.52209473
17104036 104.916284722222 0.160930708398917 0.00010827309626913 1692.49572754
17104037 104.925601851852 0.159484226078998 9.62958359860554e-05 1697.49658203
17104038 104.936886574074 0.157475817071933 6.66523868954757e-05 1697.89318848
17104039 104.958530092593 0.151513961223933 7.06926002167233e-05 1650.14587402
17104040 104.97806712963 0.150417786060932 6.55666698471228e-05 1582.52233887
17104041 105.000243055556 0.149909118156641 6.6690785498517e-05 1580.33007812
17105001 105.022210648148 0.150783059030905 6.23599138344974e-05 1557.45239258
17105002 105.046539351852 0.153227990322029 0.000132186388773082 1573.20129395
17105003 105.056145833333 0.153295422744192 5.22176463310368e-05 1604.11987305
17105004 105.078854166667 0.153091528613274 0.000159520081900158 1505.75170898
17105009 105.136805555556 0.152560189428444 6.38615990062616e-05 1694.65344238
17105010 105.159733796296 0.148922627163231 6.44808040484155e-05 1570.76831055
17105011 105.181064814815 0.149177354808929 7.22882056449586e-05 1582.41784668
17105012 105.201689814815 0.152276235515173 6.71630401152294e-05 1573.20227051
17105013 105.223506944444 0.152024407062228 0.000117309609361439 1626.42761230
17105017 105.242407407407 0.146773728465594 6.12639749831956e-05 1573.57788086
17105018 105.266863425926 0.145944952630844 6.62497442319859e-05 1529.89318848
17105019 105.288645833333 0.146684642392084 6.14195315423456e-05 1545.14038086
17105020 105.315347222222 0.148615746754191 6.54445665357455e-05 1570.73071289
17105021 105.3378125 0.151513603524392 6.77721509881749e-05 1466.97094727
17105022 105.36005787037 0.153739291349225 0.000109514841603791 1625.21557617
17105041 105.638148148148 0.168067348662573 0.000130039274696862 1797.91613770
17105042 105.678194444444 0.171821715236127 0.000177057087813319 1768.48229980
17105043 105.682407407407 0.167424358097449 0.000155836413119574 1766.54870605
17105044 105.685856481481 0.162519848722616 6.95728908694343e-05 1766.49255371
17105045 105.707199074074 0.159669009378952 7.19561358650367e-05 1712.45239258
17105046 105.802349537037 0.166060595684625 0.000129068596640706 1781.03479004
17105047 105.820543981481 0.157506568847943 0.000293235934698215 1642.61999512
17105048 105.823842592593 0.156859052189107 6.86734938201187e-05 1649.90136719
17105049 105.845972222222 0.155037910712945 6.77690721066512e-05 1573.67065430
17105050 105.8684375 0.156566483378928 6.87920756964988e-05 1596.60668945
17105051 105.889953703704 0.157699524423653 0.000121741748055251 1670.30761719
17105052 105.897835648148 0.157491483161477 6.72744055313903e-05 1686.87756348
17105053 105.919664351852 0.154718955778768 7.08251466571945e-05 1666.20507812
17105054 105.940659722222 0.152388332505587 7.05218033178991e-05 1614.02917480
17105055 105.9603125 0.151525739660935 7.23556334007026e-05 1633.53588867
17105056 105.979988425926 0.151458818241631 7.67398876236576e-05 1588.42797852
17105057 106.000613425926 0.151268707041269 6.88785326550722e-05 1579.81298828
17106001 106.022326388889 0.150654087520889 6.3590894547562e-05 1591.05419922
17106002 106.047488425926 0.150588123705926 6.47043431254386e-05 1577.07470703
17106003 106.073101851852 0.151374599862643 7.02770720812789e-05 1562.34082031
17106004 106.094895833333 0.15211483647601 7.22130736472881e-05 1506.63647461
17106005 106.117696759259 0.152371863340989 0.000147259216756352 1431.57299805
17106006 106.168668981481 0.16448973106648 6.80080359911566e-05 1871.27209473
17106007 106.191539351852 0.157822598566818 6.56850984554438e-05 1679.80102539
17106008 106.215381944444 0.154893946433532 6.86792023739086e-05 1643.89904785
17106009 106.236759259259 0.153404454028053 6.92101220049221e-05 1600.55981445
17106010 106.25875 0.149828001044429 6.76638452327565e-05 1603.33972168
17106011 106.280416666667 0.147998221759571 6.7904812330482e-05 1564.61596680
17106012 106.305821759259 0.148884558188988 6.82523337415373e-05 1566.64782715
17106013 106.329050925926 0.151670737442173 6.71525266303108e-05 1627.51416016
17106014 106.351446759259 0.14970233501295 6.79721227898066e-05 1623.02893066
17106015 106.373171296296 0.152872655294045 6.89892789224206e-05 1588.70861816
17106016 106.394756944444 0.155250200457231 7.0810209604263e-05 1567.66845703
17106017 106.416296296296 0.156974439052465 7.28331009441799e-05 1480.98071289
17106018 106.438171296296 0.15804037272194 0.000179596097789125 1405.05688477
17106019 106.446365740741 0.159126819281005 7.49577008956731e-05 1355.21655273
17106020 106.468229166667 0.160010351797498 7.50833603703054e-05 1268.94030762
17106021 106.489849537037 0.160597449191873 0.000186549138794108 1203.22985840
17106048 106.800138888889 0.131814750942488 0.000110799571751715 921.41302490
17106055 106.977893518519 0.137684901709542 6.14572789172957e-05 1484.83093262
17107001 107.002372685185 0.139594328988365 0.000173933881032444 1481.97412109
17107002 107.006412037037 0.139564816742444 6.2416620508039e-05 1449.06469727
17107003 107.029849537037 0.143535269627985 6.42477778199806e-05 1495.68896484
17107004 107.051608796296 0.149591978764756 6.51235475205323e-05 1517.36755371
17107006 107.075659722222 0.154421414388599 6.22032324174199e-05 1605.32934570
17107007 107.100833333333 0.153739946527776 7.97383401239599e-05 1619.89013672
17107008 107.122604166667 0.153350787735833 6.27305638245994e-05 1617.05480957
17107009 107.146863425926 0.153804533226438 6.49221796365543e-05 1599.39929199
17107010 107.16943287037 0.153431255089069 6.45427303063802e-05 1610.68359375
17107011 107.192696759259 0.153048769478416 6.42378592849267e-05 1626.34069824
17107015 107.218078703704 0.15232889237417 6.53276642046986e-05 1613.75439453
17107016 107.240486111111 0.152110314935372 5.91646627532713e-05 1559.72302246
17107020 107.272071759259 0.153249983797635 7.03567955685312e-05 1416.05590820
17107022 107.309085648148 0.155693761696044 0.000127030789261497 1296.91455078
17107027 107.361574074074 0.138487927599124 6.08608251455016e-05 1456.43200684
17107028 107.385439814815 0.144068379950887 6.39147515808971e-05 1504.67749023
17107029 107.4084375 0.150437062140813 6.4553698201075e-05 1540.52575684
17107030 107.431608796296 0.157615504498695 6.81893379657695e-05 1593.18017578
17107031 107.453831018519 0.16065108410454 0.000125016185386007 1688.31982422
17107032 107.468854166667 0.16082071178268 6.65281715239116e-05 1722.57568359
17107033 107.491574074074 0.160213301923776 0.000195839387273002 1729.72937012
17107035 107.496180555556 0.157163281492058 6.93132760978536e-05 1666.65222168
17107036 107.517523148148 0.156020889021093 6.84910191955843e-05 1652.05432129
17107037 107.539340277778 0.158604597726128 7.29717380038907e-05 1670.86340332
17107038 107.560983796296 0.159767203115651 7.19302603225441e-05 1616.10375977
17107039 107.582638888889 0.154909552077924 7.00630317600914e-05 1623.33776855
17107040 107.604247685185 0.153577587604218 7.11618473237573e-05 1597.23754883
17107041 107.625983796296 0.154116177677845 7.35307647546431e-05 1497.09204102
17107042 107.649074074074 0.155296058807984 8.12156082536181e-05 1404.05834961
17107043 107.668576388889 0.155656494664645 8.74927283486885e-05 1322.83996582
17107044 107.7315625 0.150952490459875 6.60258599026181e-05 1631.08898926
17107045 107.753761574074 0.151437123134788 6.89408898955031e-05 1568.19445801
17107046 107.775497685185 0.152454954498948 6.89703169366065e-05 1592.09033203
17107047 107.797060185185 0.152179738020928 9.21871529302546e-05 1613.45434570
17107048 107.809490740741 0.151388640659569 6.82629486644094e-05 1593.65026855
17107049 107.831168981481 0.150589841576839 7.34809501709408e-05 1601.92907715
17107050 107.851030092593 0.150603118212324 6.41077467355929e-05 1539.90612793
17107051 107.87568287037 0.150553674628128 6.76168736202413e-05 1578.46582031
17107052 107.897650462963 0.151445590283242 0.000124059080092739 1606.82324219
17107054 107.912743055556 0.151891842162645 8.30826815149967e-05 1607.90795898
17107055 107.929826388889 0.151934661034035 9.01862720495138e-05 1623.79980469
17107056 107.945289351852 0.15038038558116 6.6718561812565e-05 1591.61499023
17107057 107.966898148148 0.151009303847232 0.000115002991632 1567.38696289
17107058 107.977928240741 0.151961173435276 6.4148270771107e-05 1568.99426270
17108001 108.001122685185 0.152360288848946 6.84576028670975e-05 1493.55627441
17108004 108.025856481481 0.153487583198894 8.68641671471773e-05 1385.18371582
17108007 108.118310185185 0.135373307002488 5.83715374584298e-05 1438.46716309
17108008 108.143634259259 0.139052259841904 5.90307257099088e-05 1410.78454590
17108010 108.169560185185 0.143724339992377 5.85425424059771e-05 1499.74743652
17108011 108.196076388889 0.147378233083891 6.34479923770243e-05 1523.25915527
17108012 108.218703703704 0.149022784487123 6.31153522075926e-05 1593.52197266
17108013 108.241377314815 0.14719946552216 8.94071502483832e-05 1581.11437988
17108023 108.491273148148 0.161490825399365 0.000339743748243612 1722.95471191
17108024 108.492928240741 0.158393011933474 0.000509598160375741 1693.48645020
17108025 108.494525462963 0.152181688198575 6.49957864417244e-05 1668.53491211
17108026 108.516458333333 0.1530698688328 6.51399654170063e-05 1605.47900391
17108027 108.538298611111 0.15500488821751 7.68858247108951e-05 1629.33422852
17108028 108.567326388889 0.15333372671813 6.58130818830676e-05 1609.65795898
17108030 108.59056712963 0.149507325067764 6.47790309318781e-05 1663.49780273
17108031 108.612743055556 0.14771137430823 6.47182146330877e-05 1562.10888672
17108032 108.634340277778 0.148429837055421 6.58923037958354e-05 1535.53247070
17108033 108.656273148148 0.148682580010231 6.58879745541219e-05 1522.84008789
17108034 108.678090277778 0.148415455050711 0.000177008547667508 1428.99523926
17108035 108.6821875 0.148854401072391 7.05005811428999e-05 1403.34167480
17108036 108.7046875 0.148987179473644 0.000255855040369271 1311.84191895
17108037 108.707210648148 0.149804410249202 7.1113057713105e-05 1318.60852051
17108038 108.728993055556 0.151446324308397 7.34954696597566e-05 1260.04980469
17108039 108.750694444444 0.153649512932179 7.46742786733809e-05 1147.56396484
17108040 108.772905092593 0.153909355782056 0.000146713803778769 1075.10107422
17108041 108.854826388889 0.136676284438111 6.33491491406703e-05 1392.02014160
17108042 108.876689814815 0.142739386312585 6.52001158007631e-05 1474.80517578
17108043 108.898252314815 0.145567516501271 6.63833137123418e-05 1489.65942383
17108044 108.919953703704 0.149835324491443 7.63078990240185e-05 1549.53955078
17108046 108.942314814815 0.153431788009574 8.53396726702118e-05 1625.06726074
17108047 108.951111111111 0.154070545938774 6.97500583050056e-05 1635.79467773
17108048 108.971412037037 0.154314369723988 0.000733712597716653 1626.96057129
17108049 108.972800925926 0.152330021316305 4.90682890520969e-05 1610.02758789
17108052 109.000787037037 0.151118184759373 6.46935293781719e-05 1588.76806641
17109002 109.024305555556 0.149198992018023 6.42050446066876e-05 1556.80078125
17109003 109.046666666667 0.150645428481315 9.46536381571005e-05 1573.81274414
17109004 109.059884259259 0.14785854301701 6.79898893583815e-05 1581.00500488
17109005 109.081990740741 0.141788238885897 6.37575125353897e-05 1491.92333984
17109009 109.109155092593 0.140907713623679 6.62716471266768e-05 1338.80224609
17109010 109.132002314815 0.14245527914493 6.64301124280936e-05 1274.90527344
17109011 109.156087962963 0.147566749573102 8.93646359732116e-05 1187.07153320
17109015 109.228668981481 0.138679492450493 6.31636691439567e-05 1454.71020508
17109016 109.250543981481 0.143295654995699 6.56739606257649e-05 1467.50964355
17109017 109.272152777778 0.147813998503004 6.79757451858555e-05 1546.95690918
17109018 109.29369212963 0.153131915385786 7.18277624207745e-05 1583.83691406
17109023 109.333773148148 0.157660880142597 0.000136181754429799 1708.20825195
17109025 109.339571759259 0.157552154948542 5.35671550508979e-05 1706.40722656
17109026 109.363923611111 0.159507839721895 5.40062219931043e-05 1679.27026367
17109027 109.386365740741 0.161500489410897 7.47725305412408e-05 1672.20727539
17109029 109.400925925926 0.163565083432804 5.27722025076967e-05 1730.57165527
17109030 109.424918981481 0.163842786162338 5.67888716134402e-05 1693.81567383
17109031 109.446053240741 0.16429784243039 5.77012794025612e-05 1637.36645508
17109032 109.470173611111 0.164436212358516 0.000333089416867207 1542.82946777
17109034 109.483483796296 0.165571681754587 5.84351493445353e-05 1476.13476562
17109035 109.506689814815 0.165770311983503 6.15804750595681e-05 1388.29980469
17109036 109.528287037037 0.163978315713207 6.15198924298537e-05 1391.92480469
17109037 109.550185185185 0.165372192496965 0.000184838990408509 1322.77990723
17109048 109.663877314815 0.175487009343129 0.000208927565107567 1847.38415527
17109049 109.667337962963 0.173936452658279 0.000519466532468851 1817.28723145
17109050 109.675555555556 0.169640292599575 7.48555029518385e-05 1763.55993652
17109051 109.708298611111 0.165225400565093 0.000140990532696028 1726.54003906
17109052 109.716296296296 0.162928987188265 7.25170004683367e-05 1710.66345215
17109053 109.737662037037 0.15932304460114 8.6819493630553e-05 1716.09350586
17109054 109.754363425926 0.157044043451305 0.000122786865519135 1671.57861328
17109055 109.759456018519 0.157250063473989 7.12573669009177e-05 1662.42407227
17109056 109.781018518519 0.156850149119882 6.90747994991634e-05 1649.02685547
17109057 109.802673611111 0.158070346421077 6.95840629093236e-05 1680.56713867
17109058 109.824444444444 0.15523983888985 6.91665593825246e-05 1657.13293457
17109059 109.846111111111 0.154421940427999 0.000108537662477566 1644.11352539
17109060 109.863761574074 0.15710696303311 7.32471714744389e-05 1591.20886230
17109061 109.885648148148 0.161062263605496 8.54474153819972e-05 1681.40747070
17109065 109.90556712963 0.162922993695714 9.93517251877275e-05 1684.67834473
17109066 109.919189814815 0.163170693965707 0.000255445728883204 1618.05554199
17109067 109.922835648148 0.163864757063317 0.000193079550483376 1614.93005371
17109068 109.927858796296 0.164799511706118 7.65396817033709e-05 1605.91870117
17109069 109.949270833333 0.166630138071783 7.95814437523531e-05 1524.21325684
17109070 109.970439814815 0.168730541696115 8.74615926591732e-05 1445.32019043
17110001 110.048148148148 0.151374956471731 6.71105158025742e-05 1633.62902832
17110002 110.070763888889 0.151839095744297 7.04454465045211e-05 1536.74523926
17110003 110.092546296296 0.153032121324365 7.2010657332031e-05 1591.78784180
17110004 110.11443287037 0.156254394682049 7.07694460493171e-05 1601.25781250
17110005 110.136168981481 0.160691201860276 7.4343061798255e-05 1682.98779297
17110006 110.157881944444 0.160574921503503 7.26067281609402e-05 1724.24707031
17110007 110.179710648148 0.15768670901203 8.77460235223289e-05 1690.72644043
17110011 110.202407407407 0.158810350406303 6.98184784636982e-05 1675.16699219
17110012 110.224293981481 0.160471496195112 7.08955658141647e-05 1661.24487305
17110013 110.246388888889 0.160532730667238 8.85321093901805e-05 1689.09704590
17110014 110.264131944444 0.16026755427073 7.06243380212873e-05 1705.77941895
17110015 110.286527777778 0.159460273023285 7.47072174432014e-05 1663.27929688
17110016 110.309386574074 0.158928988984846 0.000116935016638969 1701.74743652
17110017 110.318599537037 0.159706118196551 6.94870514826266e-05 1677.95544434
17110018 110.343321759259 0.160526918930566 7.31816554743188e-05 1597.02624512
17110019 110.364548611111 0.162410274484734 8.58278695617701e-05 1504.18664551
17110028 110.42099537037 0.156227379742011 6.78255628132939e-05 1663.01623535
17110029 110.442638888889 0.16249226277755 6.82123343840183e-05 1647.45605469
17110030 110.465196759259 0.166270623134452 6.77775560827397e-05 1764.61877441
17110031 110.488171296296 0.168244256463141 7.23435264819286e-05 1762.81872559
17110032 110.510104166667 0.168613100037682 7.14850921309434e-05 1763.22131348
17110033 110.531898148148 0.16590787584855 7.12109541623935e-05 1846.38256836
17110034 110.556701388889 0.162792015950519 6.90289019347898e-05 1753.62268066
17110035 110.577997685185 0.16450308449759 6.75013856514177e-05 1720.32922363
17110036 110.600509259259 0.165927305148292 6.86629313630646e-05 1750.13256836
17110037 110.622731481481 0.166269575491497 7.85148584582111e-05 1720.45129395
17110039 110.643564814815 0.138400851166 6.21883401076681e-05 1686.61694336
17110040 110.665578703704 0.165278065285367 6.93624484061682e-05 1684.77685547
17110041 110.687152777778 0.16495519051823 7.12974455256723e-05 1663.28759766
17110042 110.709340277778 0.163109829569748 7.20358385495052e-05 1604.70092773
17110043 110.731747685185 0.163075594538493 9.59718005423592e-05 1521.61401367
17110044 110.787476851852 0.14696764881103 6.55105070631496e-05 1526.01550293
17110045 110.80875 0.14899435033172 7.69710352463961e-05 1549.34777832
17110049 110.829548611111 0.151115465151234 6.70444983453589e-05 1538.02929688
17110050 110.851342592593 0.155114344795244 6.75363742947586e-05 1591.71606445
17110051 110.872800925926 0.160402721009042 6.90142613488602e-05 1632.56433105
17110052 110.894293981481 0.161292037780477 6.82843756171349e-05 1737.46679688
17110053 110.916122685185 0.160272351100782 0.000158480448581493 1700.64978027
17110054 110.923333333333 0.158466991511479 0.000114104836866509 1671.27868652
17110055 110.932893518519 0.158297109376671 0.000127650290978712 1649.10180664
17110056 110.941423611111 0.159089620118256 9.66780959635963e-05 1692.88122559
17110057 110.952928240741 0.160474877678711 9.44310162598911e-05 1682.52941895
17110058 110.967581018519 0.160156798319162 0.000106666224933973 1726.06713867
17110059 110.977685185185 0.159692021536687 0.000111396004363398 1658.89941406
17110060 110.986331018519 0.160180766679879 0.000113843216177931 1684.30627441
17110061 110.994756944444 0.160038390880332 6.25106340884619e-05 1694.99572754
17111001 111.016712962963 0.159113068575657 6.00421342006119e-05 1698.74670410
17111002 111.038657407407 0.157593242365092 6.37919984358654e-05 1660.01574707
17111007 111.141516203704 0.158580447216134 0.000119694751223543 1663.07824707
17111008 111.148564814815 0.159270061000763 6.00135570659453e-05 1668.45947266
17111009 111.170219907407 0.159134945388535 6.4368862331171e-05 1682.63525391
17111010 111.191909722222 0.160697455682563 6.5334956403292e-05 1688.61633301
17111011 111.213668981481 0.16372661780096 5.98089828569855e-05 1697.87915039
17111012 111.23537037037 0.162322798306746 5.81521490300791e-05 1791.65393066
17111013 111.257511574074 0.158882670411158 6.02100462797303e-05 1682.55493164
17111014 111.279027777778 0.157182379650481 6.16045449718184e-05 1642.28161621
17111015 111.300891203704 0.159401923314912 5.94478934612994e-05 1630.66613770
17111016 111.323136574074 0.15914713128932 5.75971057271423e-05 1688.03149414
17111017 111.346099537037 0.159741854641006 6.55693873451044e-05 1661.72290039
17111019 111.366053240741 0.159971581970494 5.95273078248651e-05 1687.03955078
17111020 111.387939814815 0.160450710918205 9.36582111462591e-05 1675.19860840
17111023 111.401076388889 0.160960179944715 6.01541643138305e-05 1686.95312500
17111024 111.422569444444 0.1620259032314 7.83136415836747e-05 1594.77917480
17111028 111.475173611111 0.161897733559213 5.74297237485738e-05 1751.85827637
17111029 111.499490740741 0.160252594753693 0.000229190782689863 1689.40417480
17111030 111.502361111111 0.160271845084192 6.35470811444471e-05 1669.30871582
17111031 111.525532407407 0.162239006096187 6.58631752927312e-05 1695.97961426
17111032 111.547337962963 0.164345041985355 6.27403741854686e-05 1720.89648438
17111033 111.571087962963 0.16289632595463 0.000156957087456202 1730.96215820
17111034 111.575972222222 0.163820584714837 6.5975521821852e-05 1743.98583984
17111035 111.597685185185 0.165622906767703 6.57258254079994e-05 1743.31799316
17111036 111.619259259259 0.168510145919794 9.90457420229162e-05 1757.93957520
17111037 111.629675925926 0.166602325081565 6.77524143512162e-05 1786.80639648
17111038 111.651990740741 0.165761712852535 7.51645448066357e-05 1737.46289062
17111039 111.67375 0.163783681226408 7.33827520954936e-05 1769.59997559
17111040 111.695335648148 0.162556852693219 9.22461400679788e-05 1709.54968262
17111041 111.708738425926 0.162267771993643 7.26943602555418e-05 1622.86523438
17111042 111.730405092593 0.162158147350814 7.12133504994698e-05 1576.29260254
17111043 111.75212962963 0.162174510738275 7.47391760232475e-05 1479.03979492
17111044 111.773564814815 0.163113604495333 7.31608825765451e-05 1407.72924805
17111045 111.796678240741 0.164062710079371 0.000135776464088519 1359.04113770
17111055 111.843796296296 0.164075279906122 6.855786096108e-05 1817.99621582
17111056 111.865335648148 0.162682027345858 0.000177026149915002 1741.83325195
17111057 111.870092592593 0.164010800962069 0.000323612691944021 1716.83862305
17111059 111.87587962963 0.162119742969364 0.000289481626718177 1740.48449707
17111060 111.878946759259 0.152305627041467 6.88109481653676e-05 1727.17248535
17111064 111.906087962963 0.153912539940415 0.000110128178563024 1657.40612793
17111065 111.957523148148 0.152682617728044 6.84099648532998e-05 1743.89184570
17111066 111.978043981481 0.152091908828102 6.6432738051442e-05 1594.59973145
17111067 111.999722222222 0.152102045431597 6.654246927901e-05 1581.02734375
17112001 112.021458333333 0.154622499686613 6.85146581457629e-05 1605.18371582
17112002 112.043171296296 0.158093980724835 6.1245760010359e-05 1637.70654297
17112003 112.069756944444 0.157919306835449 6.69839177118594e-05 1704.86962891
17112004 112.091805555556 0.155195314011653 6.60073221811957e-05 1700.56079102
17112005 112.113726851852 0.153894782046665 0.000106907851448903 1632.15551758
17112006 112.126724537037 0.153921944930149 6.63244716235225e-05 1619.89978027
17112007 112.140810185185 0.154788944582674 6.69643671467271e-05 1633.87463379
17112008 112.162465277778 0.155689740298618 6.73247429248791e-05 1654.43884277
17112009 112.184282407407 0.15629949534687 6.74448080371578e-05 1653.15185547
17112010 112.206018518519 0.156017710387133 6.68617989883724e-05 1625.39624023
17112011 112.228078703704 0.155468933499774 6.56915493987679e-05 1639.60021973
17112012 112.251400462963 0.154276041035003 7.12770169760268e-05 1634.62841797
17112013 112.270150462963 0.154335887791661 8.75570588572546e-05 1603.14282227
17112041 112.714641203704 0.156893746841873 0.000577964698359305 1678.49060059
17112043 112.71900462963 0.155115350038894 0.00014858306688256 1632.48193359
17112044 112.726157407407 0.154408769385918 7.99229073672929e-05 1598.03820801
17112052 112.760115740741 0.155119708268637 6.89949283711695e-05 1662.89916992
17112053 112.7815625 0.160193338875404 7.00610413563859e-05 1662.38684082
17112054 112.803020833333 0.165256789689045 7.15119290482842e-05 1720.24511719
17112055 112.824467592593 0.164756872221627 7.16699801431898e-05 1789.92041016
17112056 112.8459375 0.162828953027882 6.90945121975617e-05 1744.51940918
17112057 112.867951388889 0.162615770722452 7.21335330120387e-05 1707.60327148
17112058 112.889571759259 0.162558043254352 7.15705572797372e-05 1705.37500000
17112059 112.911342592593 0.162664308714714 7.14290576379682e-05 1734.03613281
17112060 112.933090277778 0.160326893344807 7.16168442894919e-05 1724.08752441
17112061 112.954375 0.160275894762744 7.11635381140263e-05 1685.46362305
17112062 112.975844907407 0.161440913509509 7.06868027837046e-05 1696.71264648
17112063 112.9975 0.161110649429462 7.06799603113862e-05 1686.94787598
17113001 113.021365740741 0.162443113978846 7.71823525957086e-05 1584.01708984
17113002 113.085555555556 0.150176357812368 6.74374760685845e-05 1578.44982910
17113003 113.151018518519 0.154130100772001 8.18579728212371e-05 1611.00317383
17113004 113.170821759259 0.157771485760776 5.30603216749742e-05 1655.83728027
17113005 113.192881944444 0.159218935692484 7.13441035059369e-05 1701.05017090
17113006 113.21275462963 0.161003856101864 0.000340928355421447 1700.78186035
17113007 113.217916666667 0.160943969101271 0.000116176941241809 1682.65795898
17113008 113.223287037037 0.14605383664248 8.06357421938221e-05 1703.91662598
17113010 113.290740740741 0.173641949575631 7.29323638383399e-05 1835.57458496
17113011 113.311944444444 0.164785278765494 0.000278752124887806 1785.79003906
17113012 113.318958333333 0.156686537255165 9.2951656938035e-05 1693.77038574
17113013 113.331724537037 0.147662950524444 8.38386091750617e-05 1614.12475586
17113014 113.345798611111 0.141022816770285 6.49973508084101e-05 1493.73059082
17113015 113.367233796296 0.141579362065415 0.000181058615031428 1478.43041992
17113036 113.775775462963 0.151498300718524 6.47635224824762e-05 1672.52001953
17113037 113.797384259259 0.1508408776829 6.94231041638472e-05 1546.01013184
17113038 113.819097222222 0.150155991629707 6.64772789114613e-05 1587.65942383
17113039 113.840439814815 0.152361472765718 7.22271687377635e-05 1571.58166504
17113041 113.863703703704 0.154422688918858 0.000126016772197189 1615.44848633
17113042 113.870810185185 0.153929392813611 0.000786094665427084 1622.83081055
17113043 113.871956018519 0.155805106991836 6.90064262527434e-05 1622.76293945
17113044 113.893472222222 0.15534155161114 6.83466960439635e-05 1642.15002441
17113045 113.916840277778 0.152765694052833 6.77669365692733e-05 1621.64599609
17113046 113.938240740741 0.151528394855722 8.54339612891863e-05 1596.43249512
17113047 113.951875 0.152422848345648 6.80509941386692e-05 1609.26391602
17113048 113.973240740741 0.152580359017277 6.72239192268239e-05 1585.21887207
17113049 113.994861111111 0.151710549261331 6.75694304460105e-05 1568.25207520
17114001 114.016550925926 0.151095842885729 6.96610287863629e-05 1520.94799805
17114002 114.038298611111 0.149767554947626 6.67495637711106e-05 1574.30126953
17114003 114.060034722222 0.149286798768673 6.76275087858713e-05 1534.14160156
17114004 114.082372685185 0.149947849115666 6.68980775675447e-05 1474.15429688
17114005 114.150150462963 0.152761459895281 6.50397222073842e-05 1688.79321289
17114007 114.173391203704 0.151241432909883 6.86316098747911e-05 1559.32482910
17114008 114.195127314815 0.151291299597458 6.75375383459752e-05 1577.54272461
17114010 114.217858796296 0.153697989219731 6.75727819735136e-05 1610.33801270
17114011 114.240162037037 0.156549578347274 6.34125813697715e-05 1640.28759766
17114013 114.2671875 0.156198027599041 6.96578789844258e-05 1680.33215332
17114014 114.288773148148 0.153930439411967 6.99356450646448e-05 1669.52832031
17114015 114.308703703704 0.152192931346384 6.76743148103835e-05 1592.59411621
17114016 114.330613425926 0.151237878252793 0.000161621961891809 1615.69409180
17114017 114.341527777778 0.149314509213838 6.90118564500488e-05 1600.79724121
17114018 114.362835648148 0.148675364935766 0.000105518336750667 1593.07824707
17114020 114.377083333333 0.149642462436917 6.67520188061474e-05 1572.36010742
17114022 114.398564814815 0.14975686242912 6.99628693850743e-05 1586.79248047
17114023 114.42037037037 0.149824432272469 6.64521335705238e-05 1534.64025879
17114024 114.442789351852 0.148827523390936 6.79347187781262e-05 1510.69104004
17114025 114.464074074074 0.149248030531149 7.53523641826165e-05 1425.10803223
17114030 114.57505787037 0.140702890161984 6.32425622879945e-05 1513.85913086
17114031 114.597418981481 0.143817238075046 6.55455811217606e-05 1521.66394043
17114032 114.619016203704 0.146727201767133 6.41659257781187e-05 1530.22204590
17114033 114.642337962963 0.150006441486512 6.93532640277488e-05 1554.71032715
17114034 114.663877314815 0.149623896857013 6.75366074377343e-05 1581.75695801
17114035 114.685474537037 0.14924832959874 6.70246527201008e-05 1597.35827637
17114036 114.707303240741 0.148201746764004 6.76980393736868e-05 1579.73278809
17114037 114.728738425926 0.148209043395957 6.8729270724751e-05 1514.62890625
17114038 114.750127314815 0.147184985842677 6.72290697846227e-05 1575.78100586
17114039 114.771481481481 0.147396539208819 6.75481927128511e-05 1551.81982422
17114040 114.792858796296 0.148567869122341 6.77596532635555e-05 1567.03125000
17114043 114.820081018519 0.147399547519197 0.000107326058534636 1538.69824219
17114044 114.826597222222 0.14298806577059 6.3650120485013e-05 1498.74255371
17114045 114.849918981481 0.139284045077077 7.18106451448127e-05 1416.54724121
17114046 114.862650462963 0.139452647905185 6.77529050163196e-05 1363.14892578
17114047 114.884293981481 0.139203682825894 6.92980190709246e-05 1297.90307617
17114049 114.943090277778 0.140338050145416 6.47031287509197e-05 1429.54650879
17114050 114.965439814815 0.140456991874482 6.40102769712449e-05 1465.19409180
17114051 114.987152777778 0.138979722980831 6.50048187074261e-05 1453.95812988
17115001 115.008819444444 0.14320201967599 6.52013810737694e-05 1427.31652832
17115002 115.030497685185 0.147012899761323 6.68068118743487e-05 1568.92761230
17115003 115.052268518519 0.14435258362508 6.68884090737556e-05 1480.25817871
17115004 115.073877314815 0.144192318017775 0.000101944111247484 1505.87475586
17115005 115.086446759259 0.142096403448559 6.52452346613276e-05 1446.56958008
17115007 115.109074074074 0.141901579863088 6.50034996402415e-05 1478.97265625
17115008 115.131701388889 0.143713436855063 6.59404267206882e-05 1500.99890137
17115009 115.153414351852 0.142827621437914 6.53545495984315e-05 1425.10266113
17115010 115.176157407407 0.14124377868311 6.81763297234375e-05 1414.48791504
17115012 115.201423611111 0.13767658112325 0.000127886238614559 1439.97436523
17115013 115.210671296296 0.133945763235574 0.000109903328168502 1347.31726074
17115014 115.221412037037 0.132773903707116 8.65763906877205e-05 1289.46875000
17115016 115.274212962963 0.146864270450759 7.16609591156699e-05 1572.38195801
17115018 115.297476851852 0.145099819569403 6.70388825547351e-05 1519.34399414
17115019 115.318657407407 0.142492945944829 6.41327984888434e-05 1486.84521484
17115021 115.343263888889 0.142642176551668 6.67682920347595e-05 1475.12109375
17115022 115.364386574074 0.146955135800384 6.74965048995438e-05 1488.77868652
17115023 115.386539351852 0.155479521743932 0.000152611679313804 1494.23181152
17115024 115.394236111111 0.151794794239046 6.74386027444523e-05 1625.44470215
17115025 115.415300925926 0.144280171807783 6.4990318466266e-05 1555.41467285
17115026 115.438668981481 0.142921560679244 0.000131699831793278 1472.80834961
17115028 115.446331018519 0.142991900669226 5.67752484754622e-05 1487.02038574
17115029 115.467372685185 0.142067739252991 0.000440024402864025 1443.35498047
17115030 115.468726851852 0.142818983372101 6.72034678081079e-05 1449.34265137
17115031 115.490277777778 0.143456454675378 6.75334298359122e-05 1498.11938477
17115032 115.511608796296 0.142887122241394 7.20373721936193e-05 1434.51550293
17115033 115.533240740741 0.142323704240345 6.64713567237534e-05 1384.50415039
17115035 115.556134259259 0.142209147489477 6.72281176810744e-05 1308.67077637
17115037 115.579861111111 0.144402169001007 6.91403967535051e-05 1235.90197754
17115038 115.602326388889 0.148080734363019 0.00028992138277918 1200.83666992
17115044 115.647592592593 0.140547515544197 6.56051462093891e-05 1440.21459961
17115045 115.668819444444 0.143515324662656 6.71323842274062e-05 1455.11083984
17115046 115.690335648148 0.145647402453739 6.58012677619911e-05 1506.29321289
17115047 115.711666666667 0.14851096406356 6.77733487529428e-05 1544.72033691
17115048 115.73318287037 0.150596927545691 6.95057590854093e-05 1579.24169922
17115049 115.754236111111 0.149512335741754 6.7931927493655e-05 1580.70178223
17115050 115.775856481481 0.148172373440772 6.87732801729031e-05 1550.58850098
17115051 115.797222222222 0.149050906269201 6.7605591520932e-05 1554.94567871
17115052 115.81869212963 0.149459065265364 6.87734520512641e-05 1557.75891113
17115053 115.839791666667 0.150048208786795 6.96934466169933e-05 1535.44091797
17115054 115.861215277778 0.151028621300185 6.89696725878191e-05 1559.82336426
17115056 115.883912037037 0.150054465409851 6.761870242676e-05 1570.52563477
17115058 115.907766203704 0.148388676654029 7.02983359799556e-05 1508.64660645
17115060 115.930636574074 0.148374989707056 6.93528017311217e-05 1518.42785645
17115061 115.952256944444 0.149390226910753 6.97013158700103e-05 1463.43359375
17116001 116.026064814815 0.15154351945723 6.60373747161867e-05 1597.55224609
17116002 116.048344907407 0.150789071714839 0.000109027062850566 1543.81298828
17116003 116.061076388889 0.150248868823416 6.74800247925752e-05 1555.58654785
17116004 116.082905092593 0.153020744399215 7.71211665789632e-05 1550.96484375
17116005 116.099490740741 0.155837163895407 6.75602488264099e-05 1617.99914551
17116006 116.12119212963 0.156195386021805 6.73781446290533e-05 1629.87976074
17116008 116.143981481481 0.154145127139032 6.84860522229533e-05 1626.10937500
17116009 116.165659722222 0.153078431964175 6.84145323854102e-05 1609.10754395
17116010 116.187662037037 0.152257657054415 6.67303193751181e-05 1620.15148926
17116015 116.215532407407 0.152703277752539 6.89044329587543e-05 1588.80688477
17116016 116.237615740741 0.151922061065867 5.96883092823163e-05 1573.82995605
17116017 116.264085648148 0.151380637437622 6.92879474830533e-05 1574.88488770
17116018 116.285902777778 0.151454693576161 6.47740348867564e-05 1495.54296875
17116019 116.310347222222 0.150600026566197 7.95020055793097e-05 1476.23352051
17116020 116.326828703704 0.151059052625577 6.23561352229442e-05 1451.26452637
17116021 116.353888888889 0.151951735207739 7.0057476736358e-05 1368.11535645
17116022 116.376412037037 0.152833572143167 0.000135147638736398 1313.28991699
17116042 116.637037037037 0.157340336300939 6.38845903682257e-05 1920.08984375
17116044 116.661689814815 0.156745836166963 6.86244646037165e-05 1612.78613281
17116045 116.683206018519 0.156102718430942 7.50642368960697e-05 1621.33886719
17116046 116.701585648148 0.160091340910491 7.20861628438257e-05 1628.80102539
17116047 116.722916666667 0.160464269331767 7.07292519860901e-05 1676.78259277
17116048 116.744201388889 0.157180022559111 7.00553129137224e-05 1639.31262207
17116049 116.765810185185 0.155821531405146 0.000219173997963911 1615.35473633
17116050 116.772303240741 0.154361950560926 7.13359855578887e-05 1618.62780762
17116052 116.795763888889 0.153544395593918 0.000118441676982897 1575.35888672
17116053 116.808391203704 0.154225105486046 7.1692560001527e-05 1585.15759277
17116054 116.829768518519 0.154156803489353 7.06487612925248e-05 1588.09472656
17116056 116.852418981481 0.153439370216904 0.000194928720202924 1584.85253906
17116057 116.857013888889 0.153003059219316 0.000117380884312105 1560.77783203
17116058 116.866284722222 0.152553656626823 7.08513780051252e-05 1591.75512695
17116059 116.887280092593 0.152532023152968 7.09443932603569e-05 1585.94201660
17116061 116.909525462963 0.152551647534186 7.03711728267118e-05 1544.01330566
17116062 116.930671296296 0.152840150774592 7.46206470878227e-05 1467.57385254
17116063 116.949490740741 0.152883180143257 0.000264604827662542 1386.17724609
17116065 116.956689814815 0.152723231104584 0.000117793217159456 1336.04028320
17117003 117.009282407407 0.147216128657668 6.67406827144229e-05 1514.91345215
17117006 117.032685185185 0.147910258001678 0.000139734912531391 1510.66162109
17117007 117.039537037037 0.147656575072868 6.75372595850501e-05 1470.72375488
17117008 117.061388888889 0.148934329200962 0.000102077879708833 1485.26904297
17117010 117.075706018519 0.152055665130239 6.96389790393236e-05 1559.06091309
17117011 117.097430555556 0.154943513297426 6.97938513411946e-05 1573.29956055
17117012 117.119224537037 0.1521848252019 6.80556341151635e-05 1582.96301270
17117013 117.141099537037 0.150788448539906 6.68048471847498e-05 1573.61120605
17117014 117.164074074074 0.151560121959103 7.12843482338123e-05 1542.16418457
17117015 117.187280092593 0.150989162022285 6.7168861453939e-05 1537.53356934
17117019 117.214270833333 0.150028197307575 6.88232802673324e-05 1554.62646484
17117020 117.23599537037 0.14989194879213 6.28324270275388e-05 1522.15625000
17117021 117.262233796296 0.150571900326695 6.69444320785737e-05 1517.22985840
17117023 117.285381944444 0.150927123222626 8.39210493717084e-05 1488.45019531
17117028 117.305543981481 0.15247788452721 6.95888095952997e-05 1436.88476562
17117029 117.327731481481 0.153515732710324 0.000161326994469953 1363.46911621
17117035 117.463356481481 0.150084834811361 0.000107417450362403 1604.36218262
17117036 117.472696759259 0.149360637730982 6.61873037592668e-05 1552.73034668
17117038 117.495335648148 0.150789300404468 6.72627361798989e-05 1572.59814453
17117039 117.517013888889 0.153363880914909 6.97450090564928e-05 1596.54785156
17117040 117.538206018519 0.157706169443585 7.32055913930982e-05 1602.91687012
17117041 117.560023148148 0.15626021762225 6.94790509277476e-05 1692.80419922
17117042 117.586585648148 0.0895297033048847 4.60750983367744e-05 1648.73095703
17117045 117.614976851852 0.146344448327379 6.46677553482319e-05 1560.08117676
17117046 117.639537037037 0.146887139271564 6.81407236640378e-05 1502.09179688
17117047 117.661388888889 0.10952242665601 0.00058559322563905 1557.02807617
17117048 117.664247685185 0.149794516207316 7.72911108603307e-05 1547.46398926
17117049 117.683263888889 0.152674072172507 7.10270248683704e-05 1578.74230957
17117050 117.704618055556 0.15519670898488 7.10586718192213e-05 1608.69274902
17117051 117.726423611111 0.155801796606732 7.18094404868155e-05 1567.61010742
17117052 117.747951388889 0.156723892823785 9.36386876621928e-05 1483.65307617
17117053 117.760891203704 0.157797529188692 0.000100894463323125 1468.50354004
17117054 117.771944444444 0.158126710133504 9.00361759324933e-05 1426.84643555
17117055 117.878900462963 0.169782619274125 0.000186309496258455 1744.89758301
17117057 117.886689814815 0.161927881599912 6.99066686398925e-05 1764.79516602
17117058 117.908460648148 0.160532657854831 7.11664809350505e-05 1679.70458984
17117059 117.9296875 0.163776592040772 7.27174096202603e-05 1679.17883301
17117060 117.95125 0.163811999347696 8.4904230925405e-05 1728.12561035
17117061 117.9675 0.162233232350829 7.15639073738437e-05 1716.82019043
17117063 117.99025462963 0.161752533961107 7.10467265383963e-05 1689.17529297
17118001 118.012013888889 0.160109171375264 7.18037785263825e-05 1709.62451172
17118002 118.033912037037 0.158114611599182 7.15491500703404e-05 1656.60510254
17118003 118.055648148148 0.158448779805607 0.000111555942879258 1661.16552734
17118008 118.083576388889 0.157642162103972 6.8914781455196e-05 1656.96630859
17118009 118.105439814815 0.158169020563405 6.96267176182586e-05 1640.55212402
17118010 118.127291666667 0.157493993628442 7.04615858712131e-05 1625.74829102
17118011 118.148946759259 0.156989037990043 6.86468065238348e-05 1604.94702148
17118012 118.1709375 0.157210000892592 7.14312567614507e-05 1521.41882324
17118013 118.193020833333 0.15840094041585 7.20668047538951e-05 1467.30786133
17118014 118.214849537037 0.159460517204769 7.44114955421397e-05 1398.50231934
17118015 118.236631944444 0.16135493462988 6.62445689606957e-05 1311.45727539
17118016 118.265208333333 0.163468817535112 0.00018394757273599 1243.96508789
17118051 119.000381944444 0.134494614809779 6.16705202198919e-05 1424.97326660
17119001 119.023541666667 0.135716015666496 6.26352773436784e-05 1409.89575195
17119002 119.045347222222 0.137289150301828 6.62013557302847e-05 1422.22546387
17119003 119.067164351852 0.141711886612022 6.6784127366215e-05 1417.27331543
17119004 119.088842592593 0.145851954139362 6.814069352778e-05 1493.13793945
17119005 119.1109375 0.147286192690185 6.72303972274547e-05 1527.18359375
17119006 119.132638888889 0.145782550869575 6.52474674041136e-05 1504.39550781
17119007 119.156238425926 0.147781237623237 6.74812035633823e-05 1536.22167969
17119009 119.179108796296 0.146038702840312 6.55811677679649e-05 1527.14648438
17119010 119.200925925926 0.146606385100752 9.2319798151901e-05 1501.89343262
17119011 119.216724537037 0.145319000246382 6.66412278935565e-05 1500.80627441
17119012 119.240173611111 0.143880652060624 6.2248191005012e-05 1500.26623535
17119013 119.265821759259 0.143392069935108 0.000245584641403859 1473.64575195
17119014 119.270833333333 0.142811470153448 6.70871764994532e-05 1441.33740234
17119015 119.293275462963 0.142735241067256 6.86811546819521e-05 1386.38574219
17119016 119.314270833333 0.142095362073873 0.000114373451078108 1358.17431641
17119066 119.563125 0.166960447123514 7.39050045951862e-05 1767.99645996
17119067 119.584791666667 0.167734206478535 7.5067955265802e-05 1708.57092285
17119068 119.60587962963 0.171492148633965 7.341916776e-05 1780.32910156
17119069 119.62818287037 0.172375581806573 7.2924181307975e-05 1803.47888184
17119072 119.652708333333 0.160243776416445 7.43877202653267e-05 1502.43273926
17119073 119.676053240741 0.163313140836884 7.52596690247122e-05 1451.00781250
17119077 119.701145833333 0.149596901050057 0.000112936471681915 1504.86889648
17119078 119.7125 0.159391929885401 9.92549802344705e-05 828.02069092
17119092 119.76818287037 0.15172361802842 0.000188435164522986 1566.87182617
17119093 119.771678240741 0.149195610149121 6.81855591999742e-05 1448.83312988
17119094 119.793171296296 0.152015794635561 7.02435582406003e-05 1537.55761719
17119095 119.81474537037 0.153514195625483 7.21026653971558e-05 1575.93920898
17119096 119.841365740741 0.157672983689446 9.16159620485461e-05 1619.03710938
17119097 119.85443287037 0.159672035617545 7.09691987389019e-05 1690.60607910
17119098 119.87599537037 0.158785881769399 6.95943048397296e-05 1700.72570801
17119099 119.898263888889 0.158776689488872 6.96756106976925e-05 1649.16076660
17119100 119.919710648148 0.15845402162988 7.27367356828396e-05 1690.19421387
17119101 119.941018518519 0.157448725893881 6.97307471536026e-05 1683.96765137
17119102 119.9625 0.156334828091644 6.81206619909383e-05 1659.96533203
17119103 119.984953703704 0.156897858920606 7.01034907156724e-05 1673.09716797
17120001 120.006678240741 0.155864520710412 6.96878570981738e-05 1659.82604980
17120002 120.029375 0.156466177747747 7.93701428997118e-05 1594.27307129
17120009 120.084756944444 0.170442063086676 6.81965708857895e-05 1866.41113281
17120010 120.109467592593 0.166193497377252 7.22282771857107e-05 1750.38293457
17120011 120.131388888889 0.164015505697301 7.0960918787421e-05 1734.34533691
17120012 120.153171296296 0.164754028634063 7.23180851445861e-05 1732.65832520
17120013 120.175023148148 0.163351237314372 7.30223939817839e-05 1726.63500977
17120014 120.196701388889 0.161230067558773 7.12185487847942e-05 1712.08618164
17120015 120.218449074074 0.160402083206819 6.93813498423258e-05 1713.51672363
17120016 120.240740740741 0.159570984352572 6.53465580180459e-05 1681.70617676
17120017 120.26693287037 0.15886744707188 7.39067183259648e-05 1661.05480957
17120019 120.289641203704 0.158248044061281 7.05667399078488e-05 1666.52612305
17120024 120.331111111111 0.158869814471998 0.000197525005998289 1577.38891602
17120025 120.334953703704 0.159910455224573 7.26298499390778e-05 1550.84777832
17120026 120.357152777778 0.160678072590975 0.000328121206681319 1469.35791016
17120062 120.924479166667 0.183350119062426 7.68336008232139e-05 2039.62756348
17120063 120.946053240741 0.172964907626515 7.34968346446793e-05 1867.19506836
17120064 120.967650462963 0.165070547771258 7.00023247030195e-05 1772.60095215
17120065 120.989456018519 0.163491652705774 7.20509122518457e-05 1721.12011719
17121001 121.011435185185 0.164024189681533 7.4106877018106e-05 1565.24023438
17121002 121.033252314815 0.165888694142087 7.57778259500173e-05 1448.23449707
17121003 121.055138888889 0.168300333945252 0.000116938549962009 1314.23315430
17121004 121.103217592593 0.175110426048795 6.86404151755712e-05 1998.03857422
17121005 121.127835648148 0.169742097112636 7.35629235665861e-05 1755.51513672
17121006 121.149733796296 0.165169074404466 7.2243196829799e-05 1752.56152344
17121007 121.171585648148 0.164122608613282 0.00026439792362477 1721.95141602
17121009 121.178333333333 0.164231509460862 7.87023648188945e-05 1724.06274414
17121010 121.198159722222 0.164008170303015 0.00017554082614018 1624.94396973
17121011 121.202951388889 0.164193775028306 7.43313240174948e-05 1557.94226074
17121012 121.224918981481 0.166035028687446 7.34532936584459e-05 1421.18933105
17121013 121.248888888889 0.167804584833636 9.71595768352263e-05 1296.89379883
17121016 121.301666666667 0.172046041100906 7.21625399634865e-05 1887.93359375
17121017 121.323402777778 0.169155626951637 7.629263246924e-05 1799.54748535
17121018 121.345532407407 0.161606702577759 7.37604800281122e-05 1723.42529297
17121019 121.3671875 0.161321400524161 7.12560546576932e-05 1738.35900879
17121020 121.389328703704 0.161050453098362 7.38659590479874e-05 1710.21801758
17121021 121.410763888889 0.161102400590134 7.53230569008256e-05 1633.06408691
17121022 121.431701388889 0.161527544485762 7.65372291573403e-05 1563.83361816
17121023 121.453472222222 0.162597253566035 9.12476562787536e-05 1410.44982910
17121024 121.469502314815 0.164359913448779 0.000119023721914374 1315.96508789
17121025 121.476770833333 0.166168462810635 6.99496515456704e-05 1283.53344727
17121029 121.546168981481 0.169622563551873 7.11110254629974e-05 1844.08984375
17121030 121.56818287037 0.168049911954963 7.32580970419268e-05 1737.19482422
17121031 121.590023148148 0.169230334389339 0.000123359455282586 1762.20556641
17121032 121.641944444444 0.15518587879092 6.94771363281239e-05 1685.48730469
17121033 121.663969907407 0.15843508496002 7.25068739548808e-05 1637.92150879
17121034 121.685416666667 0.161570028722499 7.19265416324643e-05 1691.53320312
17121035 121.707164351852 0.159804735991543 7.16794453460555e-05 1746.56176758
17121036 121.728356481481 0.157765754244423 7.20547467109421e-05 1654.15356445
17121037 121.749722222222 0.159942641465351 8.99406557634339e-05 1669.74670410
17121038 121.763402777778 0.159103990110795 7.09869983827221e-05 1691.89025879
17121039 121.784849537037 0.158778480914588 7.25134819501184e-05 1648.91955566
17121040 121.806944444444 0.159795616070423 7.27131711607916e-05 1551.31628418
17121041 121.828171296296 0.160496308117672 7.40627971197383e-05 1431.01098633
17121042 121.849479166667 0.16211470050949 7.64466862979159e-05 1314.68188477
17121043 121.909479166667 0.143763845508957 6.29753181252445e-05 1519.57202148
17121044 121.933171296296 0.15135149358019 6.77545386103609e-05 1531.00097656
17121045 121.954791666667 0.152457523744155 6.90654406027221e-05 1578.68518066
17121046 121.976099537037 0.154036387515117 7.01425145537456e-05 1603.80114746
17121047 121.998032407407 0.153594505292145 6.88813674678803e-05 1622.86108398
17122001 122.019780092593 0.151444490276805 6.57819754806938e-05 1648.16931152
17122002 122.042638888889 0.152193785010376 6.92198882640688e-05 1589.27685547
17122003 122.064456018519 0.152032738896344 7.0303226508181e-05 1536.39892578
17122004 122.086388888889 0.152602146189547 7.14936464878476e-05 1418.29724121
17122005 122.108125 0.154633495631378 7.40424698605565e-05 1303.86718750
17122006 122.129895833333 0.156539999679467 9.5115237527239e-05 1194.20642090
17122039 122.868483796296 0.192327853660178 9.95813590505449e-05 2158.10839844
17122040 122.883206018519 0.18068894777336 7.30699374957092e-05 1893.46594238
17122041 122.905104166667 0.173504430514667 7.46300036856035e-05 1810.05078125
17122043 122.927060185185 0.168406620567604 7.36309536605139e-05 1795.32250977
17122044 122.948125 0.16630852472763 7.31002131459758e-05 1724.71582031
17122045 122.969502314815 0.164509768835807 7.26659006477403e-05 1684.63500977
17122046 122.991215277778 0.163108069488061 7.25343290509935e-05 1653.73852539
17123001 123.013101851852 0.163591055499568 7.13742324174303e-05 1559.17993164
17123002 123.036423611111 0.164321360175109 0.000100690953573436 1449.98242188
17123005 123.069166666667 0.168422175763605 8.5713393620184e-05 1271.58850098
17123006 123.096180555556 0.17177749576759 7.52998135047215e-05 1186.98022461
17123007 123.131284722222 0.175228657212217 0.000133248497446486 1030.62548828
17123008 123.175300925926 0.181321368356296 7.30117254424083e-05 2047.90270996
17123009 123.197222222222 0.175111941867797 7.32116753210397e-05 1869.60498047
17123010 123.219074074074 0.168682833832498 7.07227110819771e-05 1813.08850098
17123011 123.240891203704 0.165427411574584 6.51751900683371e-05 1764.57470703
17123012 123.266469907407 0.16305670101318 6.44149406387732e-05 1715.60424805
17123013 123.291979166667 0.16112988836311 7.35486452819122e-05 1681.81579590
17123014 123.313159722222 0.160555347120276 6.97338190965365e-05 1597.22216797
17123015 123.336875 0.161206718657612 7.50836973034084e-05 1460.07995605
17123016 123.357974537037 0.163556013045699 7.70150408937539e-05 1365.76232910
17123017 123.379282407407 0.166239546042161 0.000353681583984933 1279.44689941
17123018 123.382453703704 0.166893040442801 8.01319152130524e-05 1267.05566406
17123019 123.403981481481 0.168813560761023 7.94607184463306e-05 1193.01013184
17123020 123.42724537037 0.172291932687759 9.12514461148864e-05 1076.90637207
17123021 123.446655092593 0.176019163564671 7.23530452904811e-05 987.59716797
17123022 123.479143518519 0.178126344089108 0.000190055840880585 891.02813721
17123040 123.696840277778 0.176177798614828 7.49838570675036e-05 1880.97827148
17123041 123.720428240741 0.170252700072839 0.000179432521197756 1822.29907227
17123042 123.724849537037 0.163387524548172 9.86198317026499e-05 1806.67590332
17123045 123.738333333333 0.155384100216021 7.03593251824716e-05 1657.05139160
17123046 123.759872685185 0.153515889441211 7.05817955283581e-05 1579.07824707
17123047 123.781689814815 0.156788361755239 6.93455552157962e-05 1585.93811035
17123048 123.802881944444 0.161308387535394 7.22978678285375e-05 1668.72473145
17123049 123.824849537037 0.161827595321218 7.21323032274494e-05 1566.68859863
17123050 123.846967592593 0.16368023948136 7.42884383830158e-05 1427.92968750
17123051 123.868888888889 0.167544903982701 7.73746435245469e-05 1328.44946289
17123052 123.891064814815 0.17004481293487 8.23945751840141e-05 1171.77575684
17123053 123.946921296296 0.179891592132347 7.35727678801911e-05 2016.33264160
17123054 123.96912037037 0.174775820539498 7.29753331244209e-05 1827.63598633
17123055 123.990891203704 0.168274618476936 7.1338106952121e-05 1774.36511230
17124001 124.012743055556 0.165475874441156 6.99950804191828e-05 1751.24975586
17124002 124.034930555556 0.164509783208772 0.000122680750651998 1705.35559082
17124003 124.044675925926 0.162906467007636 6.83084866444129e-05 1749.11608887
17124004 124.066331018519 0.161356210552815 6.98404784144156e-05 1707.89624023
17124005 124.088032407407 0.161100844237843 7.15872587623118e-05 1644.11413574
17124006 124.109722222222 0.161216353832975 0.000159769402130505 1488.06628418
17124007 124.115833333333 0.162613798028753 7.46601959712546e-05 1499.03918457
17124008 124.137696759259 0.163932037856361 7.41650544644861e-05 1352.98413086
17124009 124.160081018519 0.166823951879217 7.91384103467572e-05 1256.23254395
17124010 124.181655092593 0.169779791312884 8.24654053934553e-05 1180.42968750
17124011 124.203368055556 0.172653609230961 0.000100104057980421 1088.59741211
17124012 124.262291666667 0.186734577196918 7.36143008146385e-05 1902.89196777
17124013 124.28505787037 0.181025395235499 8.6738751111344e-05 1849.09387207
17124014 124.301134259259 0.17760754203887 0.000241059479878111 1785.22094727
17124015 124.30412037037 0.171157203759644 6.95509273816684e-05 1812.26403809
17124016 124.326365740741 0.161454036397946 6.78754896218049e-05 1757.92895508
17124017 124.34875 0.158954509042872 6.91952568666934e-05 1695.30908203
17124026 124.398680555556 0.158117980919919 0.000264797051750175 1631.42431641
17124027 124.402743055556 0.160030166693116 6.97889033427286e-05 1635.19824219
17124028 124.424525462963 0.160522533198308 7.50004962896606e-05 1480.77526855
17124029 124.446296296296 0.163641108608287 7.53167067469952e-05 1370.31225586
17124030 124.468217592593 0.166256636066461 7.78592658380614e-05 1269.76684570
17124031 124.490034722222 0.168434135988359 8.05526896784027e-05 1177.97753906
17124032 124.511678240741 0.17095433134001 8.49352312209268e-05 1103.41149902
17124033 124.533599537037 0.174910691263919 7.27230572891761e-05 1013.94055176
17124034 124.564814814815 0.177180813612269 0.000124491428544436 893.72729492
17124039 124.603055555556 0.182401466091399 9.8870919304492e-05 795.21936035
17124040 124.625127314815 0.185600813714562 0.000103139691663694 729.70245361
17124041 124.647372685185 0.187465932802333 0.000139091782468072 684.87976074
17124050 124.7378125 0.183504984748591 8.74038208901328e-05 1677.27380371
17124051 124.750462962963 0.189097230397232 7.45851231885381e-05 2026.53332520
17124052 124.772268518519 0.184825253499619 0.000111924436780985 1979.56018066
17124056 124.906666666667 0.180666513058038 7.57558933511748e-05 2041.04113770
17124057 124.927789351852 0.164180094977243 7.04889969150938e-05 1724.05163574
17124058 124.949907407407 0.154177969301601 6.71505414559544e-05 1693.45654297
17124059 124.971770833333 0.150742103493145 6.6894977230794e-05 1590.24975586
17124060 124.993530092593 0.151175212574396 6.84923366891674e-05 1572.30261230
17125001 125.01525462963 0.150207224762938 6.9099417197906e-05 1563.19714355
17125002 125.036840277778 0.150638688588557 6.86683401406137e-05 1448.98254395
17125003 125.059074074074 0.151977432173579 7.10510416477081e-05 1349.13110352
17125004 125.080798611111 0.154597307226363 7.42397153368034e-05 1229.74426270
17125005 125.102546296296 0.156235609690354 7.61062941056441e-05 1153.31970215
17125006 125.124641203704 0.15823088644552 7.90195098128321e-05 1063.83520508
17125007 125.14662037037 0.161056732074056 8.66789207523673e-05 992.04022217
17125008 125.166724537037 0.163628343086592 9.40032454864018e-05 930.19775391
17125021 125.376400462963 0.173836213694937 7.34786761947148e-05 1922.88684082
17125022 125.398310185185 0.163587615279651 6.98599353085586e-05 1757.88354492
17125023 125.420740740741 0.152503984424538 6.70775637732002e-05 1749.60656738
17125024 125.442372685185 0.143992983994958 6.62927076704844e-05 1567.12500000
17125025 125.464201388889 0.142007944735828 6.61958710616196e-05 1482.77648926
17125026 125.486053240741 0.146320463925549 6.72152243699901e-05 1520.81591797
17125027 125.507916666667 0.148871523721788 0.000100224086999026 1548.22753906
17125030 125.531215277778 0.149128851664776 0.000136461099006405 1403.48632812
17125034 125.546875 0.150959444288151 7.0923658027937e-05 1336.53222656
17125035 125.568796296296 0.152377238598214 0.000157450728571617 1232.82006836
17125067 125.977395833333 0.198797628692113 6.45933690476477e-05 2244.62255859
17125068 125.995868055556 0.174635933761423 6.84789500315743e-05 1881.38635254
17126001 126.010810185185 0.157465467351307 5.17839174702099e-05 1803.82116699
17126002 126.032523148148 0.149994154010484 5.12136872909675e-05 1576.48046875
17126003 126.054236111111 0.151137886270447 4.96341475121405e-05 1565.68261719
17126004 126.077523148148 0.151628469714756 5.06672358405368e-05 1537.09020996
17126005 126.101956018519 0.152169380967886 5.66245462749547e-05 1402.40991211
17126006 126.123611111111 0.153849644282842 6.03435811968949e-05 1277.05920410
17126007 126.144016203704 0.155524548607295 6.10816594954056e-05 1187.55578613
17126008 126.165428240741 0.15774529696008 6.47142781696181e-05 1108.88415527
17126009 126.188657407407 0.161161864631935 6.5674430884374e-05 1024.43933105
17126010 126.212164351852 0.164223552302542 7.13388889009429e-05 952.46667480
17126011 126.233946759259 0.167625095678942 5.9788875123324e-05 893.79785156
17126012 126.268206018519 0.171050271023032 6.83024320158433e-05 771.35064697
17126013 126.298946759259 0.174441979833639 8.32841616594299e-05 723.05377197
17126051 126.812962962963 0.181495995105078 9.37400325140082e-05 2012.14892578
17126052 126.829768518519 0.168101298915114 6.99284030489582e-05 1840.31469727
17126053 126.85212962963 0.155191888983416 6.81142003640907e-05 1734.30395508
17126054 126.873865740741 0.147420762029035 6.77322591779006e-05 1605.22021484
17126055 126.895613425926 0.146219848271973 7.72912745626594e-05 1547.81311035
17127006 127.104016203704 0.172584114375543 6.63356768503159e-05 1833.38916016
17127007 127.122291666667 0.164177784672847 7.40457690754988e-05 1446.88903809
17127008 127.14380787037 0.159255098236401 6.93759794566507e-05 1661.65417480
17127009 127.166064814815 0.15020745448214 6.80516580624953e-05 1649.54870605
17127010 127.188055555556 0.143732425405934 6.80965919144762e-05 1522.80932617
17127011 127.209594907407 0.143569954616173 6.51058282028222e-05 1498.03979492
17127012 127.232268518519 0.146398406648575 6.87558635290432e-05 1533.42468262
17127013 127.253761574074 0.148082166935497 7.01791863438533e-05 1502.13916016
17127014 127.275162037037 0.148740389200268 7.88687475094046e-05 1371.39575195
17127015 127.303344907407 0.150918393968101 7.04896808683791e-05 1248.65490723
17127016 127.326284722222 0.153538482879477 7.52887231553768e-05 1147.78308105
17127017 127.347719907407 0.154839842650965 7.51892607329165e-05 1059.13757324
17127018 127.370798611111 0.158279363737355 6.95701348527106e-05 950.19189453
17127025 127.491828703704 0.191415111905465 7.57941494225683e-05 2145.75585938
17127026 127.514224537037 0.172418444091553 7.42875308864262e-05 1867.85986328
17127027 127.535625 0.163903745450486 7.1203992766204e-05 1674.16442871
17127028 127.558831018519 0.158450092552223 7.2579183653114e-05 1638.34521484
17127029 127.580578703704 0.155260796521271 6.72246383382689e-05 1690.18298340
17127030 127.603263888889 0.152900437209629 7.15197022886991e-05 1620.61755371
17127031 127.625034722222 0.146934310977264 6.55640207628492e-05 1568.81542969
17127032 127.648888888889 0.143807960777818 6.71346624040593e-05 1412.74279785
17127033 127.670706018519 0.143448687599467 6.82791450198242e-05 1303.27551270
17127034 127.692280092593 0.144206704484234 6.96418618021451e-05 1195.30480957
17127035 127.71400462963 0.14585857169917 7.34063578826106e-05 1087.19372559
17127036 127.735474537037 0.149504377495126 7.57311371622189e-05 1038.06079102
17127037 127.756967592593 0.15066871213099 8.41275789161871e-05 984.49725342
17128001 128.037094907407 0.177994678658201 7.26945200878781e-05 2036.93530273
17128002 128.058483796296 0.16064148956677 7.00104076438342e-05 1733.54724121
17128003 128.080219907407 0.151165433243659 8.4097427581398e-05 1693.53991699
17128006 128.101956018519 0.138590513184659 8.69145582192968e-05 1485.76000977
17128007 128.116388888889 0.133144298012642 6.29747527595945e-05 1437.41870117
17128008 128.138090277778 0.133193823096428 9.8552010527384e-05 1386.51928711
17128009 128.148530092593 0.135405371042644 5.84672456998562e-05 1393.41198730
17128010 128.167060185185 0.141027419870597 6.52696035550453e-05 1432.32092285
17128011 128.188587962963 0.143649129860629 6.77453112909706e-05 1440.93188477
17128012 128.210277777778 0.144008588856366 6.95697089125692e-05 1323.12878418
17128013 128.231724537037 0.146150023827199 7.1089555511457e-05 1224.85266113
17128014 128.253576388889 0.147954656520006 7.23809388834713e-05 1093.36877441
17128015 128.276273148148 0.150446752574983 7.54351799394803e-05 1002.92773438
17128016 128.298900462963 0.153537605188409 8.13704230922929e-05 929.00305176
17128017 128.320613425926 0.154583369492956 0.000198847415117522 845.95220947
17128018 128.33806712963 0.158558654954828 8.67113356912867e-05 814.83245850
17128019 128.35974537037 0.161685419717814 0.000136554958173523 756.19610596
17128025 128.411643518519 0.174545512809971 7.13252893389956e-05 1998.23425293
17128026 128.432962962963 0.163629589301902 7.09060938203354e-05 1743.91516113
17128027 128.454502314815 0.157699836396654 6.56965078758079e-05 1722.86389160
17128028 128.478530092593 0.155393010686622 6.94434580730534e-05 1648.92529297
17128029 128.5 0.155058688182598 5.63869286646875e-05 1665.24316406
17128030 128.521423611111 0.15390638730552 7.0257048799715e-05 1641.99951172
17128031 128.542835648148 0.152839958456978 6.64712976771015e-05 1617.52746582
17128032 128.565752314815 0.15136491620512 6.85722187045717e-05 1556.77172852
17128033 128.587233796296 0.151381875016419 6.8846057945144e-05 1472.19567871
17128034 128.609305555556 0.151850064928565 0.000154119125532286 1330.11279297
17128035 128.620138888889 0.151647490533558 7.32803684301071e-05 1282.90209961
17128036 128.64150462963 0.150907907680285 7.0764311396479e-05 1164.12414551
17128037 128.665081018519 0.152459687554243 6.78853328526499e-05 1088.96044922
17128040 128.733159722222 0.160816614110318 7.04042248668572e-05 1902.94018555
17128041 128.745555555556 0.15304854868963 6.92476851692836e-05 1646.99877930
17128042 128.767210648148 0.151025199979031 6.91543531143777e-05 1572.52551270
17128043 128.788935185185 0.152249914311205 0.000152848799896338 1595.80529785
17128045 128.800046296296 0.151800374206006 0.000133986426899784 1589.20605469
17128046 128.807743055556 0.15057782879783 7.59422474118989e-05 1636.89916992
17128047 128.817789351852 0.150485100480116 6.92475126450848e-05 1598.95239258
17128048 128.839606481481 0.149456115184541 6.79563962174113e-05 1566.68688965
17128049 128.861458333333 0.147212751932872 6.79155740840277e-05 1579.40002441
17128050 128.883287037037 0.145782552567758 6.71573440252813e-05 1524.18981934
17128051 128.904456018519 0.143430059280237 6.73114670009638e-05 1463.77075195
17128052 128.926296296296 0.143376270144017 6.81698783668635e-05 1323.62866211
17128053 128.947916666667 0.144576083425368 6.99692355076943e-05 1213.36035156
17128054 128.969652777778 0.145461335796505 7.28092019218181e-05 1111.78710938
17128055 128.99125 0.146217092965062 8.23888238117842e-05 1012.75878906
17129001 129.009652777778 0.144421165880506 0.000137836279461852 862.47882080
17129002 129.216793981481 0.173463998236025 9.52285831133266e-05 1896.08850098
17129006 129.249085648148 0.152821121981124 6.88254571387205e-05 1627.04467773
17129007 129.270740740741 0.151999291593907 6.88611686796122e-05 1588.34436035
17129008 129.292581018519 0.150947369820611 7.00116576913887e-05 1564.85900879
17129009 129.314016203704 0.14947204819319 6.98566710917769e-05 1603.14147949
17129010 129.335763888889 0.148029944627547 6.66086623455191e-05 1550.38183594
17129011 129.35744212963 0.146257481678983 6.01922378456036e-05 1519.94250488
17129012 129.38412037037 0.145637246118111 6.89307178016151e-05 1443.97277832
17129013 129.405590277778 0.146982230690724 6.87712971070283e-05 1337.59826660
17129014 129.427280092593 0.149191286058281 7.93577325695703e-05 1221.32287598
17129016 129.447951388889 0.149266865000683 0.000147095508025745 1130.43005371
17129018 129.455613425926 0.150603536380346 0.000107728027974552 1089.27624512
17129020 129.46775462963 0.153770547840478 8.15559629148176e-05 1026.43310547
17129022 129.489212962963 0.156452486265793 0.000110748852082732 931.60467529
17129032 129.701168981481 0.164609473606289 6.91961866706649e-05 1904.16174316
17129033 129.722800925926 0.144232707371419 6.53995382346521e-05 1562.56140137
17129034 129.744583333333 0.149442170043 6.83401173191334e-05 1556.69848633
17129035 129.769201388889 0.148681851621281 7.03150664365878e-05 1527.41674805
17129036 129.790625 0.147003261704245 6.97743156658842e-05 1581.47875977
17129037 129.812094907407 0.145829975071588 6.76600426278285e-05 1540.33764648
17129038 129.833935185185 0.143150905174896 6.45276707744905e-05 1549.70153809
17129039 129.856215277778 0.143288775486514 6.72841989262835e-05 1459.59667969
17129040 129.877858796296 0.144828477516027 6.77869278412092e-05 1400.72753906
17129041 129.899537037037 0.146591938812742 7.0968834562598e-05 1297.64672852
17129042 129.921481481481 0.148316962561977 7.16984743121492e-05 1189.77709961
17129043 129.943229166667 0.150988534899682 7.72439543752036e-05 1106.37280273
17129044 129.96494212963 0.153078018029543 7.31491126586089e-05 1020.55108643
17130001 130.026875 0.1754714546316 7.5631028858586e-05 1879.77197266
17130002 130.048368055556 0.164558092469264 7.17796896573006e-05 1781.98376465
17130003 130.069918981481 0.159444636749566 6.93812250421206e-05 1707.41955566
17130004 130.091412037037 0.156681300972061 6.98711160386597e-05 1670.93347168
17130005 130.113356481481 0.155040127298632 6.96553905561715e-05 1659.80810547
17130006 130.13505787037 0.15336988140182 7.92613524209891e-05 1607.77404785
17130007 130.156446759259 0.150674551281712 0.00010295707338002 1604.15722656
17130008 130.177824074074 0.148452726548325 6.91670496443414e-05 1532.23925781
17130009 130.199421296296 0.149135038633069 6.92836991835933e-05 1423.13732910
17130010 130.221331018519 0.150287882022794 7.14447203716192e-05 1348.12622070
17130011 130.243530092593 0.151700847273909 7.30296870986652e-05 1226.29406738
17130012 130.264976851852 0.153838709006822 0.000111369533370698 1127.53784180
17130013 130.279259259259 0.154477825842732 0.000120223009485897 1073.10693359
