17076042 76.8349768518518 0.16697766076661 0.000187356439274543 1813.40930176
17076044 76.8436458333333 0.151542116389287 0.00012445627579299 1596.27868652
17076045 76.8503703703704 0.146501159089598 0.000661790944270731 1548.28991699
17076046 76.8522800925926 0.145653928784074 6.6375192307778e-05 1551.36450195
17076048 76.8760069444444 0.143865152363792 6.50688824199364e-05 1491.49218750
17076049 76.8975115740741 0.144553225978501 6.76248134250736e-05 1510.91662598
17076051 76.9204398148148 0.148596804967663 6.88873855689651e-05 1539.85131836
17076052 76.9419097222222 0.152179980479222 0.000106427557230791 1593.33508301
17076053 76.9524884259259 0.153023607007635 8.34687355691205e-05 1619.21069336
17076054 76.9704282407407 0.15807765840333 6.96197403709503e-05 1638.51184082
17076055 76.9926851851852 0.158548242982598 7.21169801339766e-05 1703.82727051
17077002 77.0152893518518 0.157563874144022 7.42995904134227e-05 1679.90966797
17077004 77.0395949074074 0.157557222338938 7.06015442220233e-05 1653.30505371
17077005 77.0552083333333 0.158384462864724 5.31899108120938e-05 1679.88549805
17077006 77.0770138888889 0.158979821350601 6.02725511192699e-05 1684.71984863
17077007 77.0945717592593 0.0993856991376261 5.09648337585074e-05 1601.01672363
17077008 77.1163194444444 0.159701681137403 9.42099615609138e-05 1542.70703125
17077009 77.1762037037037 0.152410899920008 6.3368435009452e-05 1777.68066406
17077010 77.2006365740741 0.142707284903806 6.53386072434272e-05 1499.73852539
17077011 77.2222685185185 0.142854133085454 7.08639024159609e-05 1461.06896973
17077015 77.2483101851852 0.144230455259521 6.6569753257973e-05 1502.89880371
17077016 77.2700231481481 0.146505247122591 6.63090266071319e-05 1527.15625000
17077017 77.3053240740741 0.152162127681813 9.11727615411985e-05 1580.39404297
17077031 77.634537037037 0.147796932111399 6.77659609957984e-05 1599.68286133
17077032 77.6559837962963 0.146905919348192 6.48496534355062e-05 1541.91418457
17077033 77.678599537037 0.147620922349969 6.59673777682381e-05 1534.76550293
17077034 77.7000115740741 0.152460652557876 6.92941012360819e-05 1579.77331543
17077035 77.7217708333333 0.154198502718975 9.22461328664822e-05 1618.73254395
17077036 77.734537037037 0.153675327187619 0.000227608145738201 1634.74487305
17077037 77.7383912037037 0.15401573870268 0.000120442241014064 1606.59460449
17077039 77.7534375 0.154065497114276 6.74359016823053e-05 1639.55749512
17077040 77.7749074074074 0.153390383385485 8.66917112395531e-05 1637.17138672
17077042 77.9223263888889 0.147344296575518 6.5012284792596e-05 1633.03369141
17077043 77.9433680555556 0.13527161433011 6.40882621652591e-05 1462.41906738
17077044 77.9646759259259 0.127485905436897 6.16492716455404e-05 1375.25500488
17077045 77.9863541666667 0.125450961481717 6.09152201729016e-05 1328.46447754
17078001 78.0080092592593 0.126628512567968 6.13205672381495e-05 1248.91760254
17078002 78.0299884259259 0.128524146077941 0.000121593482979379 1365.61352539
17078003 78.0390277777778 0.129961501403644 0.000119026866370567 1347.33288574
17078004 78.0458564814815 0.126822349890304 5.55821941131022e-05 1360.05200195
17078005 78.0696875 0.140818325911448 6.47852445275064e-05 1401.27307129
17078006 78.0914236111111 0.149524276100724 6.69031224362144e-05 1536.17614746
17078007 78.1130439814815 0.157277874209979 7.01678898669376e-05 1603.07836914
17078008 78.1346412037037 0.162047094333059 7.00717047622547e-05 1603.93273926
17078010 78.1591087962963 0.164573523999837 6.4254068457848e-05 1515.33422852
17078011 78.1890972222222 0.167658131145075 7.46611619474945e-05 1411.33654785
17078012 78.2123842592593 0.169201604538638 7.83082358406711e-05 1362.85107422
17078013 78.2340740740741 0.171865334392822 0.000112877250338283 1297.82006836
17097024 97.7655555555556 0.134673932061891 0.000137542545747637 1509.30578613
17097025 97.7732523148148 0.428641210302738 0.0106951657433055 1400.70886230
17097026 97.7753703703704 0.130484469740694 9.54805091226826e-05 1489.75671387
17097030 97.8002546296296 0.237004332317473 0.00559671553734609 1555.75012207
17097031 97.8025810185185 0.130355416779518 0.000152106298361746 1537.23449707
17097034 97.8096990740741 0.0716567264108893 0.00174603890404789 1473.49963379
17097035 97.8112268518519 0.123186182741097 0.000804536521167067 1466.00524902
17097036 97.8175578703704 0.125844378514645 0.000148781972905105 1449.25646973
17097038 97.826724537037 0.120718962328997 0.00114118533048943 1403.26171875
17097039 97.8282986111111 0.123023187947403 0.00115778300922845 1413.80456543
17097042 97.8463425925926 0.116839221445513 7.05543071183734e-05 1294.39135742
17097046 97.8818055555555 0.111843725044798 5.7154313419647e-05 1132.33044434
17097047 97.9035185185185 0.109361304696963 0.000144678305289444 1037.13464355
17097048 97.9118287037037 0.109821631452316 5.71528444517281e-05 1006.36047363
17097049 97.9336111111111 0.11032769948009 8.63279694569706e-05 983.27508545
17097050 97.9439236111111 0.109749896570432 5.85197135194279e-05 945.85601807
17098002 98.0407407407407 0.147809672316422 9.33067074899613e-05 1505.75683594
17098003 98.061724537037 0.127455905381464 5.8239541369972e-05 1574.35510254
17098004 98.0834953703704 0.116438635710549 5.59422008790474e-05 1407.23425293
17098007 98.1103009259259 0.113769096844066 5.67307638348984e-05 1358.87622070
17098008 98.1321064814815 0.113086580327591 5.55428514466038e-05 1322.44030762
17098010 98.1643981481482 0.111330178383337 5.68456787282649e-05 1152.01062012
17098011 98.1863078703704 0.109264905859068 5.72763225582144e-05 1036.58520508
17098012 98.2080208333333 0.107594426228433 5.740646519852e-05 1000.61785889
17098013 98.2297569444444 0.110779178361066 6.03267015889814e-05 906.94573975
17098014 98.2516666666667 0.109321170549742 7.51531388392802e-05 846.96392822
17098015 98.2667592592592 0.10963325778151 6.10776468665359e-05 828.79272461
17098016 98.2889351851852 0.110116649643784 6.27465828494999e-05 806.78302002
17098017 98.313287037037 0.105870720300827 0.000370559037843415 736.84191895
17098018 98.3273032407408 0.105000121825147 0.000158776553416164 706.82287598
17098021 98.3347222222222 0.106354117594696 9.29563196692833e-05 699.91955566
17098033 98.4403125 0.186707505097038 0.000115152424977079 2058.43579102
17098035 98.4521643518519 0.148844208061331 6.61237831804167e-05 1693.30444336
17098036 98.4742361111111 0.141035082930766 6.62993267479945e-05 1500.08081055
17098037 98.4959953703704 0.131749939572209 6.42469668716778e-05 1331.78503418
17098038 98.5179166666667 0.131566352939697 6.39584782314036e-05 1361.90283203
17098039 98.5396759259259 0.130433894089777 6.41215858261648e-05 1295.16345215
17098040 98.5615856481481 0.127495837928919 6.30987324034541e-05 1227.33630371
17098043 98.5879166666667 0.125276732772764 7.47342779405055e-05 1137.85119629
17098045 98.6080208333333 0.127816190344954 6.52363816896646e-05 1097.33020020
17098046 98.6300925925926 0.126999188160327 6.5524968617024e-05 1021.26599121
17098047 98.6538773148148 0.128304043771919 6.89105379952642e-05 918.61248779
17098048 98.6756018518519 0.137027791239867 0.000101052132214504 940.50524902
17098050 98.6904861111111 0.128067441581749 0.00036091834927092 825.63543701
17098057 98.8023958333333 0.166435386469551 0.00017111217902474 1744.78039551
17098058 98.8051851851852 0.162977981462312 0.000218451140920875 1744.76513672
17098059 98.8078703703704 0.158491534775912 6.85838097283917e-05 1663.19299316
17098060 98.8295601851852 0.155103408756326 6.74904771401012e-05 1623.23327637
17098061 98.8515509259259 0.155842958209127 6.68592636736669e-05 1632.74670410
17098062 98.8733680555555 0.156901534433457 0.000100388808772437 1654.76489258
17098063 98.8875694444445 0.154860983192803 6.59324915160152e-05 1657.99230957
17098064 98.9092592592593 0.150898587571188 6.69604066240161e-05 1581.27246094
17098065 98.931412037037 0.152206718003631 6.78237516046316e-05 1580.80847168
17098066 98.9530671296296 0.150706159109184 6.88165830370467e-05 1627.84802246
17098067 98.9740625 0.148664119918103 6.49311277812218e-05 1584.30249023
17098068 98.9960416666667 0.151855486293538 6.84846980149738e-05 1556.31909180
17099001 99.0177777777778 0.151855153833768 6.93620039590608e-05 1521.37438965
17099002 99.0393865740741 0.15487399850527 7.17495203847471e-05 1469.26647949
17099004 99.0671180555556 0.155262825142767 7.26128016027583e-05 1371.89233398
17099005 99.089212962963 0.157493972873976 7.22699823140462e-05 1292.31604004
17099006 99.1120023148148 0.157192418202588 7.5956874692101e-05 1206.48852539
17099007 99.1338888888889 0.160470723183855 9.74522433057469e-05 1149.03845215
17099010 99.2425578703704 0.158144628760783 6.89964128237627e-05 1750.07873535
17099011 99.2633680555555 0.144173356523521 6.58507208539032e-05 1602.45593262
17099012 99.2852083333333 0.135925791275053 6.38021436285005e-05 1429.36364746
17099013 99.3071643518519 0.1466050671457 6.73062167566326e-05 1451.06018066
17099014 99.3292824074074 0.155497842238669 5.83871279314135e-05 1585.48596191
17099015 99.3511111111111 0.15842759649437 6.95344663839643e-05 1569.87573242
17099016 99.3734027777778 0.155883162214566 6.97755569531539e-05 1648.46948242
17099017 99.3951851851852 0.157132422195064 6.68292790204412e-05 1599.56713867
17099018 99.4177199074074 0.156425697164711 6.95886062163415e-05 1659.19409180
17099019 99.4396064814815 0.158049062053201 6.98879092061767e-05 1617.75280762
17099020 99.4614814814815 0.154845197862206 6.85690730803055e-05 1520.72583008
17099021 99.4847685185185 0.156933607954568 6.960988616998e-05 1434.48876953
17099022 99.5090046296296 0.153432317753599 7.22978368776299e-05 1376.45837402
17099023 99.5308101851852 0.155049993504974 7.26672456557036e-05 1286.79553223
17099024 99.5527777777778 0.154520482358375 8.04382360879092e-05 1198.98669434
17099030 99.6923263888889 0.166110985813314 0.000379178472075361 1739.42822266
17099031 99.6941898148148 0.163020318056502 0.000190252656478551 1705.49987793
17099032 99.7026157407407 0.157540005396226 0.00039629106768069 1685.47094727
17099033 99.706099537037 0.149728784363681 6.61359209087172e-05 1637.33447266
17099034 99.7279282407408 0.139692896769336 6.54720684239736e-05 1453.68298340
17099035 99.8397337962963 0.160963373203284 7.35483444676952e-05 1799.89208984
17099036 99.8614351851852 0.155047063888726 6.71436718270063e-05 1608.60644531
17099038 99.8833912037037 0.155576979552675 7.04397286296316e-05 1590.32250977
17099039 99.9051388888889 0.157540452049464 6.91786579516821e-05 1636.24426270
17099040 99.9267708333333 0.156398676970208 7.0767392071576e-05 1584.59387207
17099041 99.9481018518518 0.146830747129208 6.68632449813427e-05 1591.62463379
17099042 99.969837962963 0.143744274082558 6.79587953298987e-05 1515.00012207
17099043 99.9946180555556 0.150996918361731 6.66070974959064e-05 1581.57067871
17100001 100.016388888889 0.154232914809116 6.6501717327102e-05 1606.46752930
17100002 100.038171296296 0.153576111088639 7.01160946951591e-05 1532.96752930
17100003 100.059930555556 0.151582216218762 6.96307522399342e-05 1516.71728516
17100004 100.081608796296 0.151758598809164 6.9612765383632e-05 1430.12548828
17100005 100.103831018519 0.152754426420203 7.29429134763177e-05 1343.22985840
17100006 100.125601851852 0.153832325921643 7.32188537412909e-05 1294.05065918
17100007 100.147430555556 0.154765106748284 8.95884426747013e-05 1192.19506836
17100008 100.229039351852 0.157940008250257 0.000120443441951625 1701.90551758
17100009 100.241041666667 0.153854575366455 6.78445649535295e-05 1602.12719727
17100010 100.262708333333 0.152302428916452 6.72742870280072e-05 1630.85107422
17100011 100.285578703704 0.152743448483818 6.89583615454839e-05 1601.85546875
17100012 100.307418981481 0.156402852533205 6.77694023733994e-05 1624.44628906
17100013 100.329548611111 0.152456933592609 6.86480982327435e-05 1619.76428223
17100014 100.351331018519 0.147330233583175 6.75336343507836e-05 1535.39379883
17100015 100.373912037037 0.148532081972356 6.82941919309437e-05 1535.41906738
17100016 100.395474537037 0.145557006541969 6.64865256085023e-05 1457.16430664
17100017 100.417314814815 0.14841471161887 7.11375879128443e-05 1473.30261230
17100018 100.438587962963 0.148055658051063 7.02346446281999e-05 1405.70056152
17100019 100.460289351852 0.149773703571715 7.32203606662225e-05 1258.54052734
17100020 100.481967592593 0.151843644363532 7.44513397784352e-05 1127.99548340
17100021 100.503796296296 0.151624889128959 7.60257468503063e-05 1092.82775879
17100022 100.525520833333 0.148114460933026 8.28310546537767e-05 1016.15960693
17100024 100.549490740741 0.146346535378637 7.38971273198329e-05 868.04064941
