17058041 58.7604976851852 0.732627091793782 0.000275363847970676 1.74497366
17059026 59.626087962963 0.741940308144733 0.000255912151126726 1.67085540
17060006 60.2047337962963 0.729953522122952 0.000246530547915443 1.88254166
17062047 62.8683449074074 0.702621152745383 0.000442682029867361 2.50219440
17063009 63.2848958333333 0.726835592482396 0.00063620505394777 2.06373882
17065005 65.1086111111111 0.729256277064345 0.000383951961399006 1.78006804
17067005 67.1469212962963 0.729762739339411 0.000342271623532815 2.10068464
17072020 72.5029398148148 0.0697958335112296 0.00158593659333657 1.77520311
17073060 73.8483217592593 0.725962634573558 0.000237115978769006 1.75507259
17074020 74.4290856481481 0.7192152472819 0.000749084631713872 1.82475686
17076010 76.1670138888889 0.723893219197913 0.000245236503713425 1.81291842
