17100030 100.63775462963 0.0775222656762924 5.0051538969961e-05 814.47406006
17100031 100.658900462963 0.078852022260596 4.85855445159109e-05 826.99133301
17100032 100.680694444444 0.0795788838240352 5.06088889134643e-05 831.81359863
17100033 100.702395833333 0.0819432166623652 5.34429432606159e-05 837.80908203
17100034 100.724050925926 0.0797270609648732 5.22691013792675e-05 889.23468018
17100035 100.745775462963 0.0768684599499943 5.09560108862649e-05 809.21063232
17100036 100.767488425926 0.0777217404853156 5.04553701801383e-05 809.08544922
17100037 100.789155092593 0.0795816529610925 5.24262249521519e-05 820.10876465
17100038 100.810914351852 0.0809306572498146 5.79325704496964e-05 833.06646729
17100039 100.829513888889 0.0816317922433357 7.48470897070603e-05 807.98651123
17100040 100.846689814815 0.080411059956367 9.44174610931712e-05 766.60748291
17100043 100.862523148148 0.0798890485610452 5.20718777186571e-05 774.33453369
17100044 100.884224537037 0.0802144519311564 7.03666682548784e-05 730.58789062
17100045 100.900358796296 0.0803432529548654 6.00999380245747e-05 682.81665039
17100046 100.912511574074 0.0810022903257133 5.58963045176225e-05 657.56524658
17100047 100.934085648148 0.0820484482927889 5.73970307468095e-05 614.39990234
17100048 100.955752314815 0.0825939929541638 0.000138906601756455 605.17614746
17101001 101.006990740741 0.0816172552252561 5.23751360652225e-05 897.42132568
17101002 101.028599537037 0.0807427219142139 5.12998716671817e-05 852.64355469
17101003 101.050266203704 0.0799060598940266 5.29137648179112e-05 845.35791016
17101004 101.071944444444 0.0817290511905883 5.10847699580544e-05 856.55389404
17101005 101.093738425926 0.0816736354224523 5.19247885581303e-05 874.85736084
17101006 101.115462962963 0.075732144870771 4.92185628280815e-05 851.14306641
17101007 101.137164351852 0.0738431325846791 5.05243226069314e-05 783.21228027
17101008 101.159305555556 0.0750313053583614 5.09794970099553e-05 786.32983398
17101009 101.181030092593 0.0767148872775593 5.13447233203219e-05 812.74426270
17101010 101.202777777778 0.0774052470363888 5.14121040881331e-05 789.45819092
17101011 101.224583333333 0.0780793752551164 6.26953552960086e-05 753.40515137
17101013 101.247037037037 0.0795440121957613 5.57092137848386e-05 716.24560547
17101014 101.26712962963 0.0806315910306591 5.58946194808485e-05 688.65991211
17101015 101.288703703704 0.0817082844605535 5.67107335553438e-05 645.49291992
17101016 101.310289351852 0.0831590418588917 5.20431119621704e-05 614.59521484
17101020 101.380740740741 0.0893891991475504 5.28375759704991e-05 999.76312256
17101021 101.402928240741 0.0873356121247946 5.15542325852417e-05 910.32556152
17101022 101.424525462963 0.0862303596167072 5.16718236759145e-05 928.42126465
17101023 101.447222222222 0.0845917402781469 0.00015696867021393 916.84155273
17101024 101.451724537037 0.0832998079114245 0.000143175180082957 904.68212891
17101026 101.458159722222 0.0791155768248105 5.12599475863232e-05 854.26477051
17101027 101.479884259259 0.0759455265997142 5.68707583439838e-05 808.90893555
17101030 101.511736111111 0.0750359169668703 5.07682975744335e-05 780.41870117
17101031 101.533472222222 0.0764844341080822 5.75624952117585e-05 792.23730469
17101032 101.571006944444 0.0817946855214901 5.29920179981476e-05 843.34216309
17101033 101.592141203704 0.0839523826371624 5.38915415412949e-05 763.86633301
17101034 101.615462962963 0.0850422874363982 5.67238597586912e-05 710.61993408
17101035 101.637222222222 0.0865902594285354 5.76955856922648e-05 706.31060791
17101036 101.65962962963 0.0878721583555317 6.0221087726682e-05 651.90026855
17101037 101.681550925926 0.088016956993458 6.17111052532395e-05 623.19470215
17101038 101.703356481481 0.0879030085577074 0.000264395663575453 592.99713135
17101056 101.933993055556 0.0827004680540635 5.28156075429579e-05 912.61328125
17101058 101.996840277778 0.0815214228888552 5.11569667017282e-05 860.06909180
17102001 102.019108796296 0.0824142158482314 5.07583381375716e-05 847.26574707
17102002 102.040787037037 0.0813463250376979 5.18950844544757e-05 843.44512939
17102003 102.062777777778 0.078058329924654 4.89869443313443e-05 902.38891602
17102004 102.084502314815 0.0782692506147939 4.98179818866812e-05 822.80596924
17102005 102.106215277778 0.0781420284348791 5.08666001455811e-05 818.80285645
17102006 102.127962962963 0.0784196054129478 0.000106523813124713 814.74017334
17102007 102.136712962963 0.0787275620391608 5.14206407577891e-05 822.37524414
17102008 102.158321759259 0.0791391847881382 5.19813278488806e-05 785.50030518
17102009 102.180046296296 0.0798825391535982 5.49776547940054e-05 724.79077148
17102010 102.201678240741 0.0807391934277676 5.49715359202249e-05 687.37231445
17102011 102.223402777778 0.0816893833021225 5.59641466202601e-05 657.86730957
17102012 102.245127314815 0.0814446950593898 5.69435984269616e-05 625.96594238
17102013 102.26693287037 0.079740161978404 5.72854858717659e-05 586.76184082
17102014 102.288518518519 0.0804311677649878 5.73268824858417e-05 564.96630859
17102015 102.310162037037 0.0812450966855222 5.93427606780825e-05 546.32226562
17102016 102.331851851852 0.0820936504933713 0.000376869932033025 518.78527832
17102017 102.339606481481 0.0825830424811872 8.77545126366116e-05 508.80249023
17102032 102.523078703704 0.0899158787065281 4.64781195204528e-05 985.64227295
17102033 102.545659722222 0.085984475561488 5.2211302584753e-05 924.30505371
17102034 102.567939814815 0.0824198589280771 5.50456909175649e-05 880.46606445
17102035 102.592418981481 0.0792369346703549 0.000113884815876294 847.38366699
17102036 102.59619212963 0.0686667013631958 4.6231158502934e-05 827.76037598
17102037 102.618657407407 0.0732906790137721 4.94526618598599e-05 747.23748779
17102038 102.640324074074 0.0735563484779963 4.87537799438759e-05 764.87817383
17102039 102.662002314815 0.0734741664149468 4.98575572659963e-05 723.53149414
17102040 102.687048611111 0.0742093263252115 5.13966487992362e-05 675.97021484
17102041 102.710428240741 0.0742591948236195 9.34105622968809e-05 699.04705811
17102042 102.732106481481 0.0747235411921568 5.22635816554952e-05 653.99145508
17102043 102.753888888889 0.0761287380811457 5.40815394547834e-05 598.08081055
17102044 102.776041666667 0.0774225022281055 5.68389360174823e-05 565.88458252
17102045 102.797847222222 0.0783246794212204 5.74599400944713e-05 524.18127441
17102046 102.81962962963 0.0794170640347316 5.94900850580178e-05 500.17660522
17102047 102.841446759259 0.0800553565890877 7.23736082151655e-05 483.47833252
17103001 103.01130787037 0.0836018275014929 9.84334137133106e-05 849.69982910
17103007 103.155474537037 0.0811601270573733 4.83319680269231e-05 949.11322021
17103008 103.178657407407 0.0759702873463334 6.04141008191829e-05 789.38745117
17103009 103.195486111111 0.0757011961542379 4.94022097138143e-05 807.11425781
17103010 103.217152777778 0.0766637099121733 4.92387860612712e-05 821.40240479
17103011 103.238726851852 0.0784904630250799 4.99114477836951e-05 825.12500000
17103012 103.260405092593 0.0782014143500212 4.97002950877296e-05 832.00280762
17103013 103.282488425926 0.0744833400150816 4.86575321612708e-05 816.64074707
17103014 103.304282407407 0.0731798755329432 5.04757787077284e-05 585.14971924
17103015 103.326006944444 0.0744383028493332 0.000114709491320265 727.15667725
17103016 103.331215277778 0.0737956015806912 5.08520039244534e-05 720.28924561
17103017 103.352766203704 0.0733278651307123 5.07107217023457e-05 662.89440918
17103019 103.383368055556 0.0749908775605901 5.257451240276e-05 622.17022705
17103020 103.405289351852 0.0762678448330956 6.40753732968149e-05 587.43591309
17103021 103.421481481481 0.0774267049957151 5.56744759767941e-05 571.72375488
17103022 103.443275462963 0.0781372856497351 5.70286439207877e-05 542.81622314
17103025 103.467731481481 0.0787976137335521 7.78453536429992e-05 499.40551758
17103041 103.743125 0.0859311017550712 5.15406402622627e-05 976.50726318
17103042 103.764849537037 0.0825451258289505 5.21970547314145e-05 868.08166504
17103043 103.786585648148 0.0820387854252687 5.25413825654453e-05 858.46539307
17103044 103.807974537037 0.0819254972799678 5.17154290590041e-05 878.34246826
17103045 103.829479166667 0.077464714247013 4.89831388480514e-05 852.33416748
17103046 103.851111111111 0.0755123061135874 4.88198139365536e-05 806.34906006
17103047 103.872766203704 0.0748679618721313 4.79671060384627e-05 801.21600342
17103048 103.894305555556 0.0755724079494354 5.05859818427925e-05 782.15222168
17103049 103.914768518519 0.0771320284032427 4.97440760322659e-05 814.56005859
17103050 103.936446759259 0.0790339598299426 5.05397305209522e-05 836.31768799
17103051 103.958715277778 0.078295341906007 5.68393355879822e-05 778.00195312
17103052 103.976863425926 0.0770428653441301 9.19666623757995e-05 698.72064209
17103059 103.996458333333 0.0760192484019848 0.000209292887321034 638.14422607
17103060 103.998506944444 0.0768931774732225 0.00024807628723421 652.24145508
17103061 104.000763888889 0.0770735526405145 5.07179556436625e-05 641.93469238
17104001 104.024479166667 0.0772535689099182 5.41935723795124e-05 607.78344727
17104002 104.04724537037 0.0785407617749805 4.89194753969317e-05 554.16876221
17104003 104.12125 0.0775407583423848 5.0040751846681e-05 848.98699951
17104004 104.142986111111 0.0756998089969401 4.62624129279634e-05 761.74493408
17104005 104.167175925926 0.0763658370184269 4.68620927384644e-05 778.69024658
17104006 104.190601851852 0.0782817118899572 4.80137751452943e-05 797.04107666
17104007 104.214375 0.077786421245267 5.00526430904879e-05 791.20257568
17104008 104.236412037037 0.0728170811209831 4.79604974277265e-05 767.71166992
17104009 104.258171296296 0.0716691580668475 4.80192121091476e-05 721.78979492
17104011 104.285451388889 0.0750277718883928 4.8321820017891e-05 749.82635498
17104012 104.307164351852 0.0766317188773098 5.07168110258502e-05 761.82592773
17104013 104.329166666667 0.0765091598499495 6.36208744715669e-05 718.43499756
17104014 104.34369212963 0.0773704792965797 5.22926175399776e-05 703.01080322
17104015 104.366145833333 0.0775342785827237 5.3833697972605e-05 649.26953125
17104016 104.387743055556 0.0784046588184959 5.56545625069266e-05 602.60437012
17104017 104.409270833333 0.0799273375659085 5.52262758320106e-05 581.70886230
17104018 104.432361111111 0.0801604317313726 0.000117724799027146 537.72564697
17104026 104.834108796296 0.0941729954938853 0.000166918380624238 990.83221436
17104027 104.837349537037 0.0889405079605167 5.33138378393244e-05 958.97955322
17104028 104.858819444444 0.0866380603224116 6.93520294201641e-05 916.63134766
17104030 104.873819444444 0.0831945004711513 0.000505724268146747 886.11425781
17104031 104.884768518519 0.085388013064143 0.000412160869643723 872.00994873
17104034 104.891793981481 0.0838257829627378 5.07741253840361e-05 875.68554688
17104036 104.916284722222 0.0823301387685075 8.10012100286321e-05 870.47631836
17104037 104.925601851852 0.0816754580497435 7.20509931960792e-05 860.70092773
17104038 104.936886574074 0.0806707706209902 4.98287360315339e-05 865.82757568
17104039 104.958530092593 0.0776135010343676 5.27582028386059e-05 839.81695557
17104040 104.97806712963 0.0770504467190428 4.89196057038708e-05 808.15020752
17104041 105.000243055556 0.0768529926650858 4.97640138528055e-05 811.55963135
17105001 105.022210648148 0.0773474168944931 4.65485367408949e-05 804.39910889
17105002 105.046539351852 0.0785687827097297 9.8770164746703e-05 806.34240723
17105003 105.056145833333 0.0785963093728441 3.90080341776388e-05 821.40649414
17105004 105.078854166667 0.0785537926160381 0.000119184680622608 775.70812988
17105009 105.136805555556 0.0775573555207701 4.75013832573028e-05 862.54412842
17105010 105.159733796296 0.0758827622200105 4.79763809173739e-05 789.85070801
17105011 105.181064814815 0.0761662103122908 5.38367029258078e-05 799.51342773
17105012 105.201689814815 0.0778361786028975 5.00908663959611e-05 811.49377441
17105013 105.223506944444 0.0784468792124604 8.78180114570091e-05 823.14227295
17105017 105.242407407407 0.0752023938338653 4.5656436966526e-05 804.41687012
17105018 105.266863425926 0.0748065354710464 4.93703538030797e-05 774.92944336
17105019 105.288645833333 0.0751973320501507 4.57925669743572e-05 793.99743652
17105020 105.315347222222 0.076178906505007 4.88131765661665e-05 808.76214600
17105021 105.3378125 0.0776647951050722 5.06109497752262e-05 756.31878662
17105022 105.36005787037 0.0788297508847283 8.1853340102163e-05 835.97149658
17105041 105.638148148148 0.0854502471407594 9.72186542364789e-05 909.36041260
17105042 105.678194444444 0.0872989198290807 0.000132544544429195 901.95111084
17105043 105.682407407407 0.0850184016118226 0.000116423535045364 895.29559326
17105044 105.685856481481 0.0827618316262497 5.19654555333055e-05 898.30419922
17105045 105.707199074074 0.0814876920710733 5.37474366669617e-05 882.99725342
17105046 105.802349537037 0.0843380955424823 9.64937328638463e-05 916.89135742
17105047 105.820543981481 0.0799269762108417 0.00021824032438267 822.74920654
17105048 105.823842592593 0.0799827721517015 5.12278213561091e-05 844.06909180
17105049 105.845972222222 0.0791911445960639 5.05591017341152e-05 807.34356689
17105050 105.8684375 0.0800743801947858 5.13814772108411e-05 815.65875244
17105051 105.889953703704 0.0807295589612396 9.10216159933506e-05 862.88397217
17105052 105.897835648148 0.0806944498450587 5.03050530375404e-05 864.87896729
17105053 105.919664351852 0.0793004312038035 5.29461770044599e-05 857.08386230
17105054 105.940659722222 0.0781132660629947 5.26766381401967e-05 827.44696045
17105055 105.9603125 0.0777303168727893 5.4051361227333e-05 836.98205566
17105056 105.979988425926 0.0776473850566162 5.73086403597985e-05 815.68017578
17105057 106.000613425926 0.0776670329868069 5.14442370896543e-05 815.10693359
17106001 106.022326388889 0.0772720269163834 4.74776152112906e-05 827.14184570
17106002 106.047488425926 0.0772659689036257 4.83035935814018e-05 807.95361328
17106003 106.073101851852 0.0777266259847168 5.24906886553725e-05 813.74707031
17106004 106.094895833333 0.0781141818976658 5.39490592442599e-05 772.73724365
17106005 106.117696759259 0.0782674157771519 0.000110081798539462 730.39477539
17106006 106.168668981481 0.0837042344756505 5.08042263573364e-05 952.99346924
17106007 106.191539351852 0.0804720142976453 4.90253932943827e-05 847.28717041
17106008 106.215381944444 0.0790784278300237 5.12114219850402e-05 841.62750244
17106009 106.236759259259 0.0784698872336944 5.16558529728324e-05 824.81683350
17106010 106.25875 0.0767059208691447 5.04740445576667e-05 811.16314697
17106011 106.280416666667 0.0758009265213559 5.06222452016718e-05 806.52679443
17106012 106.305821759259 0.076299855612514 5.09255542762926e-05 811.27392578
17106013 106.329050925926 0.0777702127911474 5.01427817758901e-05 832.14105225
17106014 106.351446759259 0.0768462210453348 5.07477508612136e-05 835.84472656
17106015 106.373171296296 0.0784346128511029 5.15345711267338e-05 811.94818115
17106016 106.394756944444 0.0796984365247915 5.29565744725609e-05 806.32073975
17106017 106.416296296296 0.0806606310560125 5.45271777504806e-05 750.07897949
17106018 106.438171296296 0.0812779854474036 0.000134595120546167 723.61846924
17106019 106.446365740741 0.0817646335515802 5.61452715463075e-05 681.59167480
17106020 106.468229166667 0.082386212592429 5.62978856152189e-05 644.23144531
17106021 106.489849537037 0.0825923719098867 0.000139822793517447 619.10821533
17106048 106.800138888889 0.0666878701061547 8.17174826012716e-05 468.84042358
17106055 106.977893518519 0.0699150277413999 4.54915776273278e-05 750.59082031
17107001 107.002372685185 0.0711393340008051 0.000129019998562421 747.11999512
17107002 107.006412037037 0.0711511896870778 4.63016888233751e-05 734.33160400
17107003 107.029849537037 0.0732817997493403 4.7754046310996e-05 766.53277588
17107004 107.051608796296 0.076490361311105 4.85327820624112e-05 772.10260010
17107006 107.075659722222 0.0791214455918858 4.64743231843045e-05 817.98455811
17107007 107.100833333333 0.0787611295331415 5.95770634319987e-05 816.50878906
17107008 107.122604166667 0.0787286045430486 4.68927363910246e-05 831.54547119
17107009 107.146863425926 0.0788779687788402 4.85119266358033e-05 814.40051270
17107010 107.16943287037 0.0787559264625763 4.82385372485958e-05 830.40118408
17107011 107.192696759259 0.0785766066489249 4.80087098255663e-05 849.95983887
17107015 107.218078703704 0.0782010703800657 4.88181360481444e-05 834.65783691
17107016 107.240486111111 0.0780367540011142 4.41937137940872e-05 796.74060059
17107020 107.272071759259 0.0786802213238841 5.25890910481952e-05 729.76092529
17107022 107.309085648148 0.0800489345059609 9.50874633069577e-05 663.27819824
17107027 107.361574074074 0.0702825954878726 4.50371139338974e-05 733.93939209
17107028 107.385439814815 0.0733722335563316 4.74669457868301e-05 761.35327148
17107029 107.4084375 0.0768733064264727 4.81113707242672e-05 792.48370361
17107030 107.431608796296 0.0806653202506732 5.09652438421677e-05 817.85418701
17107031 107.453831018519 0.082358982357978 9.35940311738304e-05 870.80236816
17107032 107.468854166667 0.0824877823541509 4.98100715014441e-05 886.95617676
17107033 107.491574074074 0.0822288990055578 0.000146749586401366 886.81665039
17107035 107.496180555556 0.0806552750741718 5.18733501524286e-05 861.83917236
17107036 107.517523148148 0.0800968281157104 5.12365556955208e-05 852.85198975
17107037 107.539340277778 0.081455703352003 5.46367868676449e-05 859.26977539
17107038 107.560983796296 0.0820926132853454 5.3902082630987e-05 831.06231689
17107039 107.582638888889 0.0794836509577924 5.23874711765186e-05 837.25878906
17107040 107.604247685185 0.0787872382733758 5.31835740841755e-05 818.16198730
17107041 107.625983796296 0.0791364440031783 5.49756667280239e-05 767.22235107
17107042 107.649074074074 0.0797101673556186 6.07445645733078e-05 714.85198975
17107043 107.668576388889 0.080029741858774 6.55095949488767e-05 676.68231201
17107044 107.7315625 0.0766026637238196 4.90429648265285e-05 832.83020020
17107045 107.753761574074 0.0771222764255963 5.12995843217408e-05 793.68212891
17107046 107.775497685185 0.0777791990776106 5.14173140951405e-05 808.29217529
17107047 107.797060185185 0.0777161187335042 6.87126023364157e-05 826.80541992
17107048 107.809490740741 0.0774281575340665 5.08893003589849e-05 816.06829834
17107049 107.831168981481 0.0770935784339534 5.48273872321127e-05 823.49505615
17107050 107.851030092593 0.0771535720860567 4.78370199459419e-05 786.04534912
17107051 107.87568287037 0.0771895666138651 5.0466024654009e-05 806.47900391
17107052 107.897650462963 0.0776943240945973 9.26849864053419e-05 822.51922607
17107054 107.912743055556 0.0778737613515753 6.20237397543225e-05 823.59124756
17107055 107.929826388889 0.0778443279271029 6.73262146291783e-05 822.35186768
17107056 107.945289351852 0.0771134939539831 4.97951293526215e-05 812.82373047
17107057 107.966898148148 0.0773990291085611 8.58230504082401e-05 803.41925049
17107058 107.977928240741 0.0779621713044235 4.79228885541112e-05 796.17657471
17108001 108.001122685185 0.0782440033297939 5.11595384141679e-05 766.99267578
17108004 108.025856481481 0.0788196830458764 6.49601902710219e-05 707.85510254
17108007 108.118310185185 0.0687257030173314 4.31586173535299e-05 734.28503418
17108008 108.143634259259 0.0708766506376446 4.38023040258343e-05 720.17987061
17108010 108.169560185185 0.0733594966363289 4.35140418731769e-05 758.32037354
17108011 108.196076388889 0.075353671197445 4.72331444584698e-05 788.62609863
17108012 108.218703703704 0.0763007940672236 4.70572254913254e-05 812.47308350
17108013 108.241377314815 0.0754392489115868 6.66580769168049e-05 809.45318604
17108023 108.491273148148 0.0814358248029224 0.000252493031212798 876.78887939
17108024 108.492928240741 0.0805958254702241 0.000380481026171077 859.56085205
17108025 108.494525462963 0.0771902723462773 4.83025251860295e-05 836.66815186
17108026 108.516458333333 0.0778891882879278 4.84844942378418e-05 812.49029541
17108027 108.538298611111 0.0791305655356281 5.73308576184876e-05 831.02795410
17108028 108.567326388889 0.0782929605480557 4.90778180891914e-05 814.75756836
17108030 108.59056712963 0.0764206358297078 4.82567774117215e-05 859.53735352
17108031 108.612743055556 0.0754832550481847 4.81970827620823e-05 793.99896240
17108032 108.634340277778 0.0759102973478824 4.91073010845176e-05 781.67504883
17108033 108.656273148148 0.0760655090588946 4.9094113072627e-05 779.91583252
17108034 108.678090277778 0.076052642661729 0.00013205001171174 733.29803467
17108035 108.6821875 0.0761861451756091 5.25368857704592e-05 725.16717529
17108036 108.7046875 0.0762815260112485 0.000190514695156318 673.05920410
17108037 108.707210648148 0.0767559187352552 5.30550311982354e-05 679.68103027
17108038 108.728993055556 0.0775787014946556 5.48600753642638e-05 644.93780518
17108039 108.750694444444 0.0787661088483134 5.57933301138438e-05 594.16894531
17108040 108.772905092593 0.0789552726402576 0.000109640027962727 558.62573242
17108041 108.854826388889 0.0693280687220266 4.6850579876764e-05 715.08020020
17108042 108.876689814815 0.0726410304336949 4.83761028634052e-05 753.24499512
17108043 108.898252314815 0.0742296399368988 4.93418445287921e-05 760.22534180
17108044 108.919953703704 0.076579403932822 5.68860492730274e-05 800.49554443
17108046 108.942314814815 0.0784690102783173 6.36616242710429e-05 828.93231201
17108047 108.951111111111 0.0788632465434574 5.20876157451105e-05 825.15063477
17108048 108.971412037037 0.0792753241009998 0.000548381688607561 836.66076660
17108049 108.972800925926 0.0780466063512556 3.66321603370927e-05 828.37707520
17108052 109.000787037037 0.0774260745706862 4.828052917591e-05 813.89807129
17109002 109.024305555556 0.0765194943316971 4.79129443140966e-05 799.26104736
17109003 109.046666666667 0.0772140001476732 7.06469175001575e-05 811.14276123
17109004 109.059884259259 0.0757333184863295 5.06817233611421e-05 812.67846680
17109005 109.081990740741 0.0724444903251791 4.73826531196558e-05 767.00714111
17109009 109.109155092593 0.071939085286613 4.92271067799262e-05 681.11975098
17109010 109.132002314815 0.0728273696904452 4.94002265209705e-05 648.56372070
17109011 109.156087962963 0.0755546361161828 6.66143384521675e-05 609.88598633
17109015 109.228668981481 0.0704334853299777 4.67725699387194e-05 733.70288086
17109016 109.250543981481 0.0731029091960737 4.88054841056436e-05 749.37280273
17109017 109.272152777778 0.075455123473666 5.05977283633407e-05 788.43255615
17109018 109.29369212963 0.0783232792032153 5.36037059104594e-05 800.05645752
17109023 109.333773148148 0.0808076071701122 0.000101852749644578 875.37133789
17109025 109.339571759259 0.0807951974832087 4.00715733515881e-05 878.05505371
17109026 109.363923611111 0.0818736221328619 4.0438812453494e-05 866.76062012
17109027 109.386365740741 0.0829740656665668 5.60574995390621e-05 860.76739502
17109029 109.400925925926 0.0840091390830521 3.95800186093022e-05 876.31445312
17109030 109.424918981481 0.0841798361778084 4.25992974310942e-05 867.99084473
17109031 109.446053240741 0.0844480385607972 4.32962950163207e-05 838.46545410
17109032 109.470173611111 0.0843884019570068 0.000249695180877846 792.27795410
17109034 109.483483796296 0.0851870642483036 4.38935064659756e-05 761.81823730
17109035 109.506689814815 0.0853124510953523 4.62611007472413e-05 721.05572510
17109036 109.528287037037 0.0843455638806406 4.61820230847015e-05 713.95245361
17109037 109.550185185185 0.0849275295167529 0.000138756965162537 677.48260498
17109048 109.663877314815 0.0891611344349746 0.000156605227282 946.57110596
17109049 109.667337962963 0.0891243754467722 0.000389691589570541 934.22473145
17109050 109.675555555556 0.086631208646881 5.61056183519761e-05 902.42883301
17109051 109.708298611111 0.0847063670877829 0.000105717535155364 890.35437012
17109052 109.716296296296 0.0834239971762439 5.43146392405621e-05 857.74084473
17109053 109.737662037037 0.0816739783362435 6.49880747934963e-05 877.29974365
17109054 109.754363425926 0.0804682487988638 9.17698455869534e-05 851.79528809
17109055 109.759456018519 0.0806513961888227 5.32843183089776e-05 846.55511475
17109056 109.781018518519 0.0804593150623713 5.1671837096445e-05 846.08166504
17109057 109.802673611111 0.0811340752930147 5.2096414684571e-05 868.19659424
17109058 109.824444444444 0.0796740307604469 5.1714220269637e-05 853.98425293
17109059 109.846111111111 0.0792413641145778 8.11588484285626e-05 844.01892090
17109060 109.863761574074 0.0807489263952175 5.48396586206222e-05 820.18713379
17109061 109.885648148148 0.0828078169333864 6.40635493141956e-05 868.29992676
17109065 109.90556712963 0.0837406485865873 7.45482282095896e-05 858.31518555
17109066 109.919189814815 0.0838143479769523 0.000191501490611195 823.85278320
17109067 109.922835648148 0.083994698285439 0.000144534963646698 838.29754639
17109068 109.927858796296 0.0847215146207317 5.74670001113263e-05 825.47631836
17109069 109.949270833333 0.0857820680918337 5.98036325040821e-05 791.32098389
17109070 109.970439814815 0.0869771396700938 6.5822156389576e-05 748.37945557
17110001 110.048148148148 0.0769058002246662 4.98936117266729e-05 827.00958252
17110002 110.070763888889 0.0774078814533787 5.24639524868634e-05 787.30700684
17110003 110.092546296296 0.0782258960750697 5.37085480903355e-05 815.09136963
17110004 110.11443287037 0.0799666556427161 5.28731712474349e-05 819.56909180
17110005 110.136168981481 0.0824699386188993 5.56974484291328e-05 872.37530518
17110006 110.157881944444 0.082505270533186 5.44283665021008e-05 885.08374023
17110007 110.179710648148 0.0809766639627036 6.56970565944658e-05 861.37152100
17110011 110.202407407407 0.0816136133271182 5.23011114461913e-05 863.43084717
17110012 110.224293981481 0.0825585549162205 5.31762560563492e-05 850.88464355
17110013 110.246388888889 0.0824026390281058 6.63193755930185e-05 873.90338135
17110014 110.264131944444 0.0823488800875264 5.2925566263799e-05 884.72808838
17110015 110.286527777778 0.0819988761247397 5.59804742489202e-05 856.65240479
17110016 110.309386574074 0.081837253581278 8.76546385997033e-05 873.71697998
17110017 110.318599537037 0.0820719947820614 5.20570562929117e-05 860.57855225
17110018 110.343321759259 0.0825976939495242 5.48770577746946e-05 810.54534912
17110019 110.364548611111 0.0836878687995741 6.44337022572954e-05 777.16448975
17110028 110.42099537037 0.079448631766973 5.05254942217339e-05 843.35992432
17110029 110.442638888889 0.0829832364809642 5.10194237889212e-05 853.08026123
17110030 110.465196759259 0.0850746820076274 5.07980178948702e-05 903.56744385
17110031 110.488171296296 0.0861613270031645 5.42779255019911e-05 898.50903320
17110032 110.510104166667 0.0865287030348606 5.36935107560888e-05 906.83929443
17110033 110.531898148148 0.0851865001717862 5.34488973522693e-05 941.20251465
17110034 110.556701388889 0.0836278482914427 5.17805059493859e-05 894.56536865
17110035 110.577997685185 0.0845340286763171 5.06499595344793e-05 885.97882080
17110036 110.600509259259 0.0853258713658778 5.15814901233932e-05 898.42248535
17110037 110.622731481481 0.0855513872310895 5.89956555034981e-05 896.05877686
17110039 110.643564814815 0.0761895325852204 4.77855283918264e-05 867.85742188
17110040 110.665578703704 0.0850325130775598 5.20893192083394e-05 868.62322998
17110041 110.687152777778 0.0847464783914777 5.35200084975027e-05 854.99768066
17110042 110.709340277778 0.083905401155609 5.40595468660811e-05 817.69329834
17110043 110.731747685185 0.0839300012888096 7.20585104272456e-05 781.15551758
17110044 110.787476851852 0.0747362941253234 4.86574780846698e-05 768.03466797
17110045 110.80875 0.0759276206498875 5.72633054136274e-05 786.35375977
17110049 110.829548611111 0.0772216472747448 4.99963724206331e-05 785.16021729
17110050 110.851342592593 0.0793889454227207 5.04353582078173e-05 812.61151123
17110051 110.872800925926 0.0822356969682759 5.16889760646453e-05 836.87969971
17110052 110.894293981481 0.0828388824942968 5.11706500753936e-05 891.18023682
17110053 110.916122685185 0.0819844975779583 0.000118525293457054 873.23663330
17110054 110.923333333333 0.0812325294622965 8.53754212451437e-05 865.46643066
17110055 110.932893518519 0.0813019102237137 9.56035861887557e-05 840.03979492
17110056 110.941423611111 0.0817387380921443 7.2420739981451e-05 871.63513184
17110057 110.952928240741 0.0824966811828929 7.07661404234245e-05 874.99200439
17110058 110.967581018519 0.0823659137074981 7.99707312275627e-05 888.21520996
17110059 110.977685185185 0.0822749815115028 8.35704093165636e-05 847.16003418
17110060 110.986331018519 0.0824585083658968 8.54161342160249e-05 867.25213623
17110061 110.994756944444 0.0822913551834745 4.68604655798732e-05 871.33850098
17111001 111.016712962963 0.0817788108264614 4.49951980910945e-05 873.87597656
17111002 111.038657407407 0.0810422861153676 4.77769847176676e-05 860.13854980
17111007 111.141516203704 0.0811996344416202 8.94698084605967e-05 848.33630371
17111008 111.148564814815 0.0812080061343829 4.48052595887351e-05 848.31988525
17111009 111.170219907407 0.0813618098990789 4.81202299398577e-05 863.02484131
17111010 111.191909722222 0.0822831927356312 4.89000461685526e-05 866.78216553
17111011 111.213668981481 0.0839322332397528 4.48261248591991e-05 867.08569336
17111012 111.23537037037 0.0832993755122296 4.35810673687073e-05 912.05621338
17111013 111.257511574074 0.0815716992240961 4.50823098796547e-05 862.06140137
17111014 111.279027777778 0.0807130164471742 4.61106282945505e-05 845.11309814
17111015 111.300891203704 0.0819262687148579 4.45470677188241e-05 832.70056152
17111016 111.323136574074 0.0817947418367521 4.31505157634082e-05 876.29589844
17111017 111.346099537037 0.0821957144523842 4.91692767600433e-05 841.49548340
17111019 111.366053240741 0.0822467659045222 4.46038209429877e-05 868.45037842
17111020 111.387939814815 0.0824473833878697 7.01930342841863e-05 867.69885254
17111023 111.401076388889 0.0827766973310305 4.51085819545569e-05 860.36053467
17111024 111.422569444444 0.0832794564336643 5.87266526341622e-05 824.06512451
17111028 111.475173611111 0.08241114522872 4.28676894236425e-05 896.66955566
17111029 111.499490740741 0.0815577897637222 0.000170896228633909 860.71557617
17111030 111.502361111111 0.0819047664701854 4.75186004628541e-05 858.35119629
17111031 111.525532407407 0.0830183402964546 4.93018406926589e-05 876.90692139
17111032 111.547337962963 0.0842640451512904 4.70283873177414e-05 877.60028076
17111033 111.571087962963 0.0836338238989171 0.000117646946071804 890.63360596
17111034 111.575972222222 0.0841823160041669 4.9494590582953e-05 887.22247314
17111035 111.597685185185 0.0851223568242359 4.93512626385685e-05 899.47637939
17111036 111.619259259259 0.0866114605847463 7.44409621775607e-05 905.84124756
17111037 111.629675925926 0.0855786374742373 5.08639122453139e-05 922.79327393
17111038 111.651990740741 0.0851968869484471 5.64378549064423e-05 886.32531738
17111039 111.67375 0.0841837239230311 5.50418843896474e-05 909.64355469
17111040 111.695335648148 0.0835892138414658 6.91906348495971e-05 872.97235107
17111041 111.708738425926 0.0834280457835592 5.45162839174059e-05 830.03155518
17111042 111.730405092593 0.0834924406743683 5.34422998198596e-05 802.06280518
17111043 111.75212962963 0.0834938238405361 5.60904773654987e-05 765.45751953
17111044 111.773564814815 0.0840535087933719 5.49425120436764e-05 731.37786865
17111045 111.796678240741 0.0845729017352765 0.000102051374241474 697.80255127
17111055 111.843796296296 0.0834835376879086 5.12129315703549e-05 919.14050293
17111056 111.865335648148 0.0830515237462556 0.000132444675892835 879.53125000
17111057 111.870092592593 0.0836563995397514 0.000242264099296329 874.03271484
17111059 111.87587962963 0.0827613156742575 0.00021652546259326 887.56829834
17111060 111.878946759259 0.0776297826541916 5.12480790746255e-05 873.95782471
17111064 111.906087962963 0.0787012126691307 8.21952001416448e-05 848.87158203
17111065 111.957523148148 0.0776359505588223 5.09133837660716e-05 886.59466553
17111066 111.978043981481 0.0775572106947622 4.94826011402355e-05 802.72448730
17111067 111.999722222222 0.0776434043493246 4.95923963768473e-05 810.94091797
17112001 112.021458333333 0.0790811888339475 5.11534550079178e-05 817.28771973
17112002 112.043171296296 0.0810167230264942 4.58100367509479e-05 845.10583496
17112003 112.069756944444 0.0810255337292769 5.01452653119551e-05 876.31365967
17112004 112.091805555556 0.0797209276471064 4.93879319965648e-05 873.21118164
17112005 112.113726851852 0.0790258054607688 7.99584050484964e-05 830.63659668
17112006 112.126724537037 0.0789775394853501 4.95700025061709e-05 830.24456787
17112007 112.140810185185 0.0795174497494548 5.0108099255515e-05 837.50317383
17112008 112.162465277778 0.0799612494855751 5.03648475310348e-05 843.27014160
17112009 112.184282407407 0.0802337354856157 5.04610227027086e-05 842.53594971
17112010 112.206018518519 0.0801436049089234 5.00283675550029e-05 832.04138184
17112011 112.228078703704 0.079879098368597 4.91599850898168e-05 837.73101807
17112012 112.251400462963 0.0792514202308473 5.33129170107304e-05 845.35406494
17112013 112.270150462963 0.0793701459825946 6.55110729052084e-05 834.68341064
17112041 112.714641203704 0.0624102898696252 0.000383773534609639 854.73150635
17112043 112.71900462963 0.0787781676706238 0.000110560534077792 835.14703369
17112044 112.726157407407 0.07865207223119 5.95574582029253e-05 814.02691650
17112052 112.760115740741 0.0793553843862958 5.1507900740853e-05 846.94030762
17112053 112.7815625 0.0820623489298266 5.24177331029854e-05 845.75567627
17112054 112.803020833333 0.0847667605279684 5.36482368758981e-05 893.59033203
17112055 112.824467592593 0.0846655511967215 5.37831356500409e-05 916.48547363
17112056 112.8459375 0.083657107913941 5.18222332937859e-05 897.40533447
17112057 112.867951388889 0.0836114685588039 5.41301226108048e-05 880.92639160
17112058 112.889571759259 0.0836317243209306 5.36981746402888e-05 871.27618408
17112059 112.911342592593 0.0836635558739837 5.35708679979556e-05 889.97467041
17112060 112.933090277778 0.0824192033305614 5.36696322699464e-05 880.37799072
17112061 112.954375 0.0824423025764243 5.33511394398503e-05 874.27398682
17112062 112.975844907407 0.0830239375917779 5.29949241188042e-05 871.27838135
17112063 112.9975 0.0829125688784893 5.30243381715534e-05 864.82598877
17113001 113.021365740741 0.0836858847477964 5.79649901610223e-05 820.78558350
17113002 113.085555555556 0.0763491294729479 5.01276757039883e-05 800.11914062
17113003 113.151018518519 0.0784192142729038 6.0963842307423e-05 804.40826416
17113004 113.170821759259 0.0805204136995876 3.96119714882134e-05 851.67822266
17113005 113.192881944444 0.081401661932354 5.33159230313982e-05 872.96960449
17113006 113.21275462963 0.0826192775335429 0.000255305837299548 873.26715088
17113007 113.217916666667 0.0824329947300097 8.69605509794864e-05 859.78839111
17113008 113.223287037037 0.0741739364334952 5.98954561795617e-05 863.94287109
17113010 113.290740740741 0.0884549982515369 5.46794789078166e-05 943.28936768
17113011 113.311944444444 0.0841435183545255 0.000208710800743642 901.02655029
17113012 113.318958333333 0.0799254359552957 6.93697758719097e-05 864.81982422
17113013 113.331724537037 0.075350978334763 6.23956349550641e-05 822.76831055
17113014 113.345798611111 0.0720256729577798 4.82826246774018e-05 771.97558594
17113015 113.367233796296 0.0722179280761115 0.000134485799776232 749.41534424
17113036 113.775775462963 0.077044107635523 4.81752796134613e-05 851.56854248
17113037 113.797384259259 0.0769240998468844 5.16809399063484e-05 782.01843262
17113038 113.819097222222 0.0766688883198463 4.95288230810936e-05 811.06762695
17113039 113.840439814815 0.0779832401002326 5.38713463555801e-05 794.70947266
17113041 113.863703703704 0.0790565552881433 9.40947530475978e-05 829.19750977
17113042 113.870810185185 0.0791465954765254 0.00058937646130753 830.82403564
17113043 113.871956018519 0.0798672322466323 5.15725890366213e-05 831.76892090
17113044 113.893472222222 0.0797091605780953 5.11181362794612e-05 833.40979004
17113045 113.916840277778 0.078397480241999 5.0642289397863e-05 826.60699463
17113046 113.938240740741 0.077748934134787 6.37925685673715e-05 819.33776855
17113047 113.951875 0.0782165165978447 5.08419301625027e-05 826.02593994
17113048 113.973240740741 0.0783024339902047 5.02347154475335e-05 813.47216797
17113049 113.994861111111 0.0778959506702524 5.04690012620058e-05 808.48046875
17114001 114.016550925926 0.0775667534799633 5.20390060236598e-05 782.56347656
17114002 114.038298611111 0.0769062059825893 4.98290279554041e-05 802.50885010
17114003 114.060034722222 0.0766489271185402 5.04848701849365e-05 784.21069336
17114004 114.082372685185 0.077010100765194 4.99757071534958e-05 762.88781738
17114005 114.150150462963 0.0776084778614894 4.83808941895145e-05 863.80841064
17114007 114.173391203704 0.0770960238707949 5.10921573489409e-05 800.18328857
17114008 114.195127314815 0.0772948167526842 5.03365807316003e-05 807.05700684
17114010 114.217858796296 0.0786584121208775 5.04468186315455e-05 824.46075439
17114011 114.240162037037 0.0802785921749198 4.74329341764864e-05 845.24700928
17114013 114.2671875 0.0800937365157196 5.20893763915083e-05 853.93896484
17114014 114.288773148148 0.079012392711726 5.22771411478521e-05 845.59893799
17114015 114.308703703704 0.0780096213620908 5.05269817946321e-05 811.51940918
17114016 114.330613425926 0.0775896273149402 0.000120637037682851 825.86541748
17114017 114.341527777778 0.0765862307171326 5.14977523843006e-05 817.97143555
17114018 114.362835648148 0.0763182334055844 7.87279328798571e-05 820.42242432
17114020 114.377083333333 0.0767719803781673 4.98041898200487e-05 812.17309570
17114022 114.398564814815 0.076788944388911 5.22253422927633e-05 818.36407471
17114023 114.42037037037 0.0768696638510535 4.96055200320552e-05 796.24017334
17114024 114.442789351852 0.0763694650288738 5.07179482462436e-05 771.09466553
17114025 114.464074074074 0.0765891519783084 5.62247581354559e-05 726.64178467
17114030 114.57505787037 0.0714174870101098 4.68507260185999e-05 765.23681641
17114031 114.597418981481 0.073265409229311 4.86938358365737e-05 780.87097168
17114032 114.619016203704 0.0748825792913048 4.77401003172159e-05 779.54949951
17114033 114.642337962963 0.0766858166896554 5.16908629290604e-05 792.01257324
17114034 114.663877314815 0.0765583526921657 5.03381863378654e-05 803.33831787
17114035 114.685474537037 0.0764136744643639 4.99770463867643e-05 829.51464844
17114036 114.707303240741 0.0759628763730833 5.04835667758943e-05 809.02062988
17114037 114.728738425926 0.0760216684199925 5.12760158395528e-05 771.36187744
17114038 114.750127314815 0.0755020135466048 5.01443522395755e-05 800.30682373
17114039 114.771481481481 0.0755334987230221 5.03465588413405e-05 803.99340820
17114040 114.792858796296 0.0762049163012367 5.05531611764764e-05 814.26196289
17114043 114.820081018519 0.0755455434721411 8.00203103305288e-05 803.03863525
17114044 114.826597222222 0.0732307066538051 4.73718376451996e-05 771.71795654
17114045 114.849918981481 0.0711307771701212 5.33053446267415e-05 723.84790039
17114046 114.862650462963 0.0712768925306594 5.03236102801321e-05 696.70373535
17114047 114.884293981481 0.0710906754039696 5.14641563214091e-05 661.89007568
17114049 114.943090277778 0.071170011800128 4.78940129186956e-05 733.55236816
17114050 114.965439814815 0.071455567309563 4.74746577785253e-05 743.40069580
17114051 114.987152777778 0.0707057753155164 4.81638938687969e-05 747.84320068
17115001 115.008819444444 0.0730253504619052 4.84427580291058e-05 727.95446777
17115002 115.030497685185 0.0750370437396369 4.97035996520833e-05 804.06524658
17115003 115.052268518519 0.0736692125405446 4.97333887389249e-05 751.41351318
17115004 115.073877314815 0.0735402648789939 7.57289069607023e-05 773.15191650
17115005 115.086446759259 0.0725250115162199 4.84533271588741e-05 729.58496094
17115007 115.109074074074 0.0724045592313836 4.82733292952188e-05 751.72857666
17115008 115.131701388889 0.0734448916818083 4.90351268855225e-05 757.00561523
17115009 115.153414351852 0.0728919476271139 4.85572163595504e-05 732.32354736
17115010 115.176157407407 0.0721000159267957 5.06496909852346e-05 723.51818848
17115012 115.201423611111 0.0702648120531037 9.48893589629333e-05 736.70788574
17115013 115.210671296296 0.0682024003430215 8.13754054036899e-05 686.20666504
17115014 115.221412037037 0.0675731748319507 6.40660862932377e-05 662.89355469
17115016 115.274212962963 0.0744041374215297 5.31354392592872e-05 786.71441650
17115018 115.297476851852 0.0738225292522477 4.9775409094236e-05 779.67144775
17115019 115.318657407407 0.0724641078279688 4.75867665599896e-05 757.63781738
17115021 115.343263888889 0.0726966497161947 4.95757309909412e-05 748.80834961
17115022 115.364386574074 0.0749803881893732 5.01957903044743e-05 770.97631836
17115023 115.386539351852 0.0797409944960626 0.000114098548099771 760.13977051
17115024 115.394236111111 0.0776872326216667 5.03121844591409e-05 823.65069580
17115025 115.415300925926 0.0736718248042255 4.83357275145337e-05 806.09832764
17115026 115.438668981481 0.0730365228762748 9.79174566705884e-05 748.34490967
17115028 115.446331018519 0.0731105321713215 4.22190474494997e-05 762.58746338
17115029 115.467372685185 0.0719490752109902 0.000325621398557607 731.03094482
17115030 115.468726851852 0.0730287859647698 4.9991527545771e-05 737.31872559
17115031 115.490277777778 0.0733212843652053 5.02371018479866e-05 767.83691406
17115032 115.511608796296 0.073017361994355 5.3571411037692e-05 725.78173828
17115033 115.533240740741 0.0727705422266212 4.94398912698956e-05 709.87854004
17115035 115.556134259259 0.0727842158911449 5.00164162333693e-05 674.53985596
17115037 115.579861111111 0.0739465529605895 5.14876225608241e-05 644.06774902
17115038 115.602326388889 0.0756661428528423 0.000216115824888489 612.45129395
17115044 115.647592592593 0.0713329949927644 4.85842904670253e-05 730.92303467
17115045 115.668819444444 0.0731035513594578 4.98579267209183e-05 738.06170654
17115046 115.690335648148 0.0743533003476768 4.89430327395179e-05 777.72430420
17115047 115.711666666667 0.0759402492126235 5.04877414783119e-05 787.74554443
17115048 115.73318287037 0.0770754294704078 5.18350436578009e-05 817.87634277
17115049 115.754236111111 0.0766715386825195 5.06922020131723e-05 812.05096436
17115050 115.775856481481 0.0759836648191921 5.12917031392626e-05 798.64941406
17115051 115.797222222222 0.076431601181285 5.043940642191e-05 785.43688965
17115052 115.81869212963 0.0766145464100796 5.1305638762851e-05 805.64343262
17115053 115.839791666667 0.0770224212908043 5.20278348167505e-05 784.03619385
17115054 115.861215277778 0.0774233126479962 5.14848125264318e-05 812.79650879
17115056 115.883912037037 0.0769809250354859 5.04742801650031e-05 811.41735840
17115058 115.907766203704 0.0761977351700286 5.24974399580329e-05 771.42614746
17115060 115.930636574074 0.0760817873384238 5.17262721461916e-05 778.33343506
17115061 115.952256944444 0.0767316679833638 5.20409790010828e-05 753.15032959
17116001 116.026064814815 0.0771615855607236 4.91588904192634e-05 819.98529053
17116002 116.048344907407 0.0769048252305374 8.12121977979874e-05 792.10699463
17116003 116.061076388889 0.076768855341243 5.02754950129521e-05 788.77191162
17116004 116.082905092593 0.0782559828341948 5.75462733442864e-05 798.05242920
17116005 116.099490740741 0.0797932027312158 5.0491900903205e-05 819.93865967
17116006 116.12119212963 0.0800968891151155 5.03882945863027e-05 829.55621338
17116008 116.143981481481 0.0790710587566537 5.11924609667825e-05 826.91729736
17116009 116.165659722222 0.0785624755826387 5.11496493040076e-05 820.03662109
17116010 116.187662037037 0.078147111788761 4.98551718598621e-05 825.42889404
17116015 116.215532407407 0.078416899449393 5.14954666044608e-05 810.07226562
17116016 116.237615740741 0.0779923987417244 4.4603977901941e-05 802.48492432
17116017 116.264085648148 0.0777732882595188 5.17870572772349e-05 805.89343262
17116018 116.285902777778 0.0778065397844116 4.83968203993745e-05 763.70245361
17116019 116.310347222222 0.077353275286255 5.93802655161487e-05 764.93145752
17116020 116.326828703704 0.0775832720971939 4.65900621334664e-05 756.12054443
17116021 116.353888888889 0.0780611536134776 5.23700842226982e-05 691.79901123
17116022 116.376412037037 0.0785476880005216 0.000101074800971172 680.35180664
17116042 116.637037037037 0.0799768587733513 4.7585143229086e-05 965.91522217
17116044 116.661689814815 0.0800274967672127 5.12185119266519e-05 807.92712402
17116045 116.683206018519 0.0796527467631105 5.60097237190344e-05 820.73419189
17116046 116.701585648148 0.0819847238097428 5.39334421840347e-05 840.73553467
17116047 116.722916666667 0.0822553324654528 5.29471815019717e-05 851.90124512
17116048 116.744201388889 0.080667478069362 5.24190156418256e-05 831.28527832
17116049 116.765810185185 0.0799788644548453 0.000164119298361925 830.68017578
17116050 116.772303240741 0.0792369057059016 5.33372714318741e-05 825.01477051
17116052 116.795763888889 0.0788042615136401 8.84860809415307e-05 814.49041748
17116053 116.808391203704 0.0791196300913971 5.35899416790616e-05 808.72839355
17116054 116.829768518519 0.0791029642395373 5.2789713228701e-05 825.09948730
17116056 116.852418981481 0.0785322189241687 0.000145477830769775 813.73083496
17116057 116.857013888889 0.0784886252521794 8.77431660878211e-05 804.17462158
17116058 116.866284722222 0.0782116850823687 5.29104532114802e-05 819.72406006
17116059 116.887280092593 0.0781586773473045 5.29781462759458e-05 812.64257812
17116061 116.909525462963 0.0781299719871796 5.25399028336823e-05 791.04663086
17116062 116.930671296296 0.0783091181000445 5.57283025977355e-05 750.88092041
17116063 116.949490740741 0.0787814222629159 0.000197738521682083 709.63397217
17116065 116.956689814815 0.0783346511859101 8.79932007113062e-05 687.14013672
17117003 117.009282407407 0.0747496973012115 4.95366316139825e-05 770.32415771
17117006 117.032685185185 0.075323988313697 0.000103869519622632 763.38159180
17117007 117.039537037037 0.0752838952314374 5.02302824462213e-05 751.23352051
17117008 117.061388888889 0.0760275604302498 7.60104040576968e-05 762.79388428
17117010 117.075706018519 0.0776946221204625 5.1928383648796e-05 792.60089111
17117011 117.097430555556 0.0792676888109115 5.21217249216785e-05 803.30456543
17117012 117.119224537037 0.0779104587091274 5.07945720112652e-05 807.04846191
17117013 117.141099537037 0.077201016857369 4.984631037685e-05 796.22015381
17117014 117.164074074074 0.0775820943050355 5.3182988781258e-05 783.93255615
17117015 117.187280092593 0.077350142986318 5.01142287516639e-05 785.25311279
17117019 117.214270833333 0.076852194090658 5.1352311992776e-05 795.86676025
17117020 117.23599537037 0.0767449217897097 4.68676315491081e-05 777.00469971
17117021 117.262233796296 0.0771373444389999 4.99574615580577e-05 776.63476562
17117023 117.285381944444 0.0773095640902909 6.25964158457733e-05 768.62536621
17117028 117.305543981481 0.0781391608139078 5.19558847531415e-05 740.22326660
17117029 117.327731481481 0.0788125937914045 0.000120605108043725 698.62677002
17117035 117.463356481481 0.0761346757893545 7.97942793351045e-05 807.91345215
17117036 117.472696759259 0.0760359130738524 4.92239172170874e-05 792.51568604
17117038 117.495335648148 0.0769004628920737 5.00820915305371e-05 809.70068359
17117039 117.517013888889 0.0784158555575122 5.20547793295131e-05 805.63415527
17117040 117.538206018519 0.0807156657567716 5.47137812697114e-05 815.31256104
17117041 117.560023148148 0.0801190157563779 5.19470406406418e-05 870.03027344
17117042 117.586585648148 0.0461104152109752 3.38383081894361e-05 836.27337646
17117045 117.614976851852 0.0750491246536204 4.82218014561694e-05 798.14355469
17117046 117.639537037037 0.0753258255784016 5.08240690191363e-05 765.04931641
17117047 117.661388888889 0.0110296149597073 0.000195346535043093 788.35845947
17117048 117.664247685185 0.0768928258404011 5.77135955415413e-05 795.52154541
17117049 117.683263888889 0.0783240786320765 5.30594714689906e-05 814.12390137
17117050 117.704618055556 0.0796580558345128 5.31425772395968e-05 834.84027100
17117051 117.726423611111 0.0799711269642606 5.36970830222464e-05 797.71258545
17117052 117.747951388889 0.0806388691373698 7.01574826331648e-05 756.74475098
17117053 117.760891203704 0.0811599181713767 7.56178180420566e-05 756.69287109
17117054 117.771944444444 0.081334092081365 6.74566516280458e-05 729.82458496
17117055 117.878900462963 0.086405265329112 0.000139440610797788 899.34875488
17117057 117.886689814815 0.0824968065559954 5.22185396958207e-05 896.31127930
17117058 117.908460648148 0.082008066963579 5.32037226286276e-05 857.70574951
17117059 117.9296875 0.0838213278024613 5.44645889541277e-05 861.46783447
17117060 117.95125 0.0838476536279127 6.3579589629727e-05 885.63739014
17117061 117.9675 0.083160544062001 5.36143270658526e-05 869.87158203
17117063 117.99025462963 0.0829365212883235 5.32197285598556e-05 873.70812988
17118001 118.012013888889 0.082127201356037 5.37545947102709e-05 883.20098877
17118002 118.033912037037 0.0811533533969274 5.35603774588669e-05 848.24694824
17118003 118.055648148148 0.0813878407650521 8.35486827871846e-05 862.24438477
17118008 118.083576388889 0.080902662336014 5.15701544882356e-05 851.31292725
17118009 118.105439814815 0.0811549610379539 5.21098262674341e-05 837.19641113
17118010 118.127291666667 0.0808357329451259 5.27263550876293e-05 836.39959717
17118011 118.148946759259 0.080593682468588 5.13768005619283e-05 813.84124756
17118012 118.1709375 0.0807614470226897 5.34901928182556e-05 787.20928955
17118013 118.193020833333 0.0813938700126936 5.39693546268803e-05 755.65637207
17118014 118.214849537037 0.0819779700117799 5.5757344583878e-05 714.08081055
17118015 118.236631944444 0.0830215428333144 4.96933292329524e-05 677.30041504
17118016 118.265208333333 0.0840028822119902 0.000137939033505736 638.47174072
17118051 119.000381944444 0.0680837446007371 4.55373003696276e-05 708.84936523
17119001 119.023541666667 0.0689934969287474 4.63696376785862e-05 730.15313721
17119002 119.045347222222 0.0698620381128234 4.90325938571035e-05 715.27392578
17119003 119.067164351852 0.0721940455162702 4.95646558529411e-05 728.00604248
17119004 119.088842592593 0.0744374694599556 5.06884418248369e-05 766.29095459
17119005 119.1109375 0.0751911759498664 5.00403882325674e-05 791.89746094
17119006 119.132638888889 0.0744256068428658 4.85371062351259e-05 766.63226318
17119007 119.156238425926 0.0754217827015427 5.02338670160574e-05 788.10394287
17119009 119.179108796296 0.0745793911404294 4.8778981822081e-05 783.22137451
17119010 119.200925925926 0.0748061829234055 6.86894959656513e-05 763.66827393
17119011 119.216724537037 0.074201209979308 4.95748340620611e-05 775.38098145
17119012 119.240173611111 0.0734996708580179 4.62845260037354e-05 769.85400391
17119013 119.265821759259 0.0734592835970337 0.000182866641338239 754.83856201
17119014 119.270833333333 0.0727931623429647 4.97951894404719e-05 729.50732422
17119015 119.293275462963 0.0728170192200477 5.10227302731334e-05 711.87286377
17119016 119.314270833333 0.0723160299258552 8.48527108380053e-05 687.57916260
17119066 119.563125 0.084788373394469 5.52173457826556e-05 906.79962158
17119067 119.584791666667 0.0853532172465715 5.61455746598184e-05 870.25439453
17119068 119.60587962963 0.0873977250338581 5.50069859043965e-05 914.56439209
17119069 119.62818287037 0.0878353158448007 5.46733159193551e-05 908.34808350
17119072 119.652708333333 0.0813374497349642 5.54261542601572e-05 763.29455566
17119073 119.676053240741 0.0832197838655106 5.62511140478268e-05 758.05468750
17119077 119.701145833333 0.0762874884140648 8.4031079162769e-05 760.70910645
17119078 119.7125 0.0816849887554638 7.42874676326117e-05 423.15213013
17119092 119.76818287037 0.0769300736476029 0.000140053056750713 800.41235352
17119093 119.771678240741 0.0759242769962814 5.06964149264224e-05 733.47692871
17119094 119.793171296296 0.0775876120022867 5.23368064043384e-05 784.81976318
17119095 119.81474537037 0.0785183296813466 5.38140872053088e-05 806.34881592
17119096 119.841365740741 0.0806796598639865 6.84730902450785e-05 836.94549561
17119097 119.85443287037 0.0818585741234332 5.31038373676632e-05 864.32043457
17119098 119.87599537037 0.081490534507497 5.21147442494549e-05 875.64624023
17119099 119.898263888889 0.0815019942784554 5.2160332737945e-05 847.84637451
17119100 119.919710648148 0.0813834054316932 5.44689730410597e-05 870.46801758
17119101 119.941018518519 0.0808447443569481 5.21976704280869e-05 865.73046875
17119102 119.9625 0.0802344231693384 5.09423628074511e-05 861.29846191
17119103 119.984953703704 0.0806059763681754 5.24784416054138e-05 862.44775391
17120001 120.006678240741 0.0800528254693459 5.214334233274e-05 838.80255127
17120002 120.029375 0.0803210014097862 5.93995980701461e-05 827.98101807
17120009 120.084756944444 0.0867537953383127 5.10487968224553e-05 953.32086182
17120010 120.109467592593 0.0848519054462727 5.40789260766455e-05 899.06561279
17120011 120.131388888889 0.083871795539327 5.31201792200352e-05 885.54071045
17120012 120.153171296296 0.0844038264100318 5.42018101822913e-05 881.77722168
17120013 120.175023148148 0.0838351419044494 5.47312595251738e-05 877.74877930
17120014 120.196701388889 0.082709707338536 5.33387766286035e-05 872.14941406
17120015 120.218449074074 0.0823352065324943 5.19596176323455e-05 872.80462646
17120016 120.240740740741 0.0818377497120979 4.89203545791544e-05 866.04626465
17120017 120.26693287037 0.0815643261062599 5.53358745366894e-05 846.62878418
17120019 120.289641203704 0.0812180463069667 5.28339673505714e-05 854.48004150
17120024 120.331111111111 0.0815920960000952 0.000147921972752913 803.00842285
17120025 120.334953703704 0.0821571436080865 5.441829475349e-05 793.66174316
17120026 120.357152777778 0.0827803648969822 0.000245995551654864 752.61791992
17120062 120.924479166667 0.0935249735529569 5.78250833234728e-05 1042.56799316
17120063 120.946053240741 0.0883405026266176 5.51655608019729e-05 961.32537842
17120064 120.967650462963 0.0843948007245958 5.24247584152853e-05 909.48571777
17120065 120.989456018519 0.0836715841351841 5.39350640276909e-05 881.11602783
17121001 121.011435185185 0.0841243240171669 5.55503357748341e-05 794.04095459
17121002 121.033252314815 0.0851699196584795 5.68563964127561e-05 749.44506836
17121003 121.055138888889 0.0865862288263926 8.78979844860697e-05 665.47113037
17121004 121.103217592593 0.0891725634048183 5.14657450090196e-05 1020.67602539
17121005 121.127835648148 0.0866996906583122 5.51679654838779e-05 881.86938477
17121006 121.149733796296 0.0845548238788972 5.41397951253323e-05 892.50494385
17121007 121.171585648148 0.0842139363555815 0.000198452221481603 881.93408203
17121009 121.178333333333 0.0841541663698089 5.89799147164569e-05 876.21258545
17121010 121.198159722222 0.0842470677489608 0.00013168331183327 836.57525635
17121011 121.202951388889 0.0842689178969028 5.57463569652022e-05 787.31439209
17121012 121.224918981481 0.0852420250346359 5.5120085402273e-05 723.41888428
17121013 121.248888888889 0.0863030313835886 7.30194371615406e-05 670.01385498
17121016 121.301666666667 0.0876504280640934 5.40801288773704e-05 955.65637207
17121017 121.323402777778 0.0863600937478381 5.71621367310176e-05 926.89569092
17121018 121.345532407407 0.0826016897724257 5.51809633259331e-05 883.41491699
17121019 121.3671875 0.0825545683280924 5.33138496521249e-05 876.44183350
17121020 121.389328703704 0.0824870675467321 5.52875941929706e-05 879.20367432
17121021 121.410763888889 0.0826065637819388 5.64153965124841e-05 838.10516357
17121022 121.431701388889 0.0828521777910733 5.73318237072113e-05 796.74346924
17121023 121.453472222222 0.0835688374188451 6.84520661241106e-05 722.68395996
17121024 121.469502314815 0.0843366981313173 8.92449483509852e-05 688.34350586
17121025 121.476770833333 0.0854351072390582 5.25391404882731e-05 658.25537109
17121029 121.546168981481 0.0863236012952536 5.32193405977329e-05 930.66442871
17121030 121.56818287037 0.0858311689169359 5.4888186020843e-05 894.88854980
17121031 121.590023148148 0.0865431386905829 9.25491966784404e-05 894.41180420
17121032 121.641944444444 0.0788806910793408 5.17280192182086e-05 856.16021729
17121033 121.663969907407 0.0808154415497122 5.41296491943477e-05 832.87023926
17121034 121.685416666667 0.0825443483742502 5.37875883172973e-05 862.22021484
17121035 121.707164351852 0.081792685997212 5.36189041103087e-05 888.07171631
17121036 121.728356481481 0.0807524205756053 5.38638340153299e-05 842.64428711
17121037 121.749722222222 0.0819263675041907 6.72931856507841e-05 857.44006348
17121038 121.763402777778 0.0815701025304068 5.31438634598552e-05 863.52618408
17121039 121.784849537037 0.0814026316719649 5.42550250061421e-05 844.36804199
17121040 121.806944444444 0.0820118833971471 5.4453659306179e-05 791.49182129
17121041 121.828171296296 0.0824652278669953 5.55223332786493e-05 730.77307129
17121042 121.849479166667 0.0833198393245919 5.73311795803928e-05 672.03320312
17121043 121.909479166667 0.0729922360217825 4.66937568071302e-05 774.25909424
17121044 121.933171296296 0.077141613169805 5.04381219472394e-05 780.15692139
17121045 121.954791666667 0.0776753401823288 5.14472061612936e-05 801.59124756
17121046 121.976099537037 0.0787001471977427 5.2314952664483e-05 816.68988037
17121047 121.998032407407 0.0785127156274762 5.14028346087936e-05 815.55151367
17122001 122.019780092593 0.0773983944529472 4.90304722347782e-05 839.38861084
17122002 122.042638888889 0.0778358441431951 5.16308628206687e-05 804.86700439
17122003 122.064456018519 0.0777336695813206 5.24045397523837e-05 785.25512695
17122004 122.086388888889 0.0781087264890446 5.33735274487649e-05 721.39483643
17122005 122.108125 0.0792409242702262 5.53147904202039e-05 667.94250488
17122006 122.129895833333 0.080305974885986 7.11373602743962e-05 618.80346680
17122039 122.868483796296 0.0979857664076707 7.50992145951885e-05 1105.47827148
17122040 122.883206018519 0.0922872282386178 5.49806253577141e-05 956.84454346
17122041 122.905104166667 0.0887694284087133 5.60712337530223e-05 923.21667480
17122043 122.927060185185 0.0862209689430581 5.52483515962537e-05 912.13879395
17122044 122.948125 0.0852265241480775 5.48285552720881e-05 878.88751221
17122045 122.969502314815 0.084374594114645 5.44898297326827e-05 871.92370605
17122046 122.991215277778 0.0836000384499599 5.43252337681406e-05 848.35406494
17123001 123.013101851852 0.0839301773166257 5.35098595999339e-05 793.28051758
17123002 123.036423611111 0.0844058441278561 7.55516449583552e-05 748.91479492
17123005 123.069166666667 0.0866101326523055 6.4450637610094e-05 656.16583252
17123006 123.096180555556 0.0884649950004341 5.66885870463898e-05 609.49664307
17123007 123.131284722222 0.0903673381642025 0.000100527503626632 531.53778076
17123008 123.175300925926 0.0923188392215171 5.48537548861129e-05 1038.87145996
17123009 123.197222222222 0.0894160419593722 5.49631354298875e-05 948.76104736
17123010 123.219074074074 0.0862318446518073 5.30208426706762e-05 921.41772461
17123011 123.240891203704 0.0846785935657196 4.88392572276652e-05 904.24932861
17123012 123.266469907407 0.0835927349858102 4.8281203836024e-05 881.38543701
17123013 123.291979166667 0.0825788643223615 5.50764609150383e-05 862.61181641
17123014 123.313159722222 0.0823684855613232 5.22239143332977e-05 821.70983887
17123015 123.336875 0.0827948371870239 5.62914763256076e-05 749.06195068
17123016 123.357974537037 0.0840534657986264 5.77770242352372e-05 697.04846191
17123017 123.379282407407 0.0858595783662943 0.000265395302522241 655.07751465
17123018 123.382453703704 0.0859529296639266 6.02451025118538e-05 649.18994141
17123019 123.403981481481 0.0869900883907617 5.97864243584272e-05 617.58978271
17123020 123.42724537037 0.0888639912906191 6.87447953475704e-05 565.96386719
17123021 123.446655092593 0.0909003739910159 5.46212105309654e-05 509.27877808
17123022 123.479143518519 0.0922998941957133 0.000143749306974319 452.42840576
17123040 123.696840277778 0.0899876697476011 5.63321366885894e-05 965.24468994
17123041 123.720428240741 0.0871191791060315 0.000134702399472862 926.98162842
17123042 123.724849537037 0.0834718256942888 7.37595648687233e-05 920.56695557
17123045 123.738333333333 0.0794782236001618 5.25317702752526e-05 849.30267334
17123046 123.759872685185 0.0786409417668867 5.27037204915642e-05 801.95361328
17123047 123.781689814815 0.0802958247597884 5.18152363601247e-05 803.98492432
17123048 123.802881944444 0.0827113019220403 5.41647485300157e-05 860.12335205
17123049 123.824849537037 0.0830634004897702 5.40576818763965e-05 798.03588867
17123050 123.846967592593 0.0841267602731497 5.57444667914988e-05 731.38208008
17123051 123.868888888889 0.0862299819806222 5.81669205353897e-05 678.66363525
17123052 123.891064814815 0.087579635350505 6.20074041206302e-05 608.59136963
17123053 123.946921296296 0.0915826347531147 5.52487200511446e-05 1019.32354736
17123054 123.96912037037 0.0893966319436992 5.48306557553339e-05 940.06921387
17123055 123.990891203704 0.0860493690075686 5.34805388125302e-05 908.26696777
17124001 124.012743055556 0.0847511059998473 5.24685383393724e-05 892.34179688
17124002 124.034930555556 0.0843890239816619 9.1974028514708e-05 875.93621826
17124003 124.044675925926 0.0834786300516659 5.1174122028526e-05 897.34204102
17124004 124.066331018519 0.0827300258667044 5.23182334399467e-05 866.20513916
17124005 124.088032407407 0.0826453984300238 5.36362170188347e-05 844.22528076
17124006 124.109722222222 0.0829891175224208 0.000119884200199372 761.66064453
17124007 124.115833333333 0.0834656785263281 5.59895930853911e-05 770.12500000
17124008 124.137696759259 0.084234812727256 5.56580671624735e-05 691.14489746
17124009 124.160081018519 0.0858571615380674 5.94853107829757e-05 642.28778076
17124010 124.181655092593 0.0874091182223095 6.20484896608506e-05 595.93780518
17124011 124.203368055556 0.0890436825855334 7.54415988722278e-05 565.81811523
17124012 124.262291666667 0.0951441061703443 5.54249656265639e-05 969.77966309
17124013 124.28505787037 0.0924881223196576 6.52764100837232e-05 944.44763184
17124014 124.301134259259 0.0906384744627933 0.000181152771314063 906.91601562
17124015 124.30412037037 0.0875697885115817 5.22041920409821e-05 915.37249756
17124016 124.326365740741 0.0826335383615234 5.0790417059036e-05 898.69165039
17124017 124.34875 0.0814548577097282 5.17625899015291e-05 863.21960449
17124026 124.398680555556 0.0808388780961244 0.000197471637344258 841.47711182
17124027 124.402743055556 0.0821062597819887 5.22681371434056e-05 847.40002441
17124028 124.424525462963 0.0824012909219421 5.61881219726448e-05 759.63824463
17124029 124.446296296296 0.0841102686364948 5.65186929046028e-05 689.70275879
17124030 124.468217592593 0.0855647562460644 5.84946481937128e-05 643.84436035
17124031 124.490034722222 0.0867791770764677 6.05981242710971e-05 601.76129150
17124032 124.511678240741 0.0881377664553882 6.3981526526418e-05 555.90618896
17124033 124.533599537037 0.0903073487347859 5.4873434102549e-05 519.79083252
17124034 124.564814814815 0.0914720275351351 9.40225138975697e-05 463.35287476
17124039 124.603055555556 0.0944207117422965 7.48768283221483e-05 407.58694458
17124040 124.625127314815 0.0962573742568325 7.82588908217084e-05 378.32608032
17124041 124.647372685185 0.0973282043027921 0.000105657203779369 351.36627197
17124050 124.7378125 0.0933004319153343 6.56657645119778e-05 860.59008789
17124051 124.750462962963 0.0962608442291256 5.61845532977245e-05 1046.90112305
17124052 124.772268518519 0.094069349937 8.41899822749574e-05 1012.61242676
17124056 124.906666666667 0.0922078074533322 5.69649741917114e-05 1047.76574707
17124057 124.927789351852 0.083688615987951 5.27027252972165e-05 881.22509766
17124058 124.949907407407 0.0786742342106521 5.00827772562929e-05 875.16265869
17124059 124.971770833333 0.0769741583289632 4.98345479817177e-05 810.82891846
17124060 124.993530092593 0.077208899644708 5.10514148809166e-05 787.60083008
17125001 125.01525462963 0.0767906569829379 5.14990410157976e-05 795.33581543
17125002 125.036840277778 0.0770639502456871 5.11951648304047e-05 750.38244629
17125003 125.059074074074 0.0777778907510615 5.30028519590259e-05 686.68389893
17125004 125.080798611111 0.0792090213995703 5.54579640163097e-05 624.23767090
17125005 125.102546296296 0.0801054950165011 5.69045250104642e-05 598.26324463
17125006 125.124641203704 0.0812581846729525 5.91574147849892e-05 553.13049316
17125007 125.14662037037 0.0827829904134006 6.49822441212361e-05 514.39483643
17125008 125.166724537037 0.0841511746775395 7.05593016108133e-05 479.62048340
17125021 125.376400462963 0.0884834307176581 5.50786505624923e-05 974.60198975
17125022 125.398310185185 0.0833094290105923 5.22004037115231e-05 895.29791260
17125023 125.420740740741 0.0777505890727777 4.99628621922745e-05 896.24890137
17125024 125.442372685185 0.0734328800648208 4.92653289430263e-05 799.48010254
17125025 125.464201388889 0.0724599716742712 4.91869785109e-05 752.54815674
17125026 125.486053240741 0.0747269141132441 5.00106805620765e-05 777.21472168
17125027 125.507916666667 0.0761727293746539 7.47341011558244e-05 797.21539307
17125030 125.531215277778 0.0763397004648639 0.000101675032570102 727.15625000
17125034 125.546875 0.0772555725468485 5.29150580650028e-05 689.21978760
17125035 125.568796296296 0.0781264588307212 0.000117579603634614 632.02886963
17125067 125.977395833333 0.101321120615206 4.88420557357266e-05 1145.05456543
17125068 125.995868055556 0.0889993715267802 5.13593950550684e-05 962.87945557
17126001 126.010810185185 0.0802238830375379 3.86210414550965e-05 914.02807617
17126002 126.032523148148 0.0764849135341506 3.81190897888207e-05 794.10748291
17126003 126.054236111111 0.0771329605034995 3.69737712504733e-05 793.11706543
17126004 126.077523148148 0.0774712204807861 3.77660409346635e-05 780.92993164
17126005 126.101956018519 0.0778466829565056 4.22371097542895e-05 713.88549805
17126006 126.123611111111 0.078742240862225 4.50483661564163e-05 655.67053223
17126007 126.144016203704 0.0796633218274873 4.56356483458635e-05 605.45208740
17126008 126.165428240741 0.0809352294323603 4.84299888581039e-05 567.13635254
17126009 126.188657407407 0.0827132479226344 4.91973457702623e-05 518.56555176
17126010 126.212164351852 0.0843823997950147 5.3534107577826e-05 488.39212036
17126011 126.233946759259 0.0862434832369759 4.49389873374584e-05 453.19781494
17126012 126.268206018519 0.0881618091206074 5.14304549723382e-05 393.45697021
17126013 126.298946759259 0.0899962966075105 6.2808058187903e-05 373.59979248
17126051 126.812962962963 0.0924572043604626 7.04344302334439e-05 1020.07226562
17126052 126.829768518519 0.0856919062812194 5.23570881126653e-05 937.30969238
17126053 126.85212962963 0.0791355420947577 5.07820647620707e-05 881.50616455
17126054 126.873865740741 0.0752656796009894 5.04195531584946e-05 819.06048584
17126055 126.895613425926 0.074565035263675 5.74650348088844e-05 794.94671631
17127006 127.104016203704 0.0878540576780536 4.96931826534351e-05 925.53436279
17127007 127.122291666667 0.083609194317462 5.53229225544582e-05 735.68872070
17127008 127.14380787037 0.0812515099012656 5.1801536343373e-05 860.39465332
17127009 127.166064814815 0.0766616652651136 5.0690152515968e-05 846.16314697
17127010 127.188055555556 0.0734216029679546 5.06445581855027e-05 774.96899414
17127011 127.209594907407 0.0733292254652773 4.84085676515475e-05 768.47900391
17127012 127.232268518519 0.0747863425538511 5.11740349353359e-05 790.78564453
17127013 127.253761574074 0.0757341101396477 5.22742196512922e-05 757.50494385
17127014 127.275162037037 0.076168127915101 5.88049772955545e-05 695.40667725
17127015 127.303344907407 0.0773257970117643 5.2616705752985e-05 644.09844971
17127016 127.326284722222 0.0786930546132731 5.62565948139566e-05 586.09631348
17127017 127.347719907407 0.0794838071659952 5.62284933935793e-05 548.42431641
17127018 127.370798611111 0.0813610736138706 5.21156972237707e-05 487.04177856
17127025 127.491828703704 0.0976825004555762 5.72009257375338e-05 1107.18127441
17127026 127.514224537037 0.0879415670400929 5.57006632362721e-05 965.86285400
17127027 127.535625 0.0837077888602148 5.32650403479961e-05 840.58288574
17127028 127.558831018519 0.0809420854836836 5.42266716106638e-05 838.20642090
17127029 127.580578703704 0.0793870294198317 5.01653466446982e-05 857.02905273
17127030 127.603263888889 0.0781991919206216 5.33783324572471e-05 821.98437500
17127031 127.625034722222 0.0750156371350755 4.87754139913395e-05 807.63806152
17127032 127.648888888889 0.0734244356021587 4.99038903550056e-05 720.50213623
17127033 127.670706018519 0.0732586190934348 5.07653761910875e-05 670.14593506
17127034 127.692280092593 0.0737158003717218 5.17856180154903e-05 607.40423584
17127035 127.71400462963 0.0746049994038795 5.46653819000683e-05 558.20880127
17127036 127.735474537037 0.0765173893356957 5.64640910774002e-05 537.53967285
17127037 127.756967592593 0.0771191072327895 6.27469121515928e-05 495.92990112
17128001 128.037094907407 0.0906376281509308 5.45568826812581e-05 1031.71887207
17128002 128.058483796296 0.08179954567884 5.22756610705252e-05 876.53344727
17128003 128.080219907407 0.076960872166914 6.26044539126678e-05 853.62988281
17128006 128.101956018519 0.0705398324243163 6.44302852556266e-05 754.28479004
17128007 128.116388888889 0.0677795726121999 4.65978436642909e-05 728.11779785
17128008 128.138090277778 0.0677935168957959 7.29189509531011e-05 700.69744873
17128009 128.148530092593 0.0689887797866486 4.32993585073129e-05 704.23699951
17128010 128.167060185185 0.0718776361194516 4.84511090999342e-05 736.40313721
17128011 128.188587962963 0.0733190835336093 5.03570848825219e-05 734.38201904
17128012 128.210277777778 0.0735177636618299 5.17294956044558e-05 676.56140137
17128013 128.231724537037 0.0746703145825789 5.2911582467715e-05 631.75018311
17128014 128.253576388889 0.0756145845165485 5.38935377425281e-05 552.06481934
17128015 128.276273148148 0.0769690013351073 5.62499847430513e-05 511.30252075
17128016 128.298900462963 0.0786371700613281 6.07678657729749e-05 471.41516113
17128017 128.320613425926 0.0793302587503647 0.000148716276094206 441.08432007
17128018 128.33806712963 0.0812970206187678 6.48744370985796e-05 413.14871216
17128019 128.35974537037 0.0829617500644477 0.000102316848695012 390.21469116
17128025 128.411643518519 0.0888517940812526 5.34694231199415e-05 1013.33160400
17128026 128.432962962963 0.0834138523404242 5.29929246768452e-05 901.87591553
17128027 128.454502314815 0.0804427794866035 4.90338268124624e-05 880.45709229
17128028 128.478530092593 0.0793906676169517 5.18413683250298e-05 836.27398682
17128029 128.5 0.0792314934810317 4.20756604101452e-05 848.94055176
17128030 128.521423611111 0.0787156987174953 5.24314106321759e-05 837.01184082
17128031 128.542835648148 0.0781777095703642 4.96123670570293e-05 828.18450928
17128032 128.565752314815 0.077414784942881 5.11402038200572e-05 790.32482910
17128033 128.587233796296 0.0774839439409975 5.13763263611537e-05 748.38006592
17128034 128.609305555556 0.077736637588677 0.000114946864934203 684.70324707
17128035 128.620138888889 0.0775901944791287 5.46614198604292e-05 649.63745117
17128036 128.64150462963 0.0771822603095495 5.27600891677878e-05 600.08190918
17128037 128.665081018519 0.0780443529101863 5.06550200401317e-05 556.89672852
17128040 128.733159722222 0.0817782132011672 5.25101288459627e-05 959.12689209
17128041 128.745555555556 0.0778732597187381 5.15425113046287e-05 834.96643066
17128042 128.767210648148 0.0769304734440878 5.14837069143514e-05 796.76385498
17128043 128.788935185185 0.0776943699236207 0.000113870162316782 810.05242920
17128045 128.800046296296 0.0773764576135051 9.97672996718537e-05 806.58648682
17128046 128.807743055556 0.0767434547564723 5.65223811881714e-05 841.72296143
17128047 128.817789351852 0.0768341348688816 5.1593078050471e-05 817.67352295
17128048 128.839606481481 0.0763264336835159 5.06165213564252e-05 801.67864990
17128049 128.861458333333 0.0751374346740298 5.05170509421481e-05 797.35498047
17128050 128.883287037037 0.0744816403842655 4.99685128577382e-05 779.81512451
17128051 128.904456018519 0.0732421802001613 5.00422754611791e-05 758.03912354
17128052 128.926296296296 0.0731844219163861 5.06658369630416e-05 678.78063965
17128053 128.947916666667 0.0738843474643865 5.20536270576645e-05 616.60681152
17128054 128.969652777778 0.0744125293447193 5.41878938194765e-05 559.25732422
17128055 128.99125 0.0748498720515989 6.13685805248799e-05 521.29913330
17129001 129.009652777778 0.073937124076742 0.000102584475358335 449.56921387
17129002 129.216793981481 0.0882306968272688 7.13375423044516e-05 957.13720703
17129006 129.249085648148 0.0777784031872471 5.12414873204382e-05 825.80432129
17129007 129.270740740741 0.0775114161168726 5.12985523418373e-05 810.96185303
17129008 129.292581018519 0.0769793035633294 5.21467229890134e-05 797.25598145
17129009 129.314016203704 0.076309905145054 5.20292388989527e-05 816.04571533
17129010 129.335763888889 0.0756087009653892 4.95857145044925e-05 795.70977783
17129011 129.35744212963 0.0746604707341823 4.47885119906501e-05 774.01953125
17129012 129.38412037037 0.0743638339748001 5.12680398789848e-05 738.48468018
17129013 129.405590277778 0.0750967964139473 5.11885648839879e-05 692.15527344
17129014 129.427280092593 0.0762533149105311 5.91205139931739e-05 621.64031982
17129016 129.447951388889 0.076361531045332 0.000109605705818408 568.93133545
17129018 129.455613425926 0.0770955444475891 8.04018714141499e-05 553.95330811
17129020 129.46775462963 0.0787675652356863 6.08890706976374e-05 518.19799805
17129022 129.489212962963 0.0801639020293389 8.27942371395487e-05 468.91403198
17129032 129.701168981481 0.0837946359125523 5.1714712692982e-05 964.19860840
17129033 129.722800925926 0.0731984405639333 4.84880969160601e-05 796.77062988
17129034 129.744583333333 0.076157260709551 5.08336766886913e-05 792.96734619
17129035 129.769201388889 0.0758734491735222 5.23436279974131e-05 772.06683350
17129036 129.790625 0.0750269869828735 5.19264273895407e-05 809.33593750
17129037 129.812094907407 0.074485993475895 5.03287071484146e-05 783.89685059
17129038 129.833935185185 0.0729967980449933 4.7931128060812e-05 791.90985107
17129039 129.856215277778 0.0731700241978267 5.00054881718905e-05 752.80828857
17129040 129.877858796296 0.0739271035834704 5.04167473500567e-05 714.75329590
17129041 129.899537037037 0.0748419096732142 5.27989497852161e-05 661.06292725
17129042 129.921481481481 0.0757840294433541 5.33879339636297e-05 611.56176758
17129043 129.943229166667 0.0772773263916473 5.76140075332834e-05 555.19976807
17129044 129.96494212963 0.0783708315206547 5.45961641672904e-05 523.13592529
17130001 130.026875 0.0892842293453889 5.66994364843277e-05 958.09277344
17130002 130.048368055556 0.083897440519426 5.3670234596302e-05 904.10919189
17130003 130.069918981481 0.0813284050674192 5.18262147135946e-05 873.87890625
17130004 130.091412037037 0.0800407196164273 5.21724208153259e-05 852.18041992
17130005 130.113356481481 0.0792866610130824 5.20128784085165e-05 841.67150879
17130006 130.13505787037 0.078458361179823 5.91427820408711e-05 823.93048096
17130007 130.156446759259 0.0770792518251565 7.67976342769394e-05 821.36724854
17130008 130.177824074074 0.0759195587714834 5.15349458458397e-05 780.33435059
17130009 130.199421296296 0.0763512013005352 5.16712507450683e-05 729.12091064
17130010 130.221331018519 0.0769226243903992 5.32958227166979e-05 689.50628662
17130011 130.243530092593 0.077746031658931 5.45126104334114e-05 617.08697510
17130012 130.264976851852 0.0789704449842288 8.32632108567013e-05 572.20526123
17130013 130.279259259259 0.0792262001689783 8.98674301578097e-05 551.37475586
