17038050 38.5090856481482 0.0836689946241402 7.33158624746898e-05 1.84548497
17038051 38.5237731481481 0.0833831837211191 0.000203294845777623 1.68235695
17038052 38.5264699074074 0.0825552106309374 7.91716758884775e-05 1.66410768
17038053 38.5402546296296 0.0784158533376257 0.000164380433142164 1.31899691
17038054 38.5624305555556 0.078863597742237 0.000136769263593761 1.17530954
17038055 38.5684143518518 0.0780492156363701 0.000129479429478715 1.13515854
17038063 38.6804166666667 0.0945137289771208 7.3336284800354e-05 2.19999218
17038065 38.7004050925926 0.0855681690901577 0.000134341817553386 1.71274149
17038067 38.7097800925926 0.0831088748391634 7.03020133271106e-05 1.59971309
17038068 38.7297685185185 0.0812176646063501 0.00018312493575147 1.43914664
17038071 38.7399074074074 0.0800541561561978 0.000121109862415543 1.37511349
17038072 38.7494328703704 0.0802170594864412 0.000167369668055298 1.35542500
17038073 38.7541435185185 0.0795193621211707 7.5921694855979e-05 1.29510903
17038081 38.8842939814815 0.10023005013065 0.000600264989466323 3.29397488
17038082 38.8860416666667 0.0981623909091014 0.000445627130119312 3.09754133
17038084 38.890150462963 0.0979959201874283 0.000250297895782659 2.73460484
17038085 38.893599537037 0.0930267585048541 9.54609035884497e-05 2.59170651
17038086 38.8992824074074 0.0893010842356945 0.000100075652758377 2.27344203
17038088 38.9116550925926 0.0832548870134958 7.05701692531121e-05 1.92864227
17038089 38.9223032407407 0.0815505649647557 0.000165239303640333 1.79942560
17038090 38.9265393518519 0.0802411214551474 6.67943214868453e-05 1.74744594
17038091 38.9497916666667 0.078417442454074 7.5525547600315e-05 1.55580509
17038094 38.9689467592593 0.0773413570260238 0.000106977489316868 1.41815269
17038095 38.9775925925926 0.0768803203468081 0.00010558475317394 1.40196908
17039006 39.0505439814815 0.101629812211901 0.00025439047462057 2.98244524
17039007 39.0544444444444 0.0920840215319981 5.687134911027e-05 2.67396593
17039008 39.0719907407407 0.0855461947981934 7.46911027912324e-05 1.97451580
17039009 39.0883101851852 0.0816441211135165 7.67870101719829e-05 1.66875863
17039010 39.1039236111111 0.0803061782684677 7.93594728503711e-05 1.52085757
17039011 39.1191898148148 0.079511204609011 8.18016069459125e-05 1.42275667
17039012 39.1337731481481 0.0791675174716372 0.000107431232908175 1.36203814
17039016 39.2249652777778 0.101305779032448 5.46625306660869e-05 3.17439747
17039017 39.2430902777778 0.0898301819007676 7.82038627322234e-05 2.10790038
17039018 39.259212962963 0.0847996269958638 7.84124641423373e-05 1.75907159
17039019 39.2747685185185 0.0820075882234031 7.91780726384257e-05 1.56366897
17039020 39.290625 0.0813313142473756 8.20387840406632e-05 1.43440747
17039021 39.3055671296296 0.0812276468201955 8.81477189829393e-05 1.35156369
17039022 39.3193055555556 0.0807775788201974 8.11780318934327e-05 1.33040726
17039023 39.3349884259259 0.0810057033698214 8.83314497971134e-05 1.26448023
17039028 39.4602893518518 0.100332829022889 7.30134821284538e-05 3.01396585
17039029 39.4746990740741 0.0911792027476716 8.20091801049573e-05 2.22501349
17039030 39.4826851851852 0.0859635944144252 7.76089525853914e-05 2.01338577
17039031 39.4979050925926 0.0837635664587438 0.00014215911397713 1.76166427
17039041 39.5170717592593 0.0797660265402114 8.31900581376716e-05 1.56991231
17039042 39.5304861111111 0.0792213080582012 0.000601547577362572 62.84575272
17039043 39.5317708333333 0.0781977454683544 0.000181419739035399 60.35675812
