17076044 76.8436458333333 0.731170285976591 0.000520435473760684 1.16177666
17076045 76.8503703703704 0.709042304836562 0.00290500284724763 1.14596224
17076046 76.8522800925926 0.72801490307549 0.000289060758473113 1.13863206
17076048 76.8760069444444 0.731529527641629 0.000286323334463078 1.10864818
17076049 76.8975115740741 0.729213561514897 0.000293906359425963 1.12932074
17076051 76.9204398148148 0.732513687159806 0.000289428565119089 1.14006758
17076052 76.9419097222222 0.731540930318327 0.000222741814211878 1.18623579
17076053 76.9524884259259 0.73214944915032 7.78866828684434e-05 1.19349456
17076054 76.9704282407407 0.734574739244833 0.000277118991431581 1.23416948
17076055 76.9926851851852 0.730076679820905 0.000287951307691412 1.25584912
17077002 77.0152893518518 0.731683652131232 0.000297199072539861 1.26545894
17077007 77.0945717592593 0.742506534675615 0.000306459758732191 1.16630888
17077008 77.1163194444444 0.747519530552306 0.000366446946759382 1.11042547
17077009 77.1762037037037 0.733153711756236 0.000260280417165787 1.30455279
17077010 77.2006365740741 0.728045627258778 0.000289722129678226 1.08851981
17077011 77.2222685185185 0.727055727687873 0.000315541828850639 1.06403351
17077015 77.2483101851852 0.728721908452858 0.000289853693870312 1.10389590
17077016 77.2700231481481 0.72850616011292 0.000285467560347845 1.12799811
17077017 77.3053240740741 0.72951788907124 0.000379054853968833 1.15776825
17077031 77.634537037037 0.729496494684193 0.000289276399572681 1.17134905
17077032 77.6559837962963 0.725170731114259 0.000281486349479179 1.11753392
17077033 77.678599537037 0.728168771777591 0.000283896405881297 1.13636482
17077034 77.7000115740741 0.730404510527607 0.000286477246412138 1.16966331
17077035 77.7217708333333 0.728425250435568 0.000379454022054542 1.20015836
17077036 77.734537037037 0.728077707575576 0.000975398568620772 1.21855068
17077037 77.7383912037037 0.730685049370427 0.000493823038584523 1.19249988
17077039 77.7534375 0.726716482431525 0.000278101349450186 1.22827923
17077040 77.7749074074074 0.726874205966321 0.000357677009822931 1.22303045
17077042 77.9223263888889 0.729433718427542 0.00028085948226479 1.18329847
17077043 77.9433680555556 0.728579979537376 0.000297485228141078 1.07542837
17077044 77.9646759259259 0.729360363136593 0.00030265257605456 1.03220987
17077045 77.9863541666667 0.728324051108719 0.000304985680703587 1.00000000
17078001 78.0080092592593 0.728858328235723 0.000304700927005373 1.00000000
17078002 78.0299884259259 0.729962721861789 0.000590631759116942 1.01059532
17078003 78.0390277777778 0.727722895784391 0.000578830535603335 1.00120080
17078004 78.0458564814815 0.730769455840718 0.000275752291256328 1.01090074
17078005 78.0696875 0.737444471695669 0.000287560481681946 1.04239464
17078006 78.0914236111111 0.732307204606363 0.000281673228345283 1.16429079
17078007 78.1130439814815 0.739459437985656 0.000278334281876746 1.20271337
17078008 78.1346412037037 0.747193970458217 0.000269556050161403 1.19870460
17078010 78.1591087962963 0.766675472356277 0.000235615205943903 1.07489264
17078011 78.1890972222222 0.777951943016624 0.000264295701269662 1.00000000
17078012 78.2123842592593 0.788469120895417 0.000269384707024982 1.00000000
17078013 78.2340740740741 0.796534621581862 0.000377974241645297 1.00000000
17097024 97.7655555555556 0.750565524094015 0.000614246369494642 1.11311769
17097025 97.7732523148148 0.00123456349194932 0.00173725833946284 1.00000000
17097026 97.7753703703704 0.738011818308006 0.000455548991144349 1.00000000
17097031 97.8025810185185 0.7220479416361 0.000738622616177898 1.11646807
17097034 97.8096990740741 0.00680170844171471 0.00361534359744384 1.07564473
17097035 97.8112268518519 0.690745208935103 0.00424499899750462 1.06700289
17097036 97.8175578703704 0.723510795257412 0.000750982446951438 1.05338717
17097038 97.826724537037 0.66968602280365 0.00625551232743744 1.02586377
17097039 97.8282986111111 0.679544559028728 0.00616567037299384 1.02313292
17097042 97.8463425925926 0.733946695116963 0.000374716123864908 1.00000000
17097046 97.8818055555555 0.76294545310471 0.00030369229416751 1.00000000
17097047 97.9035185185185 0.771470189837063 0.000770625474636894 1.00000000
17097048 97.9118287037037 0.77908070379482 0.000299949978724723 1.00000000
17097049 97.9336111111111 0.785579713757868 0.000446543107435315 1.00000000
17097050 97.9439236111111 0.793049168588557 0.000300642956974149 1.00000000
17098002 98.0407407407407 0.727603596843501 0.000395976555254845 1.00000000
17098003 98.061724537037 0.721055406651811 0.000288254479929971 1.13837218
17098004 98.0834953703704 0.722508072818908 0.000302490040365699 1.03527033
17098007 98.1103009259259 0.721494602240874 0.000311486669778369 1.00000000
17098008 98.1321064814815 0.733121826404915 0.000304510582818993 1.00000000
17098010 98.1643981481482 0.757794910422902 0.000304470548761956 1.00000000
17098011 98.1863078703704 0.772170845543355 0.000305358155952821 1.00000000
17098012 98.2080208333333 0.784902423890344 0.000304127652231749 1.00000000
17098013 98.2297569444444 0.798969218463566 0.000300785125933693 1.00000000
17098014 98.2516666666667 0.80895312536132 0.000373660280846891 1.00000000
17098015 98.2667592592592 0.816415895396812 0.000299267774431507 1.00000000
17098016 98.2889351851852 0.824771129721379 0.000298142816183404 1.00000000
17098017 98.313287037037 0.825806809889079 0.0018492624671822 1.00000000
17098018 98.3273032407408 0.833764772044111 0.000773237747783914 1.00000000
17098021 98.3347222222222 0.839424614214115 0.000442977942035898 1.00000000
17098033 98.4403125 0.719618459997385 0.000402970954827303 1.48621690
17098035 98.4521643518519 0.721601623984804 0.00028411131467009 1.24744332
17098036 98.4742361111111 0.729856650408334 0.000294623256357347 1.10140264
17098037 98.4959953703704 0.724053524161806 0.000308107393208087 1.00000000
17098038 98.5179166666667 0.727887820875863 0.000305426566772541 1.00000000
17098039 98.5396759259259 0.736981158000532 0.000305348673531795 1.00000000
17098040 98.5615856481481 0.747420331003223 0.000302960660641685 1.00000000
17098043 98.5879166666667 0.757175965601621 0.000359193641385863 1.00000000
17098045 98.6080208333333 0.771024072353412 0.000301146776200119 1.00000000
17098046 98.6300925925926 0.78466735903404 0.000296725845246903 1.00000000
17098047 98.6538773148148 0.798809387248819 0.00030099926616322 1.00000000
17098048 98.6756018518519 0.807902523527641 0.000410066032732974 1.00000000
17098050 98.6904861111111 0.809148141416851 0.00155753823380785 1.00000000
17098059 98.8078703703704 0.719347362187014 0.000278316507058001 1.21501315
17098060 98.8295601851852 0.716009803823597 0.00028136979588868 1.18775666
17098061 98.8515509259259 0.719642800961461 0.000277510359169234 1.19304931
17098062 98.8733680555555 0.717343543259005 0.00041090825778135 1.24236989
17098063 98.8875694444445 0.719139396140307 0.000274989618295102 1.22623372
17098064 98.9092592592593 0.718846747832712 0.000284245522284373 1.14864147
17098065 98.931412037037 0.719049041244238 0.000284844335447319 1.17245412
17098066 98.9530671296296 0.723713560660658 0.000288981796753617 1.20100558
17098067 98.9740625 0.719162401414987 0.000280148228076317 1.18401122
17098068 98.9960416666667 0.726531911782833 0.00028495963660222 1.15257227
17099001 99.0177777777778 0.734599633228064 0.000287647072600855 1.10976446
17099002 99.0393865740741 0.749336995118565 0.00028486302022526 1.02680206
17099004 99.0671180555556 0.761583490530187 0.000283074722494348 1.00000000
17099005 99.089212962963 0.774684197482376 0.000272874890988347 1.00000000
17099006 99.1120023148148 0.786781760145104 0.000280493047073563 1.00000000
17099007 99.1338888888889 0.796753158898563 0.000345798062053772 1.00000000
17099010 99.2425578703704 0.717760744691107 0.000281563827706684 1.27894461
17099011 99.2633680555555 0.720707835319508 0.000289519885414789 1.19514441
17099012 99.2852083333333 0.718773621906372 0.000298754805874537 1.04823899
17099013 99.3071643518519 0.723386194335343 0.0002918588861424 1.06947136
17099015 99.3511111111111 0.729301656478391 0.000280990129657225 1.14486551
17099016 99.3734027777778 0.722292954151176 0.0002837900351781 1.22534597
17099017 99.3951851851852 0.722915906219471 0.000272293359319105 1.19982052
17099018 99.4177199074074 0.72656472341054 0.000281460720530472 1.22142446
17099019 99.4396064814815 0.73196002644969 0.000280613681857026 1.17988670
17099020 99.4614814814815 0.739237415941067 0.000275025595995304 1.11046660
17099021 99.4847685185185 0.752909404772608 0.000271124622099508 1.00000000
17099022 99.5090046296296 0.759145060825057 0.000284834780575936 1.00000000
17099023 99.5308101851852 0.772895047248888 0.000278939676544067 1.00000000
17099024 99.5527777777778 0.78346817362602 0.000302494441707415 1.00000000
17099030 99.6923263888889 0.718907104935349 0.00148105216340847 1.26500905
17099031 99.6941898148148 0.717126250248297 0.000761563346716379 1.24464381
17099032 99.7026157407407 0.712763621548966 0.00161278280666558 1.21650720
17099033 99.706099537037 0.719241722898369 0.000284445361830893 1.19286501
17099034 99.7279282407408 0.720167468758343 0.000298802191925005 1.07265997
17099035 99.8397337962963 0.721538481961996 0.000293438064395633 1.00000000
17099036 99.8614351851852 0.719897251178773 0.000279493500644985 1.18941307
17099038 99.8833912037037 0.722236317618887 0.000288484817427406 1.16242445
17099039 99.9051388888889 0.724406617155439 0.000279814303955221 1.20929766
17099040 99.9267708333333 0.72137671077204 0.000288857100173188 1.14976215
17099041 99.9481018518518 0.719853674529901 0.000289310895912542 1.17439592
17099042 99.969837962963 0.730541629566864 0.000296658297755206 1.10969365
17099043 99.9946180555556 0.723202899719204 0.000280762582036024 1.16871083
17100001 100.016388888889 0.727504846614455 0.000275039111845176 1.19096053
17100002 100.038171296296 0.735447133419471 0.000285024479689181 1.10309446
17100003 100.059930555556 0.741588175121964 0.000284854293312462 1.08855939
17100004 100.081608796296 0.750319283041951 0.000282177344693022 1.01609123
17100005 100.103831018519 0.762964435711651 0.000286658573747723 1.00000000
17100006 100.125601851852 0.773734427717698 0.000281338614985486 1.00000000
17100007 100.147430555556 0.785013702216291 0.000336203969134658 1.00000000
17100008 100.229039351852 0.721518527537651 0.000487332968320159 1.22502327
17100009 100.241041666667 0.718051144984461 0.00028507833739575 1.16455543
17100010 100.262708333333 0.720886716306684 0.000282023849154819 1.16586292
17100011 100.285578703704 0.720301526824779 0.000289730112175053 1.18114412
17100012 100.307418981481 0.726923686472069 0.000276376811452618 1.21056604
17100013 100.329548611111 0.720005176276318 0.000286594378728133 1.18601000
17100014 100.351331018519 0.72346775612672 0.000290493018473729 1.15217233
17100015 100.373912037037 0.726300245825486 0.000290734709852589 1.13995802
17100016 100.395474537037 0.724358217750271 0.000291840807893339 1.07305288
17100017 100.417314814815 0.736032761458164 0.000298567631387931 1.10314608
17100018 100.438587962963 0.75565580186296 0.000287830979452288 1.02325344
17100019 100.460289351852 0.775756058334548 0.000286805097676547 1.00000000
17100020 100.481967592593 0.79116527432412 0.000280807034570327 1.00000000
17100021 100.503796296296 0.800285937479181 0.000281836488996928 1.00000000
17100022 100.525520833333 0.813360314259046 0.000308055771920243 1.00000000
17100024 100.549490740741 0.821439846473012 0.000271882852480058 1.00000000
