17058002 58.0438078703704 0.0915320421657974 5.71216751936894e-05 1063.18969727
17058003 58.0645717592593 0.0805083113611807 7.19375471511657e-05 885.14678955
17058004 58.0785532407407 0.0756982739937455 0.000101567716800648 800.96197510
17058005 58.085462962963 0.071597420024021 4.82602906779934e-05 756.99249268
17058006 58.1072800925926 0.0694946943180878 4.86073680515081e-05 742.65863037
17058007 58.1290625 0.0689565859463248 5.93899170921084e-05 726.30664062
17058008 58.1456018518519 0.0689501204892629 5.40402909052732e-05 731.12963867
17058009 58.1628356481482 0.0714244236737309 5.01334130601791e-05 741.09039307
17058010 58.184375 0.0723180448288925 5.00306088423466e-05 746.85485840
17058011 58.2054861111111 0.0729102092374679 5.01385716889088e-05 727.66705322
17058012 58.2270601851852 0.07136133365335 5.52579507646307e-05 686.45800781
17058013 58.2487731481482 0.072068604122875 5.27861314945841e-05 639.39001465
17058014 58.2704513888889 0.0723041112206872 5.07483775978558e-05 622.90972900
17058015 58.2919328703704 0.0726946597882348 0.000179068714076298 592.48205566
17058025 58.4066666666667 0.0611697095812192 4.24354642665491e-05 648.51641846
17058026 58.4284606481482 0.0583943645315872 4.19622063703934e-05 625.54315186
17058028 58.4518402777778 0.0597494427568837 4.25623316540811e-05 605.92828369
17058032 58.4755439814815 0.0624961629892351 4.41981047226634e-05 655.83782959
17058033 58.4971412037037 0.0613941655016616 4.46512554916484e-05 674.01940918
17058034 58.5179282407407 0.066704588820629 4.59979582456451e-05 568.07427979
17058035 58.5394675925926 0.0710315450241957 4.79780773168691e-05 727.99340820
17058036 58.5611458333333 0.0735297725921242 4.87723442146684e-05 752.80914307
17058037 58.5828240740741 0.0749825971756238 4.87735036905895e-05 665.65161133
17058038 58.6070717592593 0.0773610614263738 5.43334470392158e-05 640.74902344
17058039 58.6276851851852 0.0784617068273798 5.75433462001096e-05 643.07769775
17058041 58.7604976851852 0.0757239614936072 4.7805439628899e-05 796.87292480
17058042 58.7769675925926 0.0672823134498909 4.37210732877311e-05 732.61254883
17058043 58.8002083333333 0.0609589807661764 4.26624183663174e-05 666.16406250
17058044 58.8217592592593 0.0585996151951677 6.6335032869597e-05 615.71374512
17058045 58.8322222222222 0.0573775779491153 4.1643124238109e-05 615.32781982
17058046 58.8540046296296 0.0573907620228599 3.83353722019694e-05 603.92584229
17058047 58.8787152777778 0.0582777901299799 4.12624883653018e-05 608.09094238
17058048 58.9010069444444 0.0602421011575204 0.000250674220675537 638.51843262
17058049 58.9069675925926 0.0612286547673535 5.15664712818598e-05 638.79699707
17058050 58.9266319444444 0.0627280052065796 0.000123272532724157 664.95910645
17058051 58.9341550925926 0.064253946463877 0.000109421582102784 658.72320557
17058052 58.9413773148148 0.0659257421540842 4.46845668607218e-05 707.89538574
17058053 58.9639467592593 0.0673006082598971 4.51122360609702e-05 691.92822266
17058054 58.9860648148148 0.0725947956811324 4.73605286148175e-05 743.34826660
17059001 59.007974537037 0.0734177498723276 4.95126933815943e-05 705.63708496
17059002 59.0302893518518 0.0740170454005361 6.66002972193797e-05 667.29193115
17059003 59.0502546296296 0.0748629878167422 5.1251891563491e-05 644.33886719
17059004 59.0720949074074 0.07566419311399 7.58224954735358e-05 623.63275146
17059006 59.1431712962963 0.0660591787567965 4.58111149455739e-05 623.38275146
17059007 59.1649305555556 0.0607378794438101 4.49609482709257e-05 663.34283447
17059008 59.1849652777778 0.0568107285163264 4.07913542591373e-05 606.17425537
17059009 59.2064467592593 0.0546286110651243 3.97754506883327e-05 578.22259521
17059010 59.2278935185185 0.054418881271191 4.05185559340963e-05 561.43658447
17059011 59.2491203703704 0.0554950053850293 4.08656640122519e-05 584.26361084
17059012 59.2703819444444 0.0576043636224098 4.17148581365492e-05 588.98791504
17059013 59.2918865740741 0.0595090086516685 4.00568880672512e-05 615.17181396
17059014 59.3151041666667 0.0601919789727931 7.28221369131204e-05 635.05322266
17059015 59.3231597222222 0.0614039552487214 0.000262977802093859 639.41558838
17059017 59.3266898148148 0.0622717553083477 4.36350126290197e-05 626.36505127
17059018 59.3485300925926 0.065602869328445 4.35413000778956e-05 665.14471436
17059019 59.3712152777778 0.0670918814906627 4.57846155144546e-05 684.60186768
17059021 59.3939930555556 0.0656419138653276 0.000100510058578262 711.53497314
17059026 59.626087962963 0.0702341301902119 4.19364908315343e-05 752.83135986
17059027 59.6454050925926 0.0671763799298079 0.000156931441932723 709.05804443
17059028 59.6490625 0.0635247567133962 4.28740266562827e-05 709.68170166
17059030 59.6740856481482 0.0579529825156168 3.63772206607392e-05 640.84143066
17059031 59.7025 0.0566963007134674 3.6210838922921e-05 603.45178223
17059032 59.7309606481481 0.057435533998517 4.16600591974174e-05 591.45367432
17059033 59.7531018518518 0.0582759921393856 4.33117600718585e-05 620.82086182
17059034 59.7732523148148 0.0601725091911729 4.12200869192318e-05 625.62713623
17059035 59.7960300925926 0.0631334429944434 4.41309890968505e-05 640.62359619
17059036 59.8175578703704 0.065112868102717 4.48409285321685e-05 674.37835693
17059037 59.8395601851852 0.0691967994189774 4.66346339993462e-05 703.72576904
17059038 59.8610532407407 0.072851192567856 4.86943955855571e-05 727.06323242
17059039 59.8829976851852 0.0736147706838511 4.9217529824433e-05 736.92150879
17059040 59.905 0.0738831417950009 6.21394045440978e-05 709.59271240
17059041 59.9195138888889 0.0738418278785331 5.21448868122816e-05 661.54101562
17059042 59.9401388888889 0.075202778529927 5.89883030768102e-05 645.31506348
17060006 60.2047337962963 0.0793275992844593 4.51877343504011e-05 855.18719482
17060007 60.2255555555556 0.0751053989559354 4.80655590629317e-05 803.84649658
17060008 60.2471875 0.06643203527923 4.48331236429045e-05 743.72821045
17060009 60.269375 0.0613356313187424 4.43542611825325e-05 658.92382812
17060010 60.2904166666667 0.0578403074368321 4.25203921691391e-05 637.91326904
17060011 60.3116898148148 0.0585581127914142 4.23035258980753e-05 627.41662598
17060012 60.3331365740741 0.0576703552417188 3.91720311554093e-05 627.27673340
17060013 60.3571296296296 0.0584094638102392 0.000253140368057834 611.52886963
17060014 60.3585416666667 0.0592374410936971 4.37348087875274e-05 615.25805664
17060015 60.3784722222222 0.0615162296064219 4.35541809981116e-05 637.19085693
17060017 60.4043865740741 0.064054109292773 4.43138365134441e-05 667.99957275
17060018 60.4262847222222 0.0671529269855803 4.62692971329383e-05 680.59307861
17060019 60.4478009259259 0.0694975371601489 5.67367259594856e-05 711.59832764
17060020 60.4641087962963 0.069955761812172 4.8557077418669e-05 684.46661377
17060021 60.4857291666667 0.0714754887149289 5.37965688584591e-05 666.76977539
17060022 60.5042476851852 0.0717671704611019 5.01198999875144e-05 613.10308838
17060023 60.5262152777778 0.0717106728631385 0.000161770230467116 604.01934814
17060034 60.5979976851852 0.064864112786407 4.42037594970099e-05 759.32318115
17060035 60.6189236111111 0.0591043689820146 4.33502938956386e-05 659.05102539
17060036 60.6404976851852 0.0563901451801994 4.14049744559454e-05 602.45971680
17060037 60.6627546296296 0.0571606360753292 8.03682525349544e-05 580.90228271
17060038 60.7720949074074 0.0734079202041755 4.93920973306703e-05 921.30584717
17060039 60.7914814814815 0.0624851493245832 4.4022633644968e-05 686.59674072
17060040 60.8135648148148 0.0565861795446626 4.07508097435592e-05 560.57641602
17060041 60.835474537037 0.0548898734685762 4.10646134011595e-05 563.98663330
17060042 60.8571759259259 0.0545120222199293 3.972418821113e-05 503.80880737
17060043 60.8791203703704 0.0538374180096731 4.02336546610865e-05 535.95715332
17060044 60.901087962963 0.0590831497314456 4.69008775560011e-05 604.55786133
17060045 60.9190277777778 0.0613254726456214 4.26600088820085e-05 602.01232910
17060046 60.9419560185185 0.0645244173643443 4.38853310819558e-05 654.43109131
17060047 60.9649537037037 0.0669488315381979 4.66572842133776e-05 689.76190186
17060048 60.9867939814815 0.0662985900155738 0.000315151258706581 677.48394775
17060049 60.9894675925926 0.067350467186527 4.68627615432894e-05 676.36419678
17061001 61.0105324074074 0.0680303607744357 4.78677335465934e-05 646.19885254
17061002 61.0321296296296 0.0689667969183403 4.09853842116919e-05 611.15051270
17061003 61.1767476851852 0.0661299758024701 4.68256882770702e-05 784.29534912
17061004 61.1998032407407 0.0581675732043969 4.09923396292225e-05 630.00952148
17061005 61.2214467592593 0.0537581447273733 4.01079182127304e-05 584.79296875
17061006 61.2430092592593 0.0522834477412261 3.88468471370846e-05 543.76605225
17061007 61.2644907407407 0.0516290440852264 3.90652786813509e-05 557.13745117
17061008 61.2859375 0.04847241634045 4.06353831711595e-05 431.88409424
17061009 61.3072569444444 0.045037184648002 4.38397489344966e-05 342.00183105
17061010 61.3263078703704 0.0557573361597939 4.3861422760283e-05 276.41992188
17061011 61.3484606481482 0.0615176307166785 8.5397781769207e-05 651.91473389
17061012 61.3545023148148 0.0630907216651493 4.3892645142e-05 685.87951660
17061013 61.3763888888889 0.0651287923260928 4.48503049346528e-05 618.20263672
17061014 61.3992361111111 0.0694090303486331 4.62778807167298e-05 719.56555176
17061015 61.4213773148148 0.0705626624269213 7.04021047235773e-05 678.48065186
17061016 61.4320023148148 0.0707327317803512 7.59389310885432e-05 666.80029297
17061017 61.4428356481482 0.0706409369014483 0.000132307165037627 650.86968994
17061026 61.5925231481482 0.0668628451548194 6.24594644993349e-05 1043.27209473
17061027 61.6041319444444 0.06255561373091 6.56216341803958e-05 667.57745361
17061028 61.6159606481482 0.0600818142451212 7.24367677478373e-05 647.16149902
17061030 61.6265972222222 0.0572045606136826 6.06198171512393e-05 618.67218018
17061031 61.6354166666667 0.0553745064028604 8.3182587203973e-05 593.76702881
17061032 61.6398148148148 0.0540453884243701 3.9658241441982e-05 596.95495605
17061033 61.6619097222222 0.0526672906132925 3.8911928801445e-05 550.94512939
17061034 61.6843287037037 0.0540333309094579 3.99587768279094e-05 577.70849609
17061035 61.7069907407407 0.0530930053763197 4.00539224791443e-05 589.09197998
17061036 61.7287731481482 0.0562214288584577 4.18333124670331e-05 554.34753418
17061037 61.7504976851852 0.0585007275325109 5.7952879439851e-05 583.19879150
17061038 61.7623611111111 0.0612125731921764 4.39838823079987e-05 630.26788330
17061039 61.7840625 0.0647274832067842 4.59047304879006e-05 663.60479736
17061040 61.8058101851852 0.0657167573087609 4.65467282635242e-05 684.63385010
17061041 61.8274421296296 0.0657134356781687 4.66599843639719e-05 649.26696777
17061042 61.8496759259259 0.0660591250859981 4.74629507623138e-05 580.75415039
17061043 61.8711226851852 0.0666158529001968 4.79912398108726e-05 555.06030273
17061044 61.8942939814815 0.0660437121155346 4.77016484288363e-05 517.07891846
17062047 62.8683449074074 0.0973288584544616 9.65593566747724e-05 1166.17565918
17062048 62.875462962963 0.0813513100334054 5.08843716310587e-05 1077.15747070
17062049 62.8974074074074 0.0729168326878428 9.82945028233146e-05 781.19647217
17062050 62.9059027777778 0.0666739334983351 4.6271997313483e-05 746.38745117
17062051 62.9279166666667 0.0625064176553565 4.83279550488668e-05 671.04095459
17062052 62.9453935185185 0.0615534313987811 4.78479250484233e-05 656.09851074
17062053 62.9633217592593 0.0605210777452701 4.2329163538149e-05 633.78576660
17062054 62.9861342592593 0.0627349826457463 3.70387395258782e-05 579.47509766
17063001 63.0177430555556 0.0653427297304329 4.65790864551793e-05 695.35614014
17063002 63.0393981481481 0.0677249788653259 4.54907451868728e-05 695.69927979
17063003 63.0614236111111 0.0699023928881405 4.74446762916899e-05 711.83197021
17063004 63.0829861111111 0.0712198037013022 4.87167245063416e-05 712.18225098
17063005 63.1046527777778 0.0717399410399202 4.98196141491098e-05 691.36517334
17063006 63.1265046296296 0.0724251468781972 4.90654431389491e-05 643.39520264
17063007 63.1493981481482 0.0738053395882043 4.89664317398886e-05 613.07537842
17063008 63.1736805555556 0.0757198782628121 4.92303716354475e-05 581.18572998
17063009 63.2848958333333 0.0823165339111212 0.000121178443776051 947.35198975
17063010 63.2888194444444 0.0731386608543949 4.64031095125082e-05 821.41308594
17063011 63.3119560185185 0.0646183944763417 4.44815189423261e-05 742.61206055
17063012 63.3341782407407 0.0600005660442661 5.81849479617475e-05 650.32556152
17063034 63.8396180555556 0.0765503281317952 0.000101635593346277 916.05218506
17063035 63.8437731481482 0.07212108647261 7.51419812277441e-05 865.13873291
17063036 63.852337962963 0.0673479610666746 7.16278862516133e-05 703.52551270
17063037 63.8585069444444 0.064464467981716 7.52956625657186e-05 688.44311523
17063038 63.8665393518519 0.061432550821225 5.5662552403884e-05 654.79461670
17063039 63.8756134259259 0.0597169608399452 9.19338966902132e-05 623.82702637
17063040 63.8813194444445 0.0580685935443273 6.15308236291623e-05 629.34588623
17063041 63.8891203703704 0.0571176740961109 9.32694369104846e-05 610.77478027
17063042 63.8968865740741 0.0557836198930209 9.35712417403069e-05 592.83117676
17063043 63.9046643518518 0.055213011623734 8.29673509961857e-05 609.88171387
17063044 63.9103935185185 0.0549223820302045 5.22045001755512e-05 574.44006348
17063045 63.9197222222222 0.0545976847572945 3.93573734997705e-05 559.08843994
17063046 63.9433564814815 0.055310368995337 6.03945278462401e-05 586.05639648
17063047 63.9561226851852 0.0565573673779186 4.06002277069458e-05 564.35174561
17063048 63.9790509259259 0.0589951986729754 4.13281308165981e-05 606.37231445
17064001 64.0015162037037 0.0609689661242346 5.04651774941738e-05 644.71075439
17064002 64.0184606481481 0.0634994649209355 4.43818031360625e-05 655.60668945
17064003 64.0406597222222 0.0655953301395431 4.26379345050263e-05 671.76220703
17064004 64.064837962963 0.0680934365466634 0.000108063879663557 721.37774658
17064005 64.0710532407407 0.0701798385242303 5.08755462299889e-05 713.37872314
17064006 64.0921875 0.0714956538003714 4.92178725349823e-05 732.69006348
17064007 64.1174189814815 0.0730617173117787 4.91687016503537e-05 679.70074463
17064009 64.1434259259259 0.0742065444013086 5.3729607880704e-05 646.81414795
17064010 64.1634027777778 0.0738128584529916 0.000118518559606016 612.00201416
17064011 64.2706597222222 0.0730369865135337 3.82647893014899e-05 822.40692139
17064012 64.292349537037 0.0641126030924614 4.33337417658253e-05 719.20983887
17064013 64.315474537037 0.05851185034298 4.17688715438652e-05 648.74346924
17064014 64.3380671296296 0.0560605123089053 3.94804568540823e-05 620.72827148
17064015 64.3614814814815 0.0561998391029171 4.06192458439778e-05 585.82019043
17064016 64.3833449074074 0.0570278673525228 4.03909745236123e-05 587.39556885
17064017 64.407025462963 0.058162202839351 4.05359780453086e-05 605.70098877
17064018 64.4302430555556 0.0606670568428778 4.27232530250271e-05 638.36242676
17064019 64.4525115740741 0.0628872377867958 4.45995761071354e-05 645.83203125
17064020 64.4741898148148 0.065603543816017 4.27118271267797e-05 689.94348145
17064021 64.4985532407407 0.0680913721578147 4.63738679766383e-05 688.20306396
17064022 64.5206481481482 0.0694633494047711 4.805364950606e-05 713.50012207
17064023 64.5417361111111 0.0702521682204913 4.92766301351226e-05 686.86260986
17064024 64.5634259259259 0.0710773823679176 4.92536555099436e-05 655.03149414
17064025 64.5851157407407 0.0724160103907704 7.87373464151819e-05 605.88354492
17064035 64.7382523148148 0.0722570418881128 4.57730411723822e-05 929.27081299
17064036 64.7594791666667 0.0644976911754019 4.4308238111929e-05 737.15679932
17064037 64.781712962963 0.0600259995014283 4.14043503680851e-05 646.69989014
17064038 64.8046527777778 0.0573800505047925 4.03871890263622e-05 604.38372803
17064039 64.8273032407407 0.0583435783811889 4.21425813780583e-05 614.29840088
17064040 64.8490046296296 0.0584828544076368 4.60434714505663e-05 599.67236328
17064042 64.875625 0.0586247039828792 0.000290973236251443 616.41802979
17064043 64.8781365740741 0.0602468132686772 0.000300164354241565 620.63812256
17064044 64.8834722222222 0.0605558949264667 5.05647524992874e-05 620.87792969
17064045 64.9001388888889 0.0625981275985337 4.48989079458253e-05 632.46685791
17064046 64.9216319444444 0.0641701074584312 4.53680206399808e-05 664.85974121
17064047 64.9428935185185 0.0667845858137183 4.6234176723245e-05 718.74438477
17064048 64.9646064814815 0.0689603610191341 4.67403102566832e-05 701.20367432
17064049 64.9864467592593 0.0717598038161475 7.99070829807997e-05 744.17895508
17065001 65.0011805555555 0.0729486533922303 8.99947328148385e-05 752.90673828
17065002 65.0059259259259 0.0726550487719677 5.98964710685461e-05 749.21777344
17065003 65.0201273148148 0.0741260430774345 5.038037039484e-05 706.48168945
17065004 65.0424074074074 0.0752066486184421 5.30667904053956e-05 697.97662354
17065005 65.1086111111111 0.0738515707817958 6.58120540262786e-05 812.10638428
17065006 65.1177662037037 0.069454834866618 7.69227488471762e-05 743.51184082
17065007 65.1288888888889 0.065476812826674 4.23521729706964e-05 703.01647949
17065008 65.153587962963 0.0603292317737091 4.13696330843369e-05 644.80352783
17065009 65.1773032407407 0.0590408174260484 3.84899254365756e-05 633.07928467
17065010 65.2023032407407 0.0580691320086299 3.98042676033812e-05 616.03851318
17065011 65.2259722222222 0.0589403047679407 4.03982732256932e-05 611.03546143
17065012 65.2499305555556 0.0596889378706435 8.60481943469954e-05 631.04089355
17065013 65.2584143518519 0.0614979469230775 4.08606609872015e-05 637.44598389
17065014 65.2827546296296 0.0640902802322478 4.26728990601121e-05 653.18225098
17065015 65.307037037037 0.067091854411702 4.63663245085517e-05 691.67016602
17065016 65.3287037037037 0.0693241528083292 4.74322895447875e-05 726.28265381
17065017 65.3504166666667 0.0697936325681335 4.72371409092242e-05 722.61370850
17065018 65.3720023148148 0.07109587857327 4.64870053672296e-05 752.02429199
17065019 65.3945486111111 0.0713237813731647 5.02071905650758e-05 713.62658691
17065020 65.4163541666667 0.0712357674655471 9.06872603123078e-05 689.59802246
17065021 65.4245138888889 0.0718959301576986 6.91829518964513e-05 700.41021729
17065033 65.4938657407407 0.068958868734851 4.66491692157584e-05 760.90698242
17065034 65.5152546296296 0.0654124735690606 4.46243989809446e-05 731.30517578
17065035 65.5369328703704 0.0623035777967704 4.39360735363217e-05 669.11627197
17065036 65.5587615740741 0.0604956385133986 4.42689786728893e-05 634.33258057
17065037 65.5804050925926 0.0627603945713065 4.46054283553225e-05 626.80535889
17065038 65.6022222222222 0.0634573535665277 8.53177053403611e-05 678.07135010
17065041 65.6188888888889 0.0652514101389829 7.27506381759234e-05 684.20361328
17065042 65.6278240740741 0.0658553918083962 6.15831106831754e-05 700.02416992
17065043 65.643275462963 0.0683210655268805 0.00011190505485075 727.74096680
17065044 65.650787037037 0.0684755224913177 4.62384639173183e-05 721.84765625
17065045 65.6727314814815 0.0708175925268126 4.71539293579384e-05 747.91308594
17065046 65.6944328703704 0.0718972860699249 4.86787608008724e-05 744.54730225
17065047 65.7164814814815 0.0719888386118607 6.29276047003148e-05 702.00567627
17065048 65.732037037037 0.0727207150204661 5.01556392383056e-05 694.17767334
17065049 65.7540162037037 0.07232105749274 4.93820141450006e-05 730.66949463
17065050 65.7768402777778 0.0719679157594315 4.97128436227012e-05 698.58990479
17065051 65.7986805555556 0.0724781662193873 9.84123749087174e-05 715.54010010
17065053 65.8600925925926 0.069810349152878 4.56325964321576e-05 799.34979248
17065054 65.882962962963 0.0626986121311635 4.29896935625522e-05 695.82275391
17065055 65.9051736111111 0.0582879304838744 4.29308444524437e-05 637.98278809
17065056 65.9266203703704 0.0563971301367162 4.09815045398154e-05 616.61865234
17065057 65.9484259259259 0.0563802797627689 0.000211396301653321 583.78790283
17066001 66.0338541666667 0.0666456793579457 4.20029151853028e-05 774.28814697
17066002 66.0586805555556 0.0605566310947284 4.31427346450922e-05 643.71264648
17066003 66.0819791666667 0.0572799157124027 3.87267389980147e-05 615.43481445
17066004 66.1061805555556 0.0569414106297719 3.85359456983403e-05 590.96850586
17066005 66.1306365740741 0.0574678447430243 3.80793767401622e-05 616.47711182
17066006 66.1563425925926 0.0591953979298583 4.10885733336279e-05 601.87963867
17066007 66.1803703703704 0.0601310489024245 5.71931634694611e-05 610.41998291
17066008 66.1927546296296 0.0625729345248847 4.19239497017162e-05 639.40100098
17066009 66.2180671296296 0.06528757991318 4.30719705085697e-05 662.18188477
17066010 66.2421296296296 0.0675930797615243 4.54608945379588e-05 684.99523926
17066011 66.2654861111111 0.0700016623633114 4.01637446180505e-05 714.00177002
17066012 66.2952777777778 0.0724938377946188 4.75370084789051e-05 762.66052246
17066013 66.3181018518518 0.072936660757528 4.94341016215706e-05 691.34558105
17066014 66.3400925925926 0.073096494507064 7.43332007951932e-05 673.37188721
17066021 66.3924189814815 0.0736581047379946 4.69644821487562e-05 846.68896484
17066022 66.4143865740741 0.0666171935520128 4.38600697404658e-05 741.17474365
17066023 66.4366898148148 0.0605919300454059 4.20210859569329e-05 654.43206787
17066024 66.4601273148148 0.0590903638791358 4.19685395617697e-05 634.39953613
17066025 66.4819675925926 0.0588878867689659 4.18461929222622e-05 618.35516357
17066026 66.5036342592593 0.0591068496383345 4.07475632853147e-05 618.83465576
17066027 66.5263194444444 0.0613255774245793 4.33164671722666e-05 635.58782959
17066028 66.5480092592593 0.0643590724679729 4.39653038103304e-05 649.29400635
17066029 66.5698958333333 0.0676433224253324 4.70263068157496e-05 689.91613770
17066030 66.5915625 0.0698895224860487 5.797126147394e-05 722.60833740
17066031 66.6100694444444 0.0728403492511812 8.94680663802568e-05 751.24951172
17066032 66.6179282407407 0.0731518580071668 4.84514331614849e-05 732.77532959
17066033 66.6400231481481 0.0738462511308018 5.04634250541062e-05 705.73760986
17066034 66.6618865740741 0.076077552008177 5.47381940404367e-05 685.31988525
17066035 66.6825925925926 0.07523106614783 5.16502867065604e-05 647.64587402
17066036 66.7045717592593 0.0743611873875226 8.74522516422477e-05 626.02905273
17066048 66.8060069444444 0.0676158704157273 5.34364108638114e-05 739.77130127
17066049 66.8234490740741 0.0619703346640047 4.50166135885214e-05 653.06658936
17066050 66.8451736111111 0.0612457980659093 0.000165240555775717 641.63708496
17066059 66.8826736111111 0.0608640422335901 4.23698099282966e-05 637.68151855
17066060 66.9047337962963 0.0623065813371969 4.34427986032742e-05 685.30859375
17066061 66.9276157407407 0.0659136623568177 4.65185919023193e-05 668.06811523
17066062 66.9507060185185 0.0694001335290176 4.88527106818566e-05 665.21551514
17066063 66.9721064814815 0.0726965504123264 5.64418894635815e-05 726.56048584
17066064 66.9893287037037 0.073715960741911 5.87162857783554e-05 765.94165039
17067001 67.0049537037037 0.0754283470018151 4.83797477194407e-05 766.16143799
17067002 67.0284490740741 0.075322619060814 4.98978692914288e-05 724.76934814
17067003 67.0515509259259 0.0775657072656993 5.16441642102424e-05 640.33807373
17067004 67.0747222222222 0.0767578026084249 5.11833594264691e-05 631.42077637
17067005 67.1469212962963 0.086944438323855 6.90952924331105e-05 960.07336426
17067006 67.1575 0.0755222068114894 4.85048321567743e-05 871.41436768
17067007 67.1802083333333 0.0674917624181283 4.47826131141723e-05 732.35577393
17067008 67.203599537037 0.0628445537995796 4.28241593747834e-05 675.85003662
17067009 67.2274768518518 0.0617489335102584 4.2958937786973e-05 647.45684814
17067010 67.2523726851852 0.0619417820705838 4.23778012959421e-05 635.63482666
17067011 67.2762037037037 0.0636130190273751 4.20720289394889e-05 653.80578613
17067012 67.301087962963 0.06591866954979 4.66277332055861e-05 690.87603760
17067013 67.3226388888889 0.067424353730836 4.647181903265e-05 697.57696533
17067014 67.3450578703704 0.0697123445084203 4.72497737694406e-05 719.10522461
17067015 67.3668865740741 0.0712257360500747 4.71117447790016e-05 740.41595459
17067016 67.3887847222222 0.0723278236610451 4.87803244282199e-05 725.99981689
17067017 67.4104976851852 0.0735726671534873 5.12666635959298e-05 707.14459229
17067018 67.4318171296296 0.0751691057391302 5.1641278467555e-05 670.29913330
17067019 67.4535532407407 0.0760091810716826 5.74702782652062e-05 639.80993652
17067024 67.521099537037 0.0792561466247436 4.90247802815754e-05 928.46087646
17067025 67.5430671296296 0.0702069595842058 4.77282856501733e-05 794.59747314
17067026 67.5645717592593 0.0651261728984109 5.5160018796725e-05 696.87158203
17067027 67.5797106481482 0.0629668552389422 4.53042086483513e-05 698.84912109
17067028 67.6013888888889 0.0626952903631187 6.05114625735741e-05 669.83862305
17067029 67.6141666666667 0.0632603222792665 7.78397238473023e-05 685.09130859
17067030 67.6275462962963 0.0648471071620922 4.444472415693e-05 690.94635010
17067032 67.6504166666667 0.0652580320114317 0.000106676158690269 676.66473389
17067033 67.6556018518519 0.0658422188919081 4.56642932803823e-05 706.40393066
17067034 67.677650462963 0.0665563328593925 4.42242630466528e-05 691.51019287
17067036 67.7035763888889 0.0679724103867943 4.70373736512228e-05 705.66076660
17067037 67.7254513888889 0.0693583715042435 4.84454272287378e-05 720.83258057
17067038 67.7467939814815 0.0711122994062986 4.79578227503791e-05 735.15258789
17067039 67.7684722222222 0.0702793118688557 5.85231624269575e-05 705.97949219
17067042 67.7932291666667 0.0716109814910244 4.70233116107733e-05 680.70922852
17067043 67.8168402777778 0.0720959366770552 5.7322076287697e-05 627.49279785
17067044 67.8338541666667 0.0720321035207422 9.17764290472248e-05 598.53424072
17067045 67.8400115740741 0.0725040557959289 0.000116525167876914 599.43841553
17067056 67.954212962963 0.0612310750746202 8.23390472092495e-05 656.15234375
17067061 67.9731944444444 0.0598958466654995 5.3346270109522e-05 635.77349854
17067063 67.9904976851852 0.0608503029849216 0.000118444360905355 627.53802490
17067066 67.9967708333333 0.0606191576625546 5.1402630098643e-05 628.09143066
17068002 68.0173842592593 0.0622647593288874 5.11417821397008e-05 637.41058350
17068003 68.0377893518519 0.0639712794385858 4.56653988624604e-05 687.45477295
17068006 68.0673611111111 0.0679015982597276 4.79647326626312e-05 699.35223389
17068007 68.0888773148148 0.0704700034995701 5.93165625480131e-05 730.04254150
17068009 68.1089583333333 0.0739966834356316 4.82726739747113e-05 742.84197998
17068010 68.1305208333333 0.0757952459036787 4.97632257088338e-05 761.39031982
17068011 68.1521180555556 0.078187218656202 5.43549738845641e-05 729.28564453
17068012 68.1736574074074 0.0795288803529856 6.40693355863986e-05 696.51623535
17068017 68.1980671296296 0.0801172267884512 8.38797745810532e-05 646.55358887
17068019 68.2223842592593 0.0809389251806609 0.000185706785380816 644.24951172
17068021 68.279375 0.0764109560240403 8.64986002304672e-05 864.14801025
17068026 68.2953587962963 0.0682350526810844 4.59668538836026e-05 738.80145264
17068027 68.3173148148148 0.063441379026757 4.42444276700049e-05 696.38281250
17068028 68.3398842592593 0.0613823878616928 9.25641542703228e-05 637.70709229
17068036 68.3617939814815 0.0611793934563526 4.24877048358635e-05 649.47680664
17068037 68.3844212962963 0.0617667296999132 4.41273619801641e-05 636.49029541
17068038 68.4060416666667 0.0640773608783287 4.4916847759652e-05 670.90887451
17068039 68.4306481481482 0.0667572809828709 4.64314798010627e-05 684.77716064
17068040 68.4525694444444 0.0705054249233301 4.809446006119e-05 732.47326660
17068041 68.4743055555556 0.0726596509347525 4.78710587427675e-05 741.46020508
17068042 68.4960185185185 0.0729572626630702 4.69264178620286e-05 780.17425537
17068043 68.5177777777778 0.0735260072258604 4.87194210315063e-05 761.75524902
17068044 68.5394791666667 0.0734870915796936 4.94420230843423e-05 691.41351318
17068045 68.5622106481481 0.0763259288372045 5.29006633413726e-05 667.34973145
17068046 68.5840509259259 0.0785796762503956 7.86923565388597e-05 619.15863037
17068047 68.5981481481481 0.0794159672802601 9.69693921639885e-05 614.33972168
17068053 68.6756712962963 0.0673478808576055 4.44376031347926e-05 752.92614746
17068054 68.699525462963 0.0627135768723593 4.38478813050756e-05 683.99584961
17068055 68.7216898148148 0.0583689522677139 4.2355250774457e-05 637.98370361
17068056 68.7435532407407 0.0581945983652823 4.2455501070665e-05 614.82556152
17068057 68.7658217592593 0.0587389439824991 6.92731833934489e-05 610.20544434
17068062 68.8631365740741 0.0726291273490904 0.000405057226697958 745.49877930
17068063 68.8643981481482 0.0672160384331709 4.54086359142298e-05 756.98651123
17068064 68.8866550925926 0.0637525834448038 7.37432031567845e-05 669.01641846
17068065 68.8954976851852 0.0606864926230552 4.35947216248949e-05 638.22009277
17068066 68.9172337962963 0.0578370381818282 4.14580980941009e-05 593.57470703
17068067 68.9397453703704 0.0574701556357651 3.98157342467771e-05 594.13897705
17068068 68.9646643518519 0.0580477657599184 4.14401176610932e-05 601.81536865
17068070 68.9901736111111 0.060018772179319 4.31942439881895e-05 642.85339355
17069010 69.1459837962963 0.0626540306862211 5.46562068199074e-05 645.19470215
17069012 69.169525462963 0.0619461310440447 4.42681251162979e-05 692.84197998
17069013 69.1909259259259 0.0592975787603079 4.26245598720081e-05 628.41040039
17069014 69.2123958333333 0.0588647012755037 4.24293842627653e-05 630.91217041
17069015 69.2338078703704 0.0599207401716184 4.28621935819857e-05 623.81713867
17069016 69.2550694444444 0.0615064532405178 4.38375736974266e-05 643.49572754
17069017 69.2763773148148 0.062470610345994 4.72044735387629e-05 647.18853760
17069018 69.2948611111111 0.0645205651939092 4.57636641150808e-05 668.81921387
17069019 69.3164351851852 0.0669953592869122 5.23178982652179e-05 692.56695557
17070005 70.1132407407407 0.0744496575456458 0.000111242131463178 854.64160156
17070006 70.1176041666667 0.070592601069575 7.22912235172133e-05 755.57861328
17070007 70.1240509259259 0.067809364774582 9.59114559893653e-05 739.53314209
17070008 70.1356481481481 0.0640665729158416 4.64637094153396e-05 680.98773193
17070009 70.157037037037 0.0604565309545386 4.34446555935924e-05 645.20623779
17070010 70.1783912037037 0.0585337202910524 4.25198430326171e-05 626.22399902
17070011 70.1997337962963 0.0586441902219262 4.23003251785582e-05 617.50872803
17070012 70.2211805555556 0.0590967193525404 4.15457663156347e-05 619.47680664
17070013 70.2427662037037 0.0611464198125476 4.43386362101848e-05 624.73950195
17070014 70.2640625 0.0639285028404923 4.69097805063306e-05 636.11090088
17070015 70.2842939814815 0.0660545881351437 7.14969232285987e-05 682.47326660
17070019 70.2999537037037 0.0667765711043284 0.000138295097321755 697.35510254
17070048 70.9376041666667 0.0578606042330646 3.95227611444947e-05 590.06604004
17071012 71.2368402777778 0.0706649267712462 4.5190716085382e-05 947.36785889
17071013 71.2585300925926 0.06317508152764 4.45148653308233e-05 703.55078125
17071014 71.2803009259259 0.0593511551437762 4.2428219384379e-05 625.61694336
17071015 71.3018055555556 0.0576821331866945 4.0594073112125e-05 600.55718994
17071018 71.3309722222222 0.0583403593149048 4.20568679668532e-05 616.96942139
17071019 71.3526851851852 0.0603084946441015 4.29711896553993e-05 615.50555420
17071020 71.3743287037037 0.0623297729396621 4.40543151968888e-05 639.72082520
17071021 71.397037037037 0.0643407389019777 4.49637387014872e-05 665.90777588
17071022 71.418587962963 0.0661543031573784 4.60853541543133e-05 687.19671631
17071023 71.4401851851852 0.0673034107021422 4.6809262456634e-05 698.58343506
17071024 71.4618287037037 0.0688199678627058 4.67020105448376e-05 725.73736572
17071025 71.4833101851852 0.0701282414622196 4.76574749610597e-05 711.14318848
17071026 71.5048842592593 0.0709527329182618 4.97153147484022e-05 678.01861572
17071027 71.5253240740741 0.0714949981757248 5.69836497384472e-05 623.52624512
17071028 71.5420717592593 0.0719222050546098 6.77295013312304e-05 595.61370850
17071029 71.5507060185185 0.071683372008673 0.000118198425152863 586.62127686
17071030 71.5571875 0.071990728036231 0.000102534019549426 572.54138184
17071047 71.6244675925926 0.0671782139755969 5.8829478386228e-05 666.82708740
17071048 71.6380902777778 0.0677074794560562 7.07192391925965e-05 705.09490967
17071049 71.6477199074074 0.0668221436791095 4.62743431324502e-05 698.42254639
17071050 71.6700694444444 0.0675233988533308 4.63211119045146e-05 714.00421143
17071051 71.6923842592593 0.0695134793839929 4.6464196250089e-05 717.15972900
17071052 71.7136226851852 0.0704620435748964 0.000101610215509142 734.17138672
17071053 71.7228819444444 0.0717170895499074 4.82496965443502e-05 738.74768066
17071054 71.7452893518518 0.0744121227816598 4.87470805405565e-05 765.30859375
17071055 71.7677893518518 0.0740031400752343 5.40208445283537e-05 800.75390625
17071056 71.7848726851852 0.0710640031989512 5.43427445195841e-05 758.91540527
17071057 71.8071527777778 0.0701904040816618 6.7497351720611e-05 746.36322021
17071058 71.8223032407407 0.069010040893006 0.000120228874067065 713.28668213
17071059 71.8253587962963 0.0696910501997514 4.53133261287037e-05 730.76690674
17071060 71.8486805555556 0.0699579337434762 4.70987718810672e-05 725.53594971
17071061 71.870462962963 0.0733258292549601 4.89640137535866e-05 760.58502197
17071062 71.8922222222222 0.0744346143948568 5.01815477931169e-05 749.22943115
17071063 71.9141782407408 0.0758425802604473 5.08446273832256e-05 726.07122803
17071064 71.9364814814815 0.0749674418077173 8.53044419186088e-05 683.06146240
17072001 72.1362847222222 0.0763436126184826 4.9187807689427e-05 852.47058105
17072002 72.157662037037 0.0718058970283676 4.72512812550401e-05 758.41827393
17072003 72.1789351851852 0.0700859233110924 4.70956372155365e-05 738.61279297
17072004 72.2003587962963 0.0708164405177252 4.71489187819615e-05 743.30767822
17072005 72.2217939814815 0.0719715174903437 4.91969001709238e-05 739.08691406
17072006 72.2431944444444 0.0736534444689484 4.8948117254116e-05 764.88250732
17072007 72.2645717592593 0.0735237515079016 9.23322054192012e-05 763.84680176
17072008 72.2728240740741 0.0735458991844387 4.76094152444965e-05 750.65704346
17072009 72.294224537037 0.068950528873298 4.61147007146724e-05 738.34173584
17072010 72.3159953703704 0.0676965099688713 4.6166581481522e-05 717.40332031
17072011 72.3377662037037 0.0681210148080613 8.19783209600495e-05 695.55541992
17072012 72.3458449074074 0.0686121771482059 4.54142862686492e-05 703.23937988
17072013 72.3680902777778 0.0697826768610421 4.48244971335331e-05 731.44213867
17072014 72.3905092592592 0.0718727503564976 4.74948387462249e-05 737.18438721
17072015 72.4122337962963 0.0735295433292738 0.000147325661811454 761.57238770
17072020 72.5029398148148 0.0345755338479686 0.000214679899290657 807.68182373
17072022 72.5097685185185 0.0703829472278688 4.63652244939772e-05 789.62109375
17072023 72.5320138888889 0.0701131179959293 0.000159569410686168 735.82336426
17072024 72.536712962963 0.0693914980783114 4.72127503018639e-05 738.22766113
17072025 72.5584953703704 0.0703172311006441 6.496935705567e-05 749.95648193
17072026 72.5786342592593 0.0720714838867162 5.44105003918008e-05 740.58215332
17072027 72.600462962963 0.0740382030594988 4.73610586330435e-05 773.06616211
17072028 72.6223726851852 0.0749149301894594 4.86805219211387e-05 806.63641357
17072029 72.644212962963 0.0753097358347275 0.0001055864626267 808.12042236
17072030 72.6563078703704 0.0765749723729906 6.4959814322219e-05 818.31243896
17072032 72.6776851851852 0.0744923849797672 4.56669105288408e-05 817.04498291
17072033 72.7015972222222 0.0737208304927556 4.88880162637486e-05 788.16424561
17072034 72.7246412037037 0.0729537046298488 5.12467341198447e-05 766.15887451
17072035 72.7452430555555 0.0740798728970857 4.79014975560169e-05 786.40393066
17072036 72.7674652777778 0.0737430089966245 4.70331616508632e-05 784.04144287
17072037 72.7896296296296 0.0741308508224204 4.97386604712352e-05 757.44781494
17072038 72.8113773148148 0.0735169294445321 0.000112201345325878 743.36938477
17072039 72.8165972222222 0.0740066767789819 4.91149178837603e-05 742.88201904
17072040 72.8387384259259 0.0742149005131866 6.62930590540211e-05 687.69921875
17072041 72.901712962963 0.0777042617541996 4.97582390956719e-05 858.40148926
17072042 72.9237731481482 0.0739331163409379 4.88839833125014e-05 783.05407715
17072043 72.945775462963 0.0729256829871101 0.00043656739463495 760.95037842
17072044 72.9479166666667 0.0724947726788461 4.88811655489132e-05 748.88958740
17072045 72.9704050925926 0.0725775674872988 4.86627020132836e-05 774.10070801
17072046 72.992037037037 0.0724625640298224 4.84685443917046e-05 777.07562256
17073001 73.013912037037 0.0681700389576644 4.66085060879706e-05 733.39660645
17073002 73.0353009259259 0.0658558467995527 4.62035394350188e-05 701.82855225
17073003 73.0568981481482 0.0644882176710986 4.49841234468671e-05 667.54925537
17073004 73.0781944444444 0.064110727792292 4.55040436845235e-05 685.73791504
17073005 73.0996643518518 0.0650827495197718 4.6155969046947e-05 694.88305664
17073006 73.1211689814815 0.0660143542122065 4.74819294222987e-05 660.04357910
17073013 73.1515393518518 0.0720832243875868 4.78363513131161e-05 762.23968506
17073014 73.1731481481481 0.0727107161109144 5.01711613058441e-05 741.28222656
17073015 73.1945601851852 0.0729605116905824 5.00703812166779e-05 710.53625488
17073016 73.2161111111111 0.0742748766824109 6.45049829136255e-05 675.44079590
17073020 73.2799305555556 0.0790447094315787 0.000159287173365132 973.42303467
17073021 73.2820601851852 0.0753047470333645 5.04524855852859e-05 838.43823242
17073022 73.3023263888889 0.113299167158369 6.64815501555808e-05 932.90728760
17073023 73.3239583333333 0.0910034858377551 5.95730917516012e-05 858.68951416
17073024 73.3455902777778 0.0838467029642861 7.6584237513818e-05 891.09973145
17073043 73.5320486111111 0.0608089876923355 4.12915616080493e-05 641.15380859
17073044 73.5557407407407 0.0618595518041586 4.37113387628037e-05 658.15606689
17073045 73.5772685185185 0.0623406663888784 4.45065889221735e-05 650.76092529
17073046 73.5988541666667 0.0616720505651061 0.000295330383231362 659.84600830
17073047 73.6111921296296 0.0644764769887429 4.48059486469631e-05 687.68762207
17073048 73.6328125 0.0637527999997682 4.34272744809128e-05 691.48815918
17073049 73.6569444444444 0.0627615449472901 4.3786873209491e-05 639.97210693
17073050 73.6788078703704 0.063579872458082 4.18680913382085e-05 696.17425537
17073051 73.7048611111111 0.0644937420583556 4.79637255092997e-05 661.00848389
17073052 73.7263425925926 0.064028093371531 4.51559719328558e-05 678.36187744
17073058 73.7815625 0.0644744190712013 4.29654818619556e-05 652.65740967
17073060 73.8483217592593 0.0717319647315989 3.91860699039456e-05 804.49230957
17073061 73.8721180555556 0.0672782302848229 0.000131735950768477 721.70556641
17073062 73.8777430555556 0.0657422289540144 8.00408000470787e-05 689.41455078
17073063 73.8908912037037 0.0638660238598048 0.000110477413223085 692.05657959
17073064 73.8970833333333 0.0642109740160431 4.580010877124e-05 698.59814453
17073065 73.9198148148148 0.0631307575278137 6.14846818647526e-05 664.27001953
17073066 73.9417824074074 0.0665046167458406 6.02746429322525e-05 720.10607910
17073067 73.9562268518518 0.067890395391985 4.72449806707168e-05 735.77178955
17073068 73.9781134259259 0.0670460108210933 4.65894263527786e-05 720.93164062
17073069 73.999537037037 0.0653968642751953 4.71086511218636e-05 715.51428223
17074001 74.0209259259259 0.0635933353555797 6.75288311926386e-05 687.74609375
17074002 74.0378472222222 0.0627579493804169 6.95847511797939e-05 663.47845459
17074003 74.0444560185185 0.0619684585875803 4.61714081267036e-05 676.72125244
17074004 74.06875 0.0621638652309167 7.16763039056014e-05 673.10803223
17074005 74.0747569444444 0.0623897672846941 6.18284646057141e-05 666.21508789
17074006 74.0881828703704 0.0634177339924948 4.52137275767852e-05 675.96362305
17074007 74.1096296296296 0.0624574717827094 4.42574234325572e-05 650.79650879
17074009 74.1349537037037 0.0641993056370537 5.95835349875129e-05 661.64160156
17074020 74.4290856481481 0.084167294709284 0.000143071181380027 827.45330811
17074021 74.4334953703704 0.0797535516698955 5.43433246108083e-05 1348.45544434
17074022 74.4445601851852 0.073307055983505 4.80141972241412e-05 777.27545166
17074023 74.4690277777778 0.0704084947027181 4.77511695717629e-05 742.18182373
17074024 74.4905902777778 0.071365191581069 4.7557730836786e-05 747.27050781
17074025 74.5121990740741 0.0727736195248223 4.82495824124107e-05 763.90661621
17074026 74.5337962962963 0.0731271431075173 4.7594098681335e-05 771.43389893
17074027 74.5554976851852 0.0738497975588033 4.87337459798048e-05 769.69921875
17074028 74.5776851851852 0.0747695004396108 5.04835724724172e-05 766.11065674
17074029 74.5993981481482 0.0742665463328465 4.98437912581363e-05 757.69335938
17074030 74.6211805555556 0.0744814814838828 4.93658322885038e-05 760.27209473
17074031 74.6431481481481 0.0757564821285435 4.54502940018174e-05 735.65844727
17074032 74.6715393518518 0.0752797139020899 4.73769397861829e-05 678.05938721
17074033 74.6962152777778 0.0739741932633583 9.87647898789676e-05 757.23504639
17074034 74.708275462963 0.0727743871949976 4.89272301266644e-05 734.20336914
17074035 74.7315856481482 0.073094118731725 4.89543183149948e-05 741.42004395
17074036 74.7541898148148 0.0741391797251176 5.80384901897801e-05 739.08221436
17074037 74.7771527777778 0.0731991183454 0.000135938145836361 701.61132812
17074038 74.7818634259259 0.0724226196136056 5.01071195753446e-05 665.17187500
17074039 74.8038888888889 0.07325709968191 7.44524674661149e-05 651.01025391
17074040 74.8164699074074 0.0749302170214347 4.75967463314153e-05 635.57849121
17074041 74.8905555555556 0.0728449153908871 5.06097392981471e-05 831.30731201
17074044 74.9207060185185 0.0724613149454507 4.83079210132106e-05 752.52990723
17074049 74.9442476851852 0.0705958299377241 6.75640384526298e-05 742.83203125
17074050 74.9570717592593 0.0718736663499445 4.87621532385083e-05 751.20758057
17074051 74.9791087962963 0.0722275582863276 5.08934171810307e-05 757.99249268
17075001 75.00125 0.0735429179771345 9.08383990195014e-05 767.76794434
17075002 75.0156134259259 0.0747733655436257 5.02774041120771e-05 783.39331055
17075003 75.0372337962963 0.0754010262203182 5.05735244748107e-05 816.83007812
17075004 75.0589467592593 0.0754812086503331 5.15932489992531e-05 807.63684082
17075005 75.080162037037 0.0747323167582372 5.19366999832366e-05 808.22924805
17075006 75.1019097222222 0.0738549609642721 4.82459961621119e-05 806.09979248
17075007 75.1236689814815 0.074093858397113 0.000114701775092097 782.02441406
17075008 75.1298726851852 0.0734494545563952 9.47149908110125e-05 759.04284668
17075009 75.1404166666667 0.0733042283645228 5.10370816047212e-05 764.91925049
17075010 75.1638888888889 0.0734491973767943 4.87457804957146e-05 787.54577637
17075011 75.1860069444445 0.0727581364676609 5.16449992913368e-05 767.72790527
17075012 75.2085416666667 0.072871441897009 8.26803860889418e-05 719.47930908
17075013 75.2176388888889 0.073292116925486 0.000187634446543137 728.82037354
17075014 75.2203587962963 0.0732087895490929 0.00017237472045409 711.31195068
17075015 75.2234837962963 0.0738184332438221 5.1589771349122e-05 708.30578613
17075016 75.2456018518519 0.0747487147725333 6.28950892723706e-05 673.60009766
17075018 75.2677430555556 0.0741523332794283 5.20521292760476e-05 633.24438477
17075019 75.2893865740741 0.0756017546638876 5.10113371135207e-05 585.78631592
17075020 75.3126041666667 0.0764378822580103 0.000128632312464379 581.28527832
17075024 75.3390046296296 0.0791974436356314 5.69281133548181e-05 555.66235352
17075025 75.3607407407407 0.0793232072976381 5.81144657930805e-05 529.35693359
17075026 75.3821643518519 0.079776477852767 6.08984316565306e-05 515.36755371
17075027 75.4039351851852 0.0807075846992939 0.000126430220811501 486.44531250
17075098 75.715162037037 0.0667025713655676 7.90673827677374e-05 699.04382324
17075099 75.7241782407407 0.0675065512929844 4.74862610975872e-05 694.03594971
17075100 75.7461111111111 0.0634951331820183 5.10046597640492e-05 720.21771240
17075101 75.764375 0.0611793548859833 4.39401936112083e-05 648.37957764
17075102 75.786412037037 0.0621823622756527 4.44459236197069e-05 671.88494873
17075103 75.8077893518518 0.0623980715820357 6.3269449608544e-05 641.74572754
17075105 75.8197916666667 0.0639435371527121 4.59122407677577e-05 669.68872070
17075106 75.8411342592593 0.0654211020055609 4.5654276165339e-05 672.13146973
17075107 75.8633333333333 0.0659839924616768 4.74486073753734e-05 665.52520752
17075108 75.885474537037 0.0642699311258293 4.59649351503924e-05 614.08776855
17075109 75.9070486111111 0.0669755118954089 6.74444495588678e-05 589.42169189
17075110 75.9604050925926 0.0642189399228428 4.2518702693034e-05 751.92498779
17075111 75.9836342592593 0.0607634682585852 4.24677930311156e-05 644.78509521
17076001 76.0052893518519 0.0587418810536293 4.24990528533227e-05 617.70800781
17076002 76.0269444444445 0.0618107943686251 4.45855801245518e-05 643.95703125
17076003 76.0488425925926 0.0631089035140609 4.67797687985866e-05 634.59655762
17076010 76.1670138888889 0.0672158241269861 3.76243551825495e-05 834.06097412
17076011 76.1887847222222 0.0608813722507774 4.33674029105322e-05 668.13305664
17076012 76.2104282407407 0.0590088638267173 0.000107973464194468 612.35784912
