17040052 40.6281944444444 0.112585850099606 0.000879128356254848 1.50172663
17040059 40.6460069444444 0.11053721900487 0.000516783385624634 1.61846173
17040062 40.6631944444444 0.111526094801438 0.000273571342515004 1.59969652
17040063 40.6847685185185 0.112019549891273 0.000247074505762291 1.53664362
17040064 40.7118287037037 0.11344374303959 0.000278723785388767 1.52251387
17040065 40.7311458333333 0.114442754977146 0.000310482764818043 1.60091114
17040069 40.8688310185185 0.107369325799807 0.000277387052087838 1.90364301
17040070 40.8850231481482 0.109417332288325 0.000312905194496969 1.65459669
17040071 40.8987037037037 0.112145549382532 0.000285639609667675 1.69456244
17040072 40.9159143518518 0.112806381726354 0.000288866779716996 1.56905270
17040073 40.9334027777778 0.115149153290824 0.000262272076612321 1.38353646
17040074 40.9569907407407 0.116074657116681 0.000604146120475423 1.58606303
17040078 40.9715509259259 0.118278528355362 0.000904645957641547 1.55013096
17040084 40.9848726851852 0.120034318290411 0.000837468219307882 1.57091808
17040085 40.9885532407407 0.118961685489184 0.000560356698228292 1.62823129
17041001 41.0321527777778 0.107251553050512 0.00022393304777326 1.97591591
17041002 41.0550578703704 0.107873679631171 0.000242340373865524 1.73993027
17041003 41.0769675925926 0.105852210883243 0.000243864821244964 1.72862351
17041004 41.0998032407407 0.108446588157777 0.000243734863507906 1.65850043
17041005 41.1219907407407 0.111038861671592 0.000255945833855456 1.48954201
17041006 41.1439699074074 0.114312791388999 0.000267420582380557 1.47262442
17041007 41.1659606481482 0.116442631107676 0.000277155877452229 1.46401262
17041008 41.1881597222222 0.116892097094493 0.0003569746736936 1.52785885
17041009 41.2234027777778 0.116965633133048 0.00033581063976664 1.58606303
17041010 41.2547800925926 0.120549138925053 0.000323081460203037 1.75265741
17041011 41.3086805555556 0.107039240879202 0.000204777136184691 2.07467532
17041012 41.3367824074074 0.108092116839578 0.000241375065679326 1.86924994
17041013 41.3594560185185 0.108659116783853 0.000243375819907539 1.70219171
17041014 41.3814467592593 0.111252616733221 0.000306937099124917 1.60707390
17041033 41.8138773148148 0.105169189740625 0.000273604312346534 2.51121879
17041035 41.8317939814815 0.103517896792828 0.000273319253554148 2.21519589
17041037 41.8604976851852 0.102905082841028 0.000248951084867171 2.11614323
17041038 41.8817361111111 0.103080764725696 0.000286316267971301 1.88417232
17041039 41.8969444444444 0.105012920709334 0.00025634633543761 1.94913113
17041040 41.9165277777778 0.105358033993551 0.000284690180550805 1.90734577
17041042 41.9337847222222 0.107443701990969 0.000300178289495712 1.90572393
17041044 41.9510648148148 0.108494278550825 0.000264262197149305 1.84832716
17041045 41.9708796296296 0.109286181264709 0.000357733136707981 1.68891978
17041046 41.982650462963 0.110454024766142 0.000267510267633342 1.67175615
17042001 42.0020601851852 0.111496007487972 0.000325354609233513 1.47809434
17042009 42.0569212962963 0.10403716534036 0.000245148738757714 2.21690559
17042012 42.1411111111111 0.105734791442597 0.000331769176520727 2.47142005
17042013 42.1530324074074 0.103700657868701 0.000326902681419867 2.15816474
17042016 42.1656365740741 0.102728395273657 0.000220165339322173 1.90747309
17042017 42.1875462962963 0.106344825112524 0.000226750472624464 1.92626965
17042019 42.2126736111111 0.106357846099608 0.000257137122332987 1.80455184
17042021 42.2310069444444 0.108442843079188 0.000660087811575221 1.70407307
17042022 42.2347106481481 0.109624727213864 0.000245672463809254 1.74964416
17042023 42.2564930555556 0.111104928046058 0.000411282014879616 1.57669401
17042024 42.2652199074074 0.110879162291635 0.000323515032757941 1.62046230
17042026 42.3104976851852 0.102996782776892 0.000167650575028503 2.26094294
17042027 42.3475810185185 0.10365637219908 0.0010345752157152 1.97192240
17042028 42.3493865740741 0.10477396722049 0.000251917429560737 2.00246716
17042029 42.367974537037 0.106518863949328 0.000263769712649428 1.82946527
17042030 42.3867476851852 0.107325234490488 0.00023631731533111 1.63771796
17042031 42.4108449074074 0.110056565897735 0.000239386490537125 1.65671480
17042032 42.4349652777778 0.110068881929372 0.000573916514805207 1.58041716
17042074 42.7657060185185 0.0991016827473602 0.000298200679931053 2.62365460
17042075 42.7790509259259 0.0992954919537155 0.000291172543281455 2.39010835
17042076 42.790775462963 0.0977809841732491 0.000238190604239495 2.30974841
17042077 42.8077314814815 0.0997368690752774 0.000246442449709918 2.21536326
17042078 42.8245023148148 0.101375948984183 0.000247439306910036 2.14857864
17042079 42.8434953703704 0.101815658978272 0.000249417330353693 1.93962169
17042080 42.8613888888889 0.10411593412623 0.000253198912328875 1.91696906
17042081 42.8791319444444 0.105079008772535 0.000261324388014992 1.77257526
17042082 42.8970717592593 0.106058953521008 0.000302265411371256 1.73057175
17042083 42.9112962962963 0.104452596949519 0.000259630292973564 1.75350618
17042084 42.9303935185185 0.104880965642949 0.000251242188627121 1.82937503
17042085 42.9495486111111 0.106996974258798 0.000265269043023309 1.68692291
17043001 43.0281018518519 0.0980377279714985 0.000199897172656528 2.50722861
17043002 43.0498263888889 0.0982631059789777 0.000237345497483958 2.10275126
17043003 43.0682060185185 0.0995262417735628 0.00021607601012524 1.94163418
17043004 43.0897916666667 0.0982712563755507 0.000223459996445035 2.01156330
17043005 43.1120601851852 0.102430999251349 0.000226061033265586 2.04590464
17043006 43.133912037037 0.105063612650825 0.000448534130707608 1.63758361
17043007 43.1408912037037 0.109541539604333 0.000276955514360792 1.63936186
17043008 43.160162037037 0.112167842701854 0.000271184803739539 1.42035949
17043009 43.1808680555555 0.112660500379779 0.000236764570593991 1.55666423
17043010 43.2086458333333 0.112862332350842 0.000257980804011223 1.67218149
17043015 43.3161689814815 0.0982923334988115 0.00021337074705686 2.61415124
17043016 43.3357986111111 0.0972802310433215 0.000209632486145447 2.27430129
17043018 43.3608101851852 0.100025485528334 0.00017808670560305 2.23051524
17043019 43.3931365740741 0.107093398282812 0.000209632158155511 2.01752615
17043020 43.4224305555556 0.113462627523681 0.00031109084922687 1.40848112
17043021 43.4398148148148 0.11346963009124 0.000272210285794707 1.49162972
17043044 43.6908101851852 0.0999408956370109 0.0005536759051905 2.72994995
17043045 43.6950578703704 0.0991115381600437 0.00022761741528516 2.69387889
17043046 43.7133564814815 0.0978529528537405 0.000244457076556872 2.38797712
17043047 43.7330092592593 0.0985334177927105 0.000236426865438175 2.23066235
17043048 43.7541550925926 0.0995701845084602 0.000254544003058622 2.19421124
17043049 43.7738078703704 0.101003964285954 0.000863454852966394 1.97758925
17043050 43.7779050925926 0.102071315586088 0.000820704060610451 1.85798013
17043051 43.7800231481481 0.10391731484012 0.000266133985542893 2.01539016
17043052 43.7976041666667 0.106645599902579 0.000276807477581281 1.82938325
17043053 43.8156365740741 0.106706815508583 0.000293545786653458 1.47240579
17043054 43.834849537037 0.109551503299338 0.000288334450579779 1.24252808
17043055 43.8551736111111 0.110688494039906 0.000295967689029237 1.23891699
17043056 43.8746064814815 0.109460691373267 0.000278836633021428 1.22143102
17043057 43.8958796296296 0.11193157862868 0.000920471529387136 1.22139633
17043060 43.9328240740741 0.100425365769821 0.000248191196951706 2.62913370
17043061 43.948900462963 0.0984301454424092 0.000244288214599699 2.44650578
17043063 43.9698958333333 0.100052641713588 0.00025238951573363 2.11238885
17043064 43.9884143518519 0.0994252207413072 0.000257653134126064 1.93408215
17044001 44.0057060185185 0.0990924721242734 0.000330756628339015 1.82966590
17044002 44.0189351851852 0.100322392762893 0.000262390311678949 1.88442469
17044003 44.0377314814815 0.104454565590667 0.000239997312001662 1.77410316
17044004 44.0597337962963 0.104605466485953 0.000241499415480773 1.64913368
17044009 44.2030439814815 0.0983513207671912 0.000225079170114845 2.99393630
17044010 44.2202199074074 0.0976334116966773 0.000214515905378853 2.32918000
17044011 44.2422106481482 0.0982686233642773 0.000394816585189175 2.11037660
17044012 44.2495601851852 0.0974372723823878 0.000634900644422592 2.02293944
17044023 44.5970717592593 0.0991986174143459 0.000298930849017657 2.64659476
17044024 44.6086458333333 0.0985105820256146 0.000272276679334345 2.31380606
17044025 44.6229398148148 0.0980207741223714 0.000279713621473896 1.96234226
17044026 44.6376157407407 0.0993594177557879 0.000210049134115918 1.76857173
17044027 44.6653935185185 0.0998611298654028 0.00021584207308592 1.70614541
17044028 44.6905671296296 0.10050096286466 0.000213568575637018 1.78418958
17044029 44.7160069444444 0.102934937387191 0.000237429378937111 1.73431838
17044030 44.739375 0.106883041207261 0.000227829150860287 1.66239977
17044031 44.7664467592593 0.107005594188035 0.000432093997654922 1.36771500
17044032 44.7721064814815 0.107860862879954 0.000252620039942061 1.42083418
17044033 44.7946875 0.108101256037962 0.000231712162712473 1.34320962
17044034 44.823599537037 0.109951169618683 0.000232037010875017 1.39989567
17044035 44.8525578703704 0.110869404633081 0.000230140334333864 1.26916063
17044036 44.8818981481481 0.110858037316423 0.000547428012342453 1.19509149
17044039 44.9254282407407 0.0991571033220682 0.000731557265065875 2.61788678
17044040 44.929537037037 0.0998364738457965 0.000233495090051973 2.38212156
17044041 44.9482291666667 0.099152834019009 0.000221720639973714 2.16225886
17044042 44.9714236111111 0.0989063521240444 0.000212423331803802 1.85963666
17044043 44.9976388888889 0.100545432585724 0.000248479261243133 1.66230845
17045001 45.0176157407407 0.100925491857114 0.000234759442762027 1.64524269
17045002 45.039375 0.100770030481392 0.000229469418310542 1.72516418
17045003 45.0620486111111 0.103779759344591 0.000241753383854449 1.63348126
17045004 45.0841898148148 0.103897351759222 0.00023916556091915 1.66029525
17045005 45.1068287037037 0.105253078115435 0.000243912947228648 1.54626012
17045006 45.1299537037037 0.107310291788979 0.000436788918270629 1.38088286
17045007 45.1401736111111 0.109633124639368 0.000266333679279624 1.36376500
17045008 45.1620486111111 0.111485889287233 0.000276693247785123 1.23100328
17045009 45.1839236111111 0.114629055816724 0.000284211778805256 1.12221169
17045010 45.206712962963 0.117749876634721 0.000629237794107987 1.29741800
17045039 45.8744328703704 0.100955253657694 0.00021191982265403 2.22869492
17045040 45.8992013888889 0.100633880651787 0.000214888732542149 1.79518390
17045041 45.9259375 0.100693089519564 0.00030699870652339 1.84098530
17045043 45.941400462963 0.100352432739033 0.00032282816701977 1.81798446
17045044 45.9488078703704 0.100618630036566 0.000222279972932256 1.77829599
17045045 45.9753819444445 0.102068452520538 0.000228960306524816 1.60717797
17045046 46.000474537037 0.103440203054847 0.000266083667430701 1.72099805
17046001 46.0189236111111 0.106296273519881 0.000245091751082145 1.56371868
17046002 46.0408101851852 0.106199286340764 0.000248066096523004 1.68692601
17046004 46.0649537037037 0.108725038731474 0.000259360824898249 1.38694024
17046005 46.0869791666667 0.110280336932719 0.000307986746932647 1.30105746
17046006 46.1036342592593 0.110697073236275 0.000839812295556089 1.37709808
17046007 46.1065046296296 0.109972892465792 0.000465822737615765 1.21578908
17046008 46.1163194444444 0.111375434740048 0.000438102822966911 1.37935865
17046009 46.1992939814815 0.103794298004763 0.000218393714750421 2.40710139
17046010 46.2203125 0.099447760590739 0.000219581692297739 2.19047213
17046011 46.2420023148148 0.0988461598832902 0.000222280483455543 2.23600435
17046012 46.2635185185185 0.100222298311248 0.000223250422712102 2.13351035
17046013 46.2856944444444 0.102581078046363 0.000232563417543352 1.87516809
17046014 46.3077662037037 0.106944681030794 0.000235139499601411 1.60354912
17046015 46.3313541666667 0.10900257235032 0.00022313045220756 1.59789860
17046016 46.3589699074074 0.109588018064542 0.000347120661226074 1.40957820
17046017 46.3720601851852 0.11052351964628 0.000376432483825583 1.40955245
17046022 46.523587962963 0.100445368735154 0.000200067566087341 2.42367983
17046023 46.5552777777778 0.0984898546353474 0.000253106362235957 1.93419302
17046029 46.6625 0.100099293239529 0.000211873504365059 2.80848050
17046030 46.6885416666667 0.0997618480140486 0.000208478687570995 2.33584285
17046031 46.7132060185185 0.100874401306721 0.00021898282902803 2.08974361
17046032 46.737349537037 0.0994190032058465 0.000201799915375101 1.96273911
17046033 46.7631597222222 0.103043893629988 0.000219680865178073 1.95703363
17046034 46.7874189814815 0.105278215008282 0.000221312710132634 1.67743504
17046035 46.8186574074074 0.106684259432135 0.000359263030723806 1.39728224
17046036 46.8311111111111 0.107024622467289 0.000323747701529107 1.45624578
17046037 46.8453356481482 0.108448109791384 0.000240393184306624 1.36336744
17046039 46.8691550925926 0.110701247318126 0.000264590484295551 1.25465584
17046040 46.8904861111111 0.111829426152684 0.000467687030299406 1.32028389
17046043 46.9390740740741 0.100881295795891 0.000302321080652565 3.05688691
17046044 46.9452430555556 0.0995588223721459 0.000364025008537964 3.14446759
17046045 46.955462962963 0.0998736442231531 0.000394887490442524 3.05395746
17046046 46.9658680555556 0.0983110513144881 0.00033321280035398 2.51953602
17046047 46.9772106481481 0.0991851700778772 0.000209962141325847 2.55033374
17047001 47.0049074074074 0.100151690090076 0.000277245487706573 2.07332230
17047002 47.0198611111111 0.10063774419438 0.000230057602736514 1.94137001
17047003 47.041412037037 0.101211863958501 0.0004492604842691 1.95942175
17047004 47.0479398148148 0.105164235303253 0.000235424932282361 1.90329087
17047005 47.0694328703704 0.10553444236732 0.000394392814420221 1.52021480
17047010 47.0865509259259 0.107536962704196 0.000402209908880514 1.30241859
17047011 47.0948263888889 0.109229619779218 0.000246847016715494 1.32908678
17047012 47.1168402777778 0.110946313608103 0.000252324907528701 1.27841258
17047013 47.1384490740741 0.113037928654545 0.000363263945437315 1.32919288
17047014 47.1499537037037 0.113077661059131 0.00026247168089095 1.24010479
17047015 47.1716435185185 0.115078238382831 0.000269259840756899 1.26475251
17047016 47.1929861111111 0.114678629214399 0.000509349034658517 1.39571178
17047017 47.2021990740741 0.115051028794466 0.000271672470116611 1.43936479
17047019 47.2625115740741 0.100875702393642 0.000221298883820306 2.82446694
17047020 47.2841087962963 0.100723661437535 0.000221043762007364 2.37465143
17047021 47.3055787037037 0.100013272114795 0.000222502445109006 1.90678132
17047022 47.3276967592593 0.101426283008835 0.000229778661070931 1.91061008
17047023 47.350462962963 0.0999608035310027 0.000386569334064727 2.10688233
17047024 47.3611805555556 0.0992547496890838 0.000690554339682551 2.07811880
17047040 47.540775462963 0.100274750521621 0.00020319425377966 5.59568930
17047041 47.5655671296296 0.098954693527137 0.000216983524235166 5.20092535
17047042 47.5882407407407 0.101399963454862 0.000232417970261365 3.28085971
17047043 47.6104398148148 0.100376191261679 0.000254219903291372 2.94856143
17047044 47.643587962963 0.101425019147064 0.000250731217677376 3.61791205
17047045 47.6612731481482 0.103357819791996 0.000226701844228757 2.55281043
17047046 47.6829976851852 0.104676743792215 0.000335813208906251 1.79496896
17047047 47.6943518518518 0.104461068383159 0.000368919345622752 1.49251986
17047048 47.7029282407407 0.103709172632131 0.000347208499645873 1.32737792
17047049 47.7136226851852 0.105393650060018 0.000222446418928241 1.22833836
17047050 47.7382407407407 0.108748088607114 0.000252403758486298 1.20833015
17047051 47.7602777777778 0.110528018789 0.000295009823933292 1.27009785
17047052 47.7762847222222 0.111692403048243 0.000253439051821124 1.30543602
17047053 47.7981597222222 0.11446249351246 0.000355622303250709 1.37076724
17048001 48.0234837962963 0.102312235703744 0.000342876517892757 6.26596355
17048002 48.0361226851852 0.101000955796717 0.000226513767709092 4.55875444
17048003 48.0561342592593 0.0995778712709789 0.00027045898995484 7.87614870
17048004 48.0779282407407 0.0989094480351579 0.000227366055458553 5.25584698
17048005 48.100162037037 0.100366132992236 0.000219516910898858 3.57624841
17048006 48.1216550925926 0.10228123286682 0.00022597756914907 4.64188051
17048007 48.1438773148148 0.102736907555653 0.000239594036146957 3.40878654
17048008 48.1657291666667 0.105620486702224 0.000251790483304788 1.69849133
17048009 48.1854976851852 0.109464583239242 0.000231736168071921 1.42718959
17048010 48.2074537037037 0.112341638258698 0.000244900754364214 1.32978678
17048011 48.2297569444445 0.115714542610077 0.000257327807910312 1.41738987
17048012 48.2512615740741 0.11446932926328 0.000254901915504286 1.38234854
17048013 48.2729166666667 0.116331874657612 0.000260088433783022 1.69296861
17048014 48.2944560185185 0.117001279269347 0.000280054010780656 1.61071074
17049005 49.072650462963 0.0115687339173601 0.000869848877864134 5.85861063
17049007 49.0798958333333 0.10230697193101 0.000233290180083752 5.07756329
17049008 49.1007407407407 0.10269556415401 0.000516573487006814 3.32709980
17049013 49.1225925925926 0.106179377621996 0.000219129274465967 2.85508204
17049014 49.1448263888889 0.107180070761721 0.000245763285706065 1.93884122
17049015 49.2046759259259 0.103375777979762 0.00112481970631311 2.51476765
17049016 49.2065393518519 43.6977653373552 2.03801778136118e-07 2.38149405
17049017 49.2287268518519 22.9028868498133 1.63919336921088e-06 5.41245365
17049018 49.2511805555555 29.7882276439551 7.89450701004914e-07 3.78967404
17049019 49.2728703703704 56.4663826234229 9.51569938783388e-08 1.41821194
17049020 49.294525462963 59.8491588213738 8.1235383510046e-08 1.31345415
17049021 49.3150694444444 40.7423953688728 2.5734006596139e-07 2.22502613
17049022 49.3367708333333 47.1871197799452 2.86794281997573e-07 2.24042845
17049023 49.3564467592593 68.2810718729216 5.8301309530582e-08 1.67057157
17049024 49.3788078703704 60.3710128193893 7.56027039432546e-08 1.54211318
17049025 49.4004282407407 59.928363147062 1.10350128493319e-07 1.64397049
17049026 49.4134953703704 60.7795826660762 1.53603594229812e-07 1.50736892
17049027 49.4184375 63.0423699020958 6.91425071560408e-08 1.62615275
17049028 49.4400810185185 43.395109816255 3.35882061668325e-07 2.15771079
17049029 49.4479976851852 0.11727835584986 0.00446316019790316 2.69580150
17049044 49.5904166666667 16.5000463355428 8.75673244504395e-08 100000000.00000000
17049045 49.6129166666667 23.6906968415828 3.59747701483567e-08 100000000.00000000
17049046 49.6347569444444 0.100756573626101 0.000178266269302608 9.66178226
17049047 49.656400462963 0.101689056951904 0.000183962411983553 3.49830627
17049051 49.6853703703704 0.105834768549178 0.000213614724793423 1.52082455
17049052 49.7057638888889 0.109567502713129 0.000237406315705223 1.52756214
17049053 49.7253935185185 0.107673850750949 0.000421866298775673 1.46787322
17049054 49.7339583333333 0.108836162399934 0.000241990674912556 1.40848112
17049055 49.7528819444444 0.108129128460286 0.00022013642044291 1.48866045
17049056 49.7750115740741 0.10756815871423 0.000212451267042473 1.37047040
17049057 49.7983680555555 0.108827163860412 0.000213264827883977 1.53468919
17049058 49.8233564814815 0.110499160750796 0.000373686291815312 1.45629168
17049059 49.8349884259259 0.110559836592157 0.000254766208879103 1.41709304
17049060 49.8542824074074 0.111332555386834 0.000256196019410033 1.34404087
17049061 49.8736111111111 0.112369092363261 0.00028431943903404 1.37403381
17049066 49.9548958333333 0.101214114250815 0.0001806115422424 3.55858898
17049067 49.9766782407407 0.101226438831855 0.000190286601835099 3.78654099
17049068 49.9982407407407 0.101399045907879 0.000203472917894853 1.92649972
17050001 50.0193055555556 0.10053100790815 0.000202975752536603 2.52956963
17050002 50.0408680555556 0.101248272621342 0.00019986975671326 3.12234354
17050003 50.0628125 0.0995173810653357 0.000195068247568366 3.14636636
17050004 50.0844675925926 0.101963708626369 0.00019607730955001 3.57295513
17050005 50.1058449074074 0.103855816508041 0.000199396455467567 1.91218758
17050006 50.1281365740741 0.104916731622119 0.000211876087555317 1.55509281
17050007 50.1500115740741 0.107746986660333 0.000222859086724739 1.36185849
17050008 50.1716782407407 0.10974197692386 0.00023009214054721 1.48687875
17050009 50.1931712962963 0.111531865948511 0.000239001149345346 1.51004136
17050010 50.2144560185185 0.110524060800174 0.000263785311467493 1.54686439
17050013 50.3762962962963 0.0999403015722943 0.000251169845334442 4.51886845
17050014 50.3921412037037 0.100444510616147 0.000195952657070913 3.58735037
17050015 50.4137268518519 0.0999124426184535 0.000204732441513444 3.00418639
17050016 50.4350925925926 0.100049605517241 0.000198884822947395 2.99502707
17050024 50.4684143518519 0.101721231051521 0.00018860747733217 3.68277884
17050025 50.4912037037037 0.104254482431526 0.000200492096231532 1.99899876
17050026 50.5137268518518 0.106946946007758 0.000218168492382462 1.33115840
17050027 50.5358796296296 0.107537728172063 0.000229039935165619 1.26980090
17050028 50.5573842592593 0.112075712856904 0.000253815399246351 1.49281788
17050030 50.6653240740741 0.100943788483935 0.000162453828458732 2.84440088
17050031 50.6854861111111 0.100594103788362 0.000172271894823569 1.70057058
17050032 50.7128935185185 0.1014521766652 0.000189553419164632 1.41921246
17050033 50.7408449074074 0.10227788456289 0.000459678090322923 1.18455660
17050034 50.7475115740741 0.101479911892202 0.000195604055106163 1.28181422
17050035 50.776087962963 0.101736084163911 0.000188275954940315 1.05717766
17050036 50.8047569444444 0.100803335256383 0.000614509711603956 1.39834344
17050037 50.8115162037037 0.101931494272041 0.000183567808925709 1.28703952
17050038 50.8393981481481 0.103401147902848 0.000185974425702806 1.24988699
17050039 50.8657291666667 0.100959303956084 0.00017323352822 1.48897958
17050040 50.8940046296296 0.103529858936416 0.000192750770619524 1.32096803
17050041 50.9195486111111 0.106705321374781 0.0001663808904085 1.32503545
17050047 50.9912731481481 0.101569934858159 0.000286317075103985 1.86015737
17050048 50.9986226851852 0.100829585809292 0.000192081266600216 1.59437823
17051001 51.0190972222222 0.0996414553492881 0.000194631224772456 1.67315495
17051002 51.0404861111111 0.100091108932841 0.000203217221915053 1.38617563
17051003 51.0632175925926 0.100442292538286 0.000209076182310295 1.46213734
17051004 51.0845949074074 0.100962953213895 0.000213810104298977 1.14077139
17051005 51.1066782407407 0.0997931856644523 0.000200824876010944 1.46877134
17051006 51.1290856481481 0.100535071308685 0.00020821525576585 1.20492601
17051007 51.1505324074074 0.100404019540402 0.000201991370309465 1.27501154
17051008 51.1729166666667 0.101080436248712 0.000516604719212353 1.39662588
17051011 51.1801388888889 0.101810442776687 0.000325935175770018 1.43164587
17051012 51.1909837962963 0.101060633258788 0.000426920905513527 1.50621343
17051013 51.3514930555556 0.101086767185094 0.000171155645957197 2.54608798
17051014 51.3707986111111 0.100395692844699 0.000193074561245321 1.66920829
17051015 51.3926851851852 0.101003685207415 0.000209702456881869 1.44037271
17051016 51.4145138888889 0.100392645447897 0.000207485860033051 1.63093567
17051017 51.4361342592593 0.0989420779028169 0.00020174579005743 1.47008133
17051018 51.457974537037 0.101482598750907 0.000197060241313005 1.41971648
17051019 51.4819328703704 0.10130665441347 0.000205110261037498 1.48298788
17051020 51.5037731481481 0.101729780922852 0.00019566534122091 1.65968275
17051021 51.5267939814815 0.101529012814748 0.000200784933740341 1.52475071
17051022 51.5485763888889 0.100977603068396 0.00026335244904188 1.40280247
17051023 51.5630324074074 0.101982456314018 0.000301361567275872 1.26776493
17051024 51.574537037037 0.103330668627778 0.000206544620289086 1.20892417
17051025 51.5972453703704 0.105127151966268 0.000214287913029373 1.19080949
17051026 51.6189236111111 0.107729372486619 0.000226072540667903 1.34998012
17051031 51.6710185185185 0.100536674022231 0.00016434527839736 2.64584184
17051032 51.6913425925926 0.0999686318992076 0.000387069604398683 1.46516550
17051033 51.6987268518519 0.101068906854205 0.000189091707370082 1.66773057
17051034 51.7230671296296 0.102336890069845 0.00020307874181358 1.21843958
17051035 51.7477777777778 0.0993199590866025 0.000191641386188945 1.27739942
17051036 51.7728472222222 0.100960006360903 0.000200157025286647 1.41258371
17051037 51.8000810185185 0.100578898193992 0.000206896285787052 1.41987967
17051038 51.8223726851852 0.101532401177681 0.000193675999818642 1.34060538
17051039 51.8476967592593 0.101803198662054 0.000482720441769207 1.34509778
17051040 51.8571527777778 0.0978790107744662 0.000932872180241973 1.48095191
17051041 51.8604398148148 0.100454431029494 0.000323735989469667 1.36410177
17051042 51.8697800925926 0.0991097693185462 0.000925875043312681 1.59365451
17051043 51.8719675925926 0.102547433573306 0.000277498378192834 1.51555741
17051044 51.8809375 0.101380796238023 0.000265430830911687 1.46192658
17051045 51.8935069444444 0.103989241852311 0.000216659004392985 1.25109255
17051046 51.9135185185185 0.105266814086207 0.000207575311578777 1.25970435
17051048 51.9542361111111 0.10693581393764 0.000247442414718495 1.30692101
17051049 51.9665972222222 0.108408832589991 0.000254333801156391 1.33097482
17051050 51.9842361111111 0.108970869073023 0.000279901638426624 1.32058108
17052003 52.0331134259259 0.0989795836243795 0.000314742682657729 3.27337313
17052004 52.0404398148148 0.100306242900496 0.000188313529188082 1.89932358
17052005 52.0614236111111 0.100756545899691 0.000198155851374668 1.57900500
17052006 52.0830787037037 0.101225777272512 0.000207357501096935 1.30614281
17052007 52.1047800925926 0.10161017964783 0.000206446664628073 1.28359222
17052008 52.12625 0.101382173747584 0.000194334361950064 1.47476423
17052009 52.151412037037 0.101704253542854 0.00042910154543258 1.45904839
17052010 52.1578240740741 0.101037662965921 0.000206578419364849 1.42320693
17052011 52.1794907407407 0.101281382144655 0.000200597761527792 1.31858265
17052012 52.2011342592593 0.10228943160575 0.000202729181156527 1.26383162
17052013 52.2225694444444 0.10342016553826 0.000201383754922502 1.35718703
17052014 52.244212962963 0.105302937032418 0.00021118037867451 1.22169340
17052015 52.2657060185185 0.106889740034462 0.000220078625790432 1.32622325
17052016 52.2875810185185 0.10915136679571 0.000221656825745494 1.26712823
17052017 52.3098032407407 0.108782826411656 0.000236836692435186 1.41531134
17052018 52.3304976851852 0.10936987812072 0.00023321680477313 1.39749372
17052019 52.3523726851852 0.112636722594999 0.000849974413858171 1.39600897
17052026 52.3861342592593 0.0998024890934757 0.000162624548273068 3.02152491
17052030 52.4134027777778 0.101044793845625 0.000197301808355377 1.55136681
17052051 52.6036921296296 0.100650573657264 0.000179885505495091 2.48913956
17052052 52.6254861111111 0.102363964499436 0.000569254937614283 1.46128333
17052053 52.6330439814815 0.101102915206444 0.000214663016812098 1.47567248
17052054 52.6563425925926 0.101353030898089 0.000224031620730448 1.24599659
17052055 52.6786111111111 0.102046820971949 0.000200148214813052 1.23069930
17052056 52.7041666666667 0.101647003781783 0.000202926363438751 1.22203004
17052057 52.7280324074074 0.100662709511148 0.000208724622576219 1.33632720
17052058 52.749837962963 0.101917361687157 0.000190703826066742 1.26935530
17052059 52.7752662037037 0.102533107311305 0.000192129749897688 1.29444361
17052060 52.8001041666667 0.102498627642916 0.000183786076960472 1.59586525
17052061 52.826087962963 0.105241521636209 0.00020445565829383 1.19288826
17052062 52.8497106481481 0.106141734049859 0.000201670505446045 1.30157578
17052063 52.8745023148148 0.108370419354235 0.00021246457606248 1.36898553
17052064 52.8984027777778 0.110084379366163 0.000234602034038482 1.48598778
17052065 52.9191550925926 0.110055308374922 0.000312939993360057 1.42689276
17052067 52.9732060185185 0.0988245210926748 0.000325644299571371 4.01516342
17052068 52.9788888888889 0.10187841098895 0.000170774352384719 2.26607609
17053001 53.0051967592593 0.101119163373573 0.000252006321254938 1.47063327
17053002 53.0190625 0.102275735042582 0.000341711232010029 1.42424071
17053003 53.0296296296296 0.101387879298453 0.000277228888668075 1.37431288
17053004 53.0453356481482 0.102030879109629 0.000212075162384905 1.10628843
17053005 53.066875 0.101667139169431 0.000212231206313445 1.26508868
17053006 53.0887384259259 0.101867107311886 0.000212323041782654 1.45464146
17053007 53.1105092592593 0.101086577240916 0.000208423545359716 1.43537974
17053008 53.1316898148148 0.0999682948497362 0.000200618058940096 1.36012685
17053009 53.1537268518519 0.100572862997329 0.000203356158537965 1.38665676
17053010 53.1753819444444 0.102390757574465 0.000197581391114152 1.45890808
17053011 53.1975694444444 0.101244917969005 0.000197271486961522 1.47708321
17053012 53.2192476851852 0.10411200888854 0.000206843739329511 1.24455929
17053013 53.2405902777778 0.106744192262234 0.000214581498690084 1.28791547
17053014 53.2619444444444 0.106587609113121 0.000225915261225023 1.30276346
17053016 53.2940162037037 0.0927407438589735 0.000532930431562896 1.40551162
17053020 53.3373842592593 0.0993043009394314 0.000522719218472224 2.19043136
17053022 53.3412731481482 0.0941604826686307 0.00030122791700032 1.84990299
17053023 53.3494444444444 0.0994320516200547 0.000190066578298821 1.63981533
17053024 53.3716203703704 0.101052422668038 0.00019858710295985 1.35807061
17053025 53.3938888888889 0.101008200984793 0.00020819367595477 1.36972356
17053026 53.4157175925926 0.100846959889048 0.000204208668220953 1.32360840
17053027 53.4378009259259 0.100100398535998 0.000205461621247567 1.42436945
17053030 53.4626041666667 0.103042270148897 0.000256881324460025 1.42512977
17053031 53.4828240740741 0.100450959880407 0.000423591703194972 1.56338012
17053032 53.4872569444444 0.10122378242568 0.000200628040851915 1.50657320
17053033 53.5084606481481 0.102196399985353 0.00019918222199042 1.51180100
17053034 53.5299884259259 0.102647227929913 0.000203642128813966 1.25138950
17053035 53.5515625 0.106607288326918 0.000203695158005866 1.30395138
17053036 53.5754166666667 0.108426481297643 0.000220805385485641 1.39957237
17053037 53.5970486111111 0.10908112617541 0.000221932510132961 1.49756920
17053038 53.618912037037 0.110051355870045 0.000217825087396928 1.56973052
17053039 53.6422569444444 0.111970583025728 0.00025368372915387 1.62526190
17053041 53.7421875 0.100432795792318 0.000365426791750546 1.76078665
17053042 53.748275462963 0.101540469043792 0.000170822000774693 1.77285123
17053043 53.777037037037 0.102563241715073 0.000200472295636806 1.43434668
17053044 53.8015625 0.101782822966511 0.000211795508957694 1.04143870
17053045 53.82625 0.101206313871743 0.000611236737087533 1.00000000
17054006 54.1313310185185 0.10170714389954 0.000165607936399669 1.70281506
17054007 54.1531365740741 0.101448353858199 0.000204311555790509 1.32830203
17054008 54.174849537037 0.102300641557719 0.000219220259513353 1.15411329
17054009 54.196412037037 0.101846898111742 0.00021231773434212 1.28916728
17054010 54.2180902777778 0.101227369793085 0.000214931725113482 1.32023299
17054011 54.2399652777778 0.102469584920768 0.00022347168100591 1.08439946
17054012 54.2616319444444 0.100866663447683 0.000210507866893544 1.00817919
17054013 54.2834259259259 0.101809849850618 0.000211129492637464 1.44325590
17054014 54.3039236111111 0.10155124323608 0.000208294478009167 1.24498761
17054015 54.3267476851852 0.102700669730587 0.000204189336729409 1.17923319
17054016 54.3504976851852 0.103146378948958 0.00077591825779927 1.37625539
17054017 54.3534837962963 0.0183349143328272 0.00183174323266473 1.40997446
17054020 54.3596412037037 0.0919777649048999 0.000778542692364418 1.20536065
17054021 54.3630555555556 0.0898664742895712 0.000329387537280222 1.22495997
17054022 54.3713310185185 0.10397978771705 0.000222309564877677 1.24248075
17054023 54.3912615740741 0.107213093277451 0.000216835779549541 1.30365443
17054026 54.4193171296296 0.1074954247545 0.000224505158529194 1.34344697
17054027 54.4415046296296 0 3.62390024105291e-06 1
17054028 54.4465856481482 0.108128792271984 0.000268045585685877 1.30484211
17054040 54.6328935185185 0.100627719536489 0.000154140844686688 1.81279528
17054041 54.6544675925926 0.100123286778374 0.000196582397754152 1.91575253
17054043 54.6767361111111 0.101040947515416 0.000188631271891155 1.48710048
17054044 54.7010185185185 0.101859660582125 0.000179849400206493 1.41259563
17054045 54.7300231481481 0.10136900814665 0.000210559315498119 1.20980489
17054046 54.7519097222222 0.101752905723882 0.000199612292225345 1.17853642
17054047 54.7756481481482 0.102300219079245 0.000178263237996312 1.41746271
17054048 54.8053819444444 0.102685829959407 0.000214063157887182 1.13438725
17054049 54.827337962963 0.103714866556531 0.000194439447568545 1.21902072
17054050 54.851724537037 0.103901251910408 0.000202058116525957 1.16645885
17054051 54.8766782407407 0.106624199143954 0.000178946964974138 1.36334312
17054052 54.9096180555556 0.108483734683998 0.000240708935091341 1.39571190
17054053 54.9285763888889 0.109605272249977 0.000224985106704369 1.43134713
17054054 54.9519097222222 0.110545592493758 0.000418123773570832 1.43520761
17055001 55.0317592592593 0.100362467811719 0.000200130260225345 1.78291214
17055002 55.0421759259259 0.100524761585825 0.000183493243930687 1.74643898
17055003 55.0634259259259 0.0996859913401601 0.000198765771877626 1.55139530
17055004 55.0851388888889 0.100813772652925 0.000208639875682115 1.35592139
17055005 55.1068055555556 0.100738008745458 0.000208764772257375 1.24645507
17055006 55.1285069444444 0.101730609569922 0.000209502757440292 1.29179418
17055007 55.1503587962963 0.101347941998874 0.000207772859348539 1.14507782
17055008 55.1724189814815 0.100109353589099 0.000196984304778191 1.21633267
17055009 55.197349537037 0.101487209717123 0.000206370667762386 1.20298207
17055010 55.2189814814815 0.102763103905899 0.000206520217250455 1.41075099
17055011 55.2406712962963 0.105405768114757 0.000211325177573279 1.27366149
17055012 55.2623032407407 0.105778634114638 0.000216714765686621 1.37225211
17055013 55.2840393518518 0.107257005089164 0.000219331058794539 1.40046322
17055014 55.3057986111111 0.109688621904121 0.0003106835918002 1.38739717
17055015 55.3179861111111 0.109407539077954 0.000305700140945093 1.44055283
17055033 55.9594444444445 0.100017213696482 0.000199520068464531 1.60495365
17055034 55.9834027777778 0.0994733900294753 0.000313398133259324 1.17256391
17055035 55.9941319444444 0.0999612300796572 0.000272180240164543 1.21244740
17056007 56.0231365740741 0.0998246111910449 0.000303453222301197 1.05494988
17056019 56.269837962963 0.100994012869776 0.000202951523555654 1.17827356
17056020 56.2926273148148 0.101106345242188 0.000214757123933134 1.27240992
17056022 56.3162037037037 0.10052370006765 0.000208200791782138 1.00000000
17056023 56.3395023148148 0.10008787155003 0.000214989507113592 1.00000000
17056024 56.3624652777778 0.10164346740437 0.000214420716081998 1.18103361
17056025 56.3871412037037 0.102517623548013 0.000274285579311722 1.00000000
17056026 56.4024768518519 0.105371584597478 0.000230001225873298 1.00000000
17056027 56.4250925925926 0.106290939276072 0.000258890855283392 1.00000000
17056028 56.4436111111111 0.107703024219543 0.000881930600911205 1.00000000
17056036 56.4834143518518 0.106557668125691 0.00035836691651819 1.00000000
