17076042 76.8349768518518 0.101175266056663 0.00051848514476072 1.96962500
17076044 76.8436458333333 0.103174046803374 0.000380408134255216 1.41258729
17076045 76.8503703703704 0.0975486221374012 0.00200095320478582 1.48010361
17076046 76.8522800925926 0.103311404073245 0.000210164897022373 1.38716614
17076048 76.8760069444444 0.102172456936687 0.000207218541934341 1.39078760
17076049 76.8975115740741 0.103658973309015 0.000215680968707583 1.34886110
17076051 76.9204398148148 0.103642330728708 0.000213963209250746 1.41352081
17076052 76.9419097222222 0.103406367663596 0.000323168226998286 1.56963503
17076053 76.9524884259259 0.103620224924182 0.000252275793044754 1.48523855
17076054 76.9704282407407 0.103345514857445 0.000203875951087583 1.52155876
17076055 76.9926851851852 0.102958539616544 0.000210282396089962 1.66925728
17077002 77.0152893518518 0.103926957698514 0.000218498271519289 1.74635124
17077004 77.0395949074074 0.102297893161333 0.000206262460978617 1.67200220
17077005 77.0552083333333 0.103770598455084 0.000155649595146063 1.64414203
17077006 77.0770138888889 0.10535402383876 0.000176944690215234 1.65529680
17077007 77.0945717592593 0.0886389528302536 0.000214822864169382 1.33818269
17077008 77.1163194444444 0.106342165923241 0.00027641012978106 1.25326252
17077009 77.1762037037037 0.103542183619489 0.000192993713869114 1.71457350
17077010 77.2006365740741 0.103589829106637 0.000211094431785199 1.41488564
17077011 77.2222685185185 0.104602482644371 0.000229668922676575 1.27928662
17077015 77.2483101851852 0.103375859292011 0.000212160180118563 1.33221304
17077016 77.2700231481481 0.103938448817468 0.000209125434603359 1.54308355
17077017 77.3053240740741 0.103544655660397 0.000276530516557121 1.65144968
17077031 77.634537037037 0.103208218185713 0.000211478548699241 1.50204313
17077032 77.6559837962963 0.102684978990169 0.000202708812167856 1.39134681
17077033 77.678599537037 0.102778851757102 0.000205526758850106 1.35275459
17077034 77.7000115740741 0.102652112952242 0.000209268779726766 1.30984616
17077035 77.7217708333333 0.101577122278695 0.000274388745937523 1.42387784
17077036 77.734537037037 0.105059943175795 0.000690054663144122 943.40844727
17077037 77.7383912037037 0.102134235566463 0.000358777780264539 1.52930582
17077039 77.7534375 0.100781126752276 0.000199820472598671 1.55530798
17077040 77.7749074074074 0.10143710824513 0.000258684624616038 1.74434912
17077042 77.9223263888889 0.101923254447235 0.000202415733644457 1.46431410
17077043 77.9433680555556 0.102061049281225 0.000215908120420437 1.36750031
17077044 77.9646759259259 0.103135082767024 0.000220667996065783 1.28579795
17077045 77.9863541666667 0.102995922528355 0.000221045060812383 1.27416348
17078001 78.0080092592593 0.1027897418787 0.000220126067377313 1.00000000
17078002 78.0299884259259 0.10311185975105 0.000430826947839885 1.17175496
17078003 78.0390277777778 0.101158897495516 0.000413292771153884 1.24499977
17078004 78.0458564814815 0.0842054536872116 0.000181312812371454 1.27383637
17078005 78.0696875 0.103962736771389 0.000211445268582641 1.27143896
17078006 78.0914236111111 0.103151338015165 0.000205937588620746 1.52101123
17078007 78.1130439814815 0.103010613190094 0.000206096274179159 1.51027167
17078008 78.1346412037037 0.105690083790192 0.000202347902045877 1.42396486
17078010 78.1591087962963 0.10772788222261 0.000184470293960913 1.07880521
17078011 78.1890972222222 0.109054894242562 0.000211874080327432 1.00000000
17078012 78.2123842592593 0.111822218382126 0.000223016256046777 1.00000000
17078013 78.2340740740741 0.111696333198884 0.000315724567369352 1.00000000
17097024 97.7655555555556 0.124886912087735 0.00051189192877666 1.42267942
17097025 97.7732523148148 0 0.00142005716926081 1.07458591
17097026 97.7753703703704 0.124245231782023 0.000364214028701443 1.03339839
17097031 97.8025810185185 0.118175055984348 0.00056761936231155 1.72275722
17097034 97.8096990740741 0 0.0013286498735217 1.60402179
17097035 97.8112268518519 0.112613636452779 0.00305031788986377 1.56002855
17097036 97.8175578703704 0.119027410384495 0.000576458340493814 1.45336258
17097038 97.826724537037 0.106601602473245 0.00455942996272417 1.37326694
17097039 97.8282986111111 0.109602929876557 0.00454140620963912 1.49269140
17097042 97.8463425925926 0.117863428041543 0.000291338384667931 1.13665307
17097046 97.8818055555555 0.120827748931044 0.00024867937204782 1.00000000
17097047 97.9035185185185 0.121492395053075 0.000646227131522347 1.00000000
17097048 97.9118287037037 0.122608267305203 0.000254688510912581 1.00000000
17097049 97.9336111111111 0.12532988689069 0.000386499538375793 1.00000000
17097050 97.9439236111111 0.124380615049559 0.000262125816104483 1.00000000
17098002 98.0407407407407 0.121187745617744 0.000314123495703011 1.00000000
17098003 98.061724537037 0.117133601320356 0.000221234307315054 1.74831605
17098004 98.0834953703704 0.115892384382944 0.000230357722732379 1.58033299
17098007 98.1103009259259 0.11516576090733 0.00023837178447335 1.39199340
17098008 98.1321064814815 0.117672481535401 0.000236287015481924 1.30098200
17098010 98.1643981481482 0.119479977445737 0.000246787893167198 1.00000000
17098011 98.1863078703704 0.121086366049541 0.000255147512507055 1.00000000
17098012 98.2080208333333 0.123044092470668 0.000260902769392126 1.00000000
17098013 98.2297569444444 0.124329292528336 0.000267766758951164 1.00000000
17098014 98.2516666666667 0.12627701942044 0.000340613562806186 1.00000000
17098015 98.2667592592592 0.126809920492421 0.000276517983760843 1.00000000
17098016 98.2889351851852 0.128877704914047 0.000284358087938146 1.00000000
17098017 98.313287037037 0.128859298895213 0.00176885608141269 1.00000000
17098018 98.3273032407408 0.130614833121047 0.000754482331714968 1.00000000
17098021 98.3347222222222 0.130997133477082 0.000438507486771472 1.00000000
17098033 98.4403125 0.10287636684718 0.000292189177331531 2.15453148
17098035 98.4521643518519 0.107092165887772 0.000209920290002173 1.68777227
17098036 98.4742361111111 0.108788903418493 0.00022192192840446 1.50417066
17098037 98.4959953703704 0.108291316891035 0.000229365910973145 1.17892385
17098038 98.5179166666667 0.10708929524612 0.000227044105105619 1.29241216
17098039 98.5396759259259 0.109722133601743 0.000231981695903099 1.08948839
17098040 98.5615856481481 0.110560706763928 0.000234058033064681 1.00000000
17098043 98.5879166666667 0.110454845197376 0.000281202792189418 1.00000000
17098045 98.6080208333333 0.114046361407373 0.000244540987763114 1.00000000
17098046 98.6300925925926 0.116800165819298 0.000249490346938942 1.00000000
17098047 98.6538773148148 0.117206833212554 0.000260442163806092 1.00000000
17098048 98.6756018518519 0.121934687396528 0.000364283036543376 1.00000000
17098050 98.6904861111111 0.118952411110363 0.0013756252656485 1.00000000
17098057 98.8023958333333 0.102874519108722 0.00048001688176343 1.60863233
17098058 98.8051851851852 0.101912145351111 0.000621346613137049 1.39939201
17098059 98.8078703703704 0.103407962432346 0.000201159539781744 1.49811184
17098060 98.8295601851852 0.10259686804472 0.00020126125418833 1.49261725
17098061 98.8515509259259 0.103692289138849 0.00019915729027795 1.55532110
17098062 98.8733680555555 0.103392265444782 0.000297072133125728 1.53793848
17098063 98.8875694444445 0.103487890139185 0.0001975462899615 1.56400907
17098064 98.9092592592593 0.10275527778438 0.000204677315979812 1.52161419
17098065 98.931412037037 0.103419739274005 0.00020605337154675 1.48003507
17098066 98.9530671296296 0.103214998673251 0.000210784407916818 1.49409771
17098067 98.9740625 0.102985477875243 0.000201211270947099 1.50588930
17098068 98.9960416666667 0.103795892953761 0.000208726397873869 1.46969903
17099001 99.0177777777778 0.104690204382829 0.000211915776058942 1.35650396
17099002 99.0393865740741 0.106973984931506 0.000217375360850453 1.04918349
17099004 99.0671180555556 0.109094046260625 0.000221359533599474 1.00000000
17099005 99.089212962963 0.110782701039289 0.000218897936744266 1.00000000
17099006 99.1120023148148 0.111053791963932 0.00023054016744854 1.00000000
17099007 99.1338888888889 0.112192028077604 0.000291486774964611 1.00000000
17099010 99.2425578703704 0.102597073525014 0.000202386321937451 1.62418818
17099011 99.2633680555555 0.102169173375408 0.000209371097807706 1.52116811
17099012 99.2852083333333 0.103430893517838 0.000215367746182769 1.34779930
17099013 99.3071643518519 0.101969425489368 0.000210448301539008 1.19213760
17099014 99.3292824074074 0.103516336529471 0.000174071255177678 1.49849629
17099015 99.3511111111111 0.105462523675745 0.000205372928235181 1.35118389
17099016 99.3734027777778 0.103339079598385 0.000207519393182963 1.42858779
17099017 99.3951851851852 0.103347420521725 0.000197188513592083 1.50573111
17099018 99.4177199074074 0.103556560008067 0.000206213183852475 1.52834320
17099019 99.4396064814815 0.104779448812713 0.00020645161059899 1.44676614
17099020 99.4614814814815 0.105470680185817 0.000206626142735685 1.19854450
17099021 99.4847685185185 0.106906445906646 0.000208372244210332 1.00000000
17099022 99.5090046296296 0.106434066583723 0.000220394311987394 1.00000000
17099023 99.5308101851852 0.10943215946109 0.000222187343869124 1.00000000
17099024 99.5527777777778 0.111221569497178 0.000248399809663897 1.00000000
17099030 99.6923263888889 0.100057846105266 0.00104385178347365 1.40812457
17099031 99.6941898148148 0.100986976330912 0.000541018371419935 1.49564600
17099032 99.7026157407407 0.100935792746986 0.0011522116044873 1.49776947
17099033 99.706099537037 0.102375404068225 0.000203671671290204 1.51149440
17099034 99.7279282407408 0.101751783821762 0.000214309975647512 1.26793790
17099035 99.8397337962963 0.101786463785875 0.00021138351295605 1.00000000
17099036 99.8614351851852 0.103188874963639 0.000200719127682132 1.48589826
17099038 99.8833912037037 0.103035513633547 0.000210172629726755 1.44540668
17099039 99.9051388888889 0.10368118953327 0.000204314679568945 1.57319522
17099040 99.9267708333333 0.103897157482921 0.000210261521069573 1.43023264
17099041 99.9481018518518 0.104025190620344 0.000210402303963519 1.48731673
17099042 99.969837962963 0.103971101200755 0.000218286496781176 1.38627958
17099043 99.9946180555556 0.10526083932132 0.000205480522800624 1.51963186
17100001 100.016388888889 0.104123489254681 0.000199911879847757 1.49339306
17100002 100.038171296296 0.105256720392872 0.00021296315668047 1.31783557
17100003 100.059930555556 0.106343156544708 0.000214847848104253 1.15409172
17100004 100.081608796296 0.107014413625513 0.000214916066213531 1.04968190
17100005 100.103831018519 0.108907572018385 0.000225482248362502 1.00000000
17100006 100.125601851852 0.109072774535657 0.000225094048471557 1.00000000
17100007 100.147430555556 0.111166245356141 0.000276248585853114 1.00000000
17100008 100.229039351852 0.101744451504523 0.000352580693537332 1.47640705
17100009 100.241041666667 0.101461010927805 0.000202661789317005 1.48593032
17100010 100.262708333333 0.103135103040637 0.00020450503321885 1.45583427
17100011 100.285578703704 0.103429366577789 0.000209380782858873 1.42905688
17100012 100.307418981481 0.104815816432666 0.00020221882743405 1.60587025
17100013 100.329548611111 0.103220629301766 0.000207962621482119 1.40751433
17100014 100.351331018519 0.104919209274092 0.000212554804512141 1.52203441
17100015 100.373912037037 0.10539361470372 0.000214148091524711 1.49292779
17100016 100.395474537037 0.10508864898697 0.000212169891041045 1.45958853
17100017 100.417314814815 0.105858536103545 0.000223479516748054 1.24685431
17100018 100.438587962963 0.108257902957113 0.000223144118716536 1.06364286
17100019 100.460289351852 0.110923676673943 0.000232703859031868 1.00000000
17100020 100.481967592593 0.113231519754188 0.000235571474531509 1.00000000
17100021 100.503796296296 0.112376812872422 0.000240298744037522 1.00000000
17100022 100.525520833333 0.115881020707381 0.000271401990911687 1.00000000
17100024 100.549490740741 0.116487250392468 0.000245598184590712 1.00000000
