17058002 58.0438078703704 0.10011984191458 0.000196683589728717 1.67196321
17058003 58.0645717592593 0.101283854562453 0.000281897023158987 1.57942522
17058004 58.0785532407407 0.101716172735488 0.000422932034168052 1.38067496
17058005 58.085462962963 0.100662861055369 0.000210207704048219 1.26223564
17058006 58.1072800925926 0.100513086590559 0.000217887348725962 1.31401002
17058007 58.1290625 0.100049195655763 0.000268108522375147 1.29969227
17058008 58.1456018518519 0.100303033220449 0.000244108533605967 1.34904146
17058009 58.1628356481482 0.100451924901162 0.000219180420819887 1.24634206
17058010 58.184375 0.101948359771954 0.00021723708930955 1.30431294
17058011 58.2054861111111 0.102646037111457 0.0002169090885426 1.12670863
17058012 58.2270601851852 0.103539976669834 0.000244796886273956 1.00000000
17058013 58.2487731481482 0.103459772941299 0.000231417352642432 1.00000000
17058014 58.2704513888889 0.105269048477226 0.000223664904171094 1.00000000
17058015 58.2919328703704 0.106466081245501 0.000790947482167476 1.00000000
17058025 58.4066666666667 0.101154036004775 0.000215901338129745 1.18562758
17058026 58.4284606481482 0.100495645452207 0.000222684572338131 1.04503715
17058028 58.4518402777778 0.0997128556863817 0.000220176802067568 1.00758970
17058032 58.4755439814815 0.100584636671328 0.000219484625278915 1.10071945
17058033 58.4971412037037 0.101710264092179 0.000226974810824104 1.25625098
17058034 58.5179282407407 0.101336898048206 0.000215598567146048 1.00000000
17058035 58.5394675925926 0.10085534186703 0.000211026629890069 1.20249331
17058036 58.5611458333333 0.104482280982045 0.000210705890080558 1.20145702
17058037 58.5828240740741 0.10536547401959 0.000207731902432035 1.00000000
17058038 58.6070717592593 0.107382500276735 0.000226260820916936 1.00000000
17058039 58.6276851851852 0.108289700441949 0.000237525314549637 1.00000000
17058041 58.7604976851852 0.100275000343618 0.000197366408899584 1.20941806
17058042 58.7769675925926 0.098743440884264 0.00020056106573562 1.30706763
17058043 58.8002083333333 0.101101345496887 0.000217261058156173 1.26129627
17058044 58.8217592592593 0.100149323985088 0.000349804644335393 1.01873171
17058045 58.8322222222222 0.0996689038132055 0.000223859727781204 1.12646782
17058046 58.8540046296296 0.0994980048625572 0.000205721831104696 1.14758277
17058047 58.8787152777778 0.101023887753317 0.000219649276774509 1.04310668
17058048 58.9010069444444 0.100196151392208 0.00128801439952408 1.13244402
17058049 58.9069675925926 0.101839886896312 0.000263362727000888 1.07582200
17058050 58.9266319444444 0.101909898114061 0.00061411284149112 1.16591096
17058051 58.9341550925926 0.101551676553039 0.000530485220530807 1.18706012
17058052 58.9413773148148 0.100376988596938 0.00021076479613046 1.26625013
17058053 58.9639467592593 0.101295389454588 0.000209180899807161 1.30010307
17058054 58.9860648148148 0.102177302780812 0.000205075948895917 1.35431063
17059001 59.007974537037 0.104145683037598 0.000213903544552116 1.09943426
17059002 59.0302893518518 0.105567584241219 0.000287359828594861 1.00000000
17059003 59.0502546296296 0.107581864540642 0.000220769634434473 1.00000000
17059004 59.0720949074074 0.109244616115869 0.000325159085710739 1.00000000
17059006 59.1431712962963 0.100319603762818 0.00021561542464321 1.00000000
17059007 59.1649305555556 0.10030007989023 0.000229381042168216 1.07829452
17059008 59.1849652777778 0.100216613010851 0.00022199463832218 1.07916117
17059009 59.2064467592593 0.101005277552495 0.000225715714840776 1.00739443
17059010 59.2278935185185 0.100730351815533 0.000230689215986268 1.02731121
17059011 59.2491203703704 0.100855256209808 0.000228274505266663 1.00284505
17059012 59.2703819444444 0.101351661942897 0.000225245707045765 1.04778993
17059013 59.2918865740741 0.101348562731868 0.000209376218124663 1.12238491
17059014 59.3151041666667 0.100671998382642 0.000374511020304111 1.04003382
17059015 59.3231597222222 0.0996842536074142 0.00132618176125743 1.09828925
17059017 59.3266898148148 0.101292767793529 0.000218110412138999 1.09836423
17059018 59.3485300925926 0.101645442635009 0.00020754556834661 1.14617252
17059019 59.3712152777778 0.10117371984228 0.000213155884490986 1.08592761
17059021 59.3939930555556 0.101976969628059 0.000476822709607898 1.35777748
17059026 59.626087962963 0.101137157170737 0.000186826621888218 1.07715416
17059027 59.6454050925926 0.100409349850539 0.000723607834743499 1.37213564
17059028 59.6490625 0.0986310589420438 0.000207812215632231 1.31655908
17059030 59.6740856481482 0.0995037637156184 0.000193624024412322 1.20518577
17059031 59.7025 0.0999634794587389 0.000197428332894123 1.07156336
17059032 59.7309606481481 0.0996513058177816 0.000223748364068773 1.00000000
17059033 59.7531018518518 0.10000716857302 0.000229491480573025 1.05991244
17059034 59.7732523148148 0.101119432551916 0.0002130607254774 1.13814211
17059035 59.7960300925926 0.100846509577814 0.000217245546615104 1.22978663
17059036 59.8175578703704 0.10111395513247 0.000214492544846281 1.22567630
17059037 59.8395601851852 0.101736933123467 0.000211255551594131 1.27465069
17059038 59.8610532407407 0.101329180584364 0.000209397197344223 1.18012488
17059039 59.8829976851852 0.103591354703635 0.000211779964046365 1.21680224
17059040 59.905 0.104449298901011 0.000267380834503201 1.00000000
17059041 59.9195138888889 0.105210697445145 0.000225271153221224 1.00000000
17059042 59.9401388888889 0.106563620377343 0.000251815607594341 1.00000000
17060006 60.2047337962963 0.100707799898122 0.000178547609430849 1.43987262
17060007 60.2255555555556 0.10037934040469 0.000200136898989591 1.40771258
17060008 60.2471875 0.100738724719792 0.000210398669304702 1.37871480
17060009 60.269375 0.100332205828261 0.000223991526627562 1.05553699
17060010 60.2904166666667 0.102469844577584 0.000229921827755467 1.11443698
17060011 60.3116898148148 0.0995875244610704 0.000222801596614907 1.06274283
17060012 60.3331365740741 0.100010561771085 0.000210182573631562 1.11907172
17060013 60.3571296296296 0.10020125636569 0.00135329566548973 1.12942398
17060014 60.3585416666667 0.100365142872655 0.000228724629147077 1.01693285
17060015 60.3784722222222 0.100652384326187 0.000220044841646913 1.17188346
17060017 60.4043865740741 0.100591438946317 0.000215227239140145 1.26065350
17060018 60.4262847222222 0.10095325980272 0.000215043733968045 1.16244853
17060019 60.4478009259259 0.101798293884298 0.000256031940991637 1.23060429
17060020 60.4641087962963 0.101800875657507 0.000217379252817489 1.00000000
17060021 60.4857291666667 0.104509542921466 0.00023891811045631 1.00000000
17060022 60.5042476851852 0.107107552673044 0.000224052149208931 1.00000000
17060023 60.5262152777778 0.106754847871401 0.000722374146926877 1.00000000
17060034 60.5979976851852 0.0989209360722851 0.000210380915745675 1.44076312
17060035 60.6189236111111 0.0999121030676068 0.00022709302277766 1.12602651
17060036 60.6404976851852 0.100429052638309 0.00022744265399753 1.00000000
17060037 60.6627546296296 0.0993680385201905 0.000433204649181734 1.00135839
17060038 60.7720949074074 0.0990877107357513 0.000208490613433924 2.22071910
17060039 60.7914814814815 0.100695457820536 0.000218614035634555 1.17820632
17060040 60.8135648148148 0.101242552068373 0.000223566714352466 1.00000000
17060041 60.835474537037 0.0993377774785804 0.000230302675211468 1.00000000
17060042 60.8571759259259 0.100629922959738 0.000225519363716087 1.00000000
17060043 60.8791203703704 0.101155386027835 0.000231823955835531 1.00000000
17060044 60.901087962963 0.0992822773428599 0.000244698309618393 1.00000000
17060045 60.9190277777778 0.0995412069940444 0.000214780950120545 1.00000000
17060046 60.9419560185185 0.10075261151988 0.000211524077563619 1.00000000
17060047 60.9649537037037 0.0998626554097192 0.000216437940969682 1.21754956
17060048 60.9867939814815 0.10298794607921 0.00146908634204624 1.15470839
17060049 60.9894675925926 0.102534182785684 0.000218743768847554 1.01806033
17061001 61.0105324074074 0.104020825978776 0.000223109329968352 1.00000000
17061002 61.0321296296296 0.105932295555316 0.000189394139852964 1.00000000
17061003 61.1767476851852 0.0995381161416983 0.000219165127186231 1.27690709
17061004 61.1998032407407 0.100563665984799 0.000218238845818872 1.07772005
17061005 61.2214467592593 0.100379035643822 0.000230266403892235 1.00000000
17061006 61.2430092592593 0.099923963368944 0.000229094684705552 1.00000000
17061007 61.2644907407407 0.101179705695932 0.000234600435337715 1.00000000
17061008 61.2859375 0.108266034834309 0.000267155345701218 1.00000000
17061009 61.3072569444444 0.111857072624144 0.000313637810886324 1.00000000
17061010 61.3263078703704 0.102921589373472 0.000245146656354078 1.00000000
17061011 61.3484606481482 0.101076135149336 0.000431242537646088 1.00000000
17061012 61.3545023148148 0.102218178504106 0.000217781024035455 1.18366516
17061013 61.3763888888889 0.102964857451762 0.000216166005256267 1.00000000
17061014 61.3992361111111 0.102519566780454 0.000209596408782195 1.29285407
17061015 61.4213773148148 0.104084231131092 0.000316309001849102 1.00720072
17061016 61.4320023148148 0.103224544812311 0.000338498819530335 1.00000000
17061017 61.4428356481482 0.104075974105745 0.000592863294281562 1.00000000
17061026 61.5925231481482 0.0987983585928717 0.000288615396492307 2.62553239
17061027 61.6041319444444 0.10052568765893 0.000326126653402952 1.12215197
17061028 61.6159606481482 0.0993074491287833 0.000372583289285053 1.16019392
17061030 61.6265972222222 0.100755438027256 0.000328486980983386 1.07939196
17061031 61.6354166666667 0.099985168295255 0.000462430899128714 1.07962275
17061032 61.6398148148148 0.100508727019569 0.00022705966553593 1.11242509
17061033 61.6619097222222 0.100151539984569 0.000227936496239716 1.00000000
17061034 61.6843287037037 0.100755820850635 0.000228689114742639 1.00000000
17061035 61.7069907407407 0.101906006092351 0.000234633743565642 1.07242501
17061036 61.7287731481482 0.100004506335596 0.000229568944427765 1.00000000
17061037 61.7504976851852 0.100573804033305 0.000306853782545855 1.00000000
17061038 61.7623611111111 0.101452548157897 0.000223972503427595 1.00000000
17061039 61.7840625 0.101262864534647 0.000221329622331686 1.09886873
17061040 61.8058101851852 0.101923092471375 0.000221600367878437 1.15904331
17061041 61.8274421296296 0.101999466720782 0.000222600665685686 1.00000000
17061042 61.8496759259259 0.105535760454859 0.000228276351603596 1.00000000
17061043 61.8711226851852 0.106817964737813 0.000230233070258247 1.00000000
17061044 61.8942939814815 0.108121181639744 0.000232069766547468 1.00000000
17062047 62.8683449074074 0.0981794997367848 0.000310456274013192 2.14848614
17062048 62.875462962963 0.100814453812059 0.000196531640900158 3.36688352
17062049 62.8974074074074 0.100725517170721 0.000422811363427752 1.31477642
17062050 62.9059027777778 0.101888283501539 0.000217485555530559 1.26454151
17062051 62.9279166666667 0.100012342118081 0.000239427535568294 1.14293826
17062052 62.9453935185185 0.101707633611668 0.000242548714981478 1.21948647
17062053 62.9633217592593 0.10153139142106 0.000218089035471678 1.18132472
17062054 62.9861342592593 0.100164448152713 0.000183215921286196 1.00000000
17063001 63.0177430555556 0.0997808032529133 0.000220983786839225 1.13567126
17063002 63.0393981481481 0.101242381531431 0.00020996672867058 1.22688401
17063003 63.0614236111111 0.101398039179024 0.00021234088824952 1.28847694
17063004 63.0829861111111 0.104080773337868 0.000216548713507588 1.17794061
17063005 63.1046527777778 0.102862476375863 0.00021897847247238 1.00000000
17063006 63.1265046296296 0.106618922695051 0.000216999387882616 1.00000000
17063007 63.1493981481482 0.107489053230355 0.000213669638670887 1.00000000
17063008 63.1736805555556 0.109122290821648 0.000210902257020092 1.00000000
17063009 63.2848958333333 0.100434529515403 0.000461861805058984 2.32381463
17063010 63.2888194444444 0.100599239223262 0.000198351790027891 1.46951520
17063011 63.3119560185185 0.0995465532950547 0.000213313747745021 1.18246257
17063012 63.3341782407407 0.100532715046927 0.000300759515678748 1.18785119
17063034 63.8396180555556 0.0970821321036566 0.000408683329844363 2.85765815
17063035 63.8437731481482 0.0992417503113975 0.000323093768431195 2.42050219
17063036 63.852337962963 0.100609549015094 0.000331325872955942 1.22726560
17063037 63.8585069444444 0.10165498120912 0.000364897452250943 1.20850956
17063038 63.8665393518519 0.099821682483165 0.000280345644090202 1.05456877
17063039 63.8756134259259 0.101676318215825 0.000480246841353276 1.14797294
17063040 63.8813194444445 0.101402934790309 0.000329325278255499 1.08448267
17063041 63.8891203703704 0.101065993182575 0.000507853798420584 1.13226271
17063042 63.8968865740741 0.100950520825164 0.000519937767185358 1.09334838
17063043 63.9046643518518 0.101067433442011 0.000465461125425748 1.13611650
17063044 63.9103935185185 0.100121601108384 0.000293201636430508 1.02376235
17063045 63.9197222222222 0.101694103155514 0.000223745478207089 1.00000000
17063046 63.9433564814815 0.10192061005915 0.000339480077896368 1.16380000
17063047 63.9561226851852 0.101034977239599 0.00022297020071318 1.05520451
17063048 63.9790509259259 0.101807822617114 0.000218535191143636 1.06967998
17064001 64.0015162037037 0.102182945965559 0.000258502445346226 1.10845017
17064002 64.0184606481481 0.10161184219862 0.000218400331390676 1.16634762
17064003 64.0406597222222 0.101162176954389 0.000202906279250597 1.23554623
17064004 64.064837962963 0.102289021718951 0.000500472692929845 1.30652428
17064005 64.0710532407407 0.101591686075341 0.000227097465287894 1.26916373
17064006 64.0921875 0.104733585323421 0.000218994561994776 1.16393101
17064007 64.1174189814815 0.10587035102408 0.000215231366229024 1.00000000
17064009 64.1434259259259 0.105857319896718 0.000231467208220709 1.00000000
17064010 64.1634027777778 0.108009047209517 0.000517915711224649 1.00000000
17064011 64.2706597222222 0.100589079671031 0.000163550249922237 1.44990766
17064012 64.292349537037 0.10086266443284 0.000210492512814407 1.36199439
17064013 64.315474537037 0.101185669117654 0.000221982866223479 1.15521586
17064014 64.3380671296296 0.10063740959792 0.000218015041348549 1.00000000
17064015 64.3614814814815 0.100758682760971 0.000224084382124269 1.03145051
17064016 64.3833449074074 0.0998518036032501 0.000218419039507637 1.00000000
17064017 64.407025462963 0.100442638905771 0.000215702665751342 1.05371010
17064018 64.4302430555556 0.101104160533458 0.000218933861156344 1.09589231
17064019 64.4525115740741 0.101092314799805 0.000220900703826425 1.23660016
17064020 64.4741898148148 0.101713811923517 0.000203323100495763 1.30137897
17064021 64.4985532407407 0.101953221238567 0.000213460746994027 1.27052712
17064022 64.5206481481482 0.102386279795323 0.000217948891951571 1.22234213
17064023 64.5417361111111 0.104046468592483 0.000222098741786145 1.09080100
17064024 64.5634259259259 0.105772243088794 0.000220962142927989 1.00000000
17064025 64.5851157407407 0.105766339524496 0.000347053262156938 1.00000000
17064035 64.7382523148148 0.100598241389026 0.000197917067351406 2.79206371
17064036 64.7594791666667 0.100422067399668 0.000213554548132727 1.27770376
17064037 64.781712962963 0.101858741126623 0.000215074689338017 1.21509147
17064038 64.8046527777778 0.101732496433317 0.000219259620198412 1.08860862
17064039 64.8273032407407 0.101507582899815 0.000224789582367111 1.21216083
17064040 64.8490046296296 0.10031829129898 0.000243632039300003 1.06458628
17064042 64.875625 0.101959255027599 0.00152666027947009 1.17798150
17064043 64.8781365740741 0.0998069153547688 0.00153516683507901 1.06367671
17064044 64.8834722222222 0.100730160723576 0.000259313233724123 1.13309574
17064045 64.9001388888889 0.101345279652441 0.000223428747026678 1.11158991
17064046 64.9216319444444 0.102325086035883 0.000221322075971981 1.17906165
17064047 64.9428935185185 0.102469579833782 0.000217541586861796 1.24618161
17064048 64.9646064814815 0.102060110458305 0.000212893639101299 1.20272863
17064049 64.9864467592593 0.10070803848551 0.000348225131663922 1.32594419
17065001 65.0011805555555 0.101904357001956 0.000387981453606159 1.32153988
17065002 65.0059259259259 0.102609759442978 0.000260013793729303 1.22624207
17065003 65.0201273148148 0.10390040322846 0.000215281397713406 1.00642371
17065004 65.0424074074074 0.105460514072915 0.000225096742493518 1.00000000
17065005 65.1086111111111 0.100860455817535 0.000279294023727221 1.35573804
17065006 65.1177662037037 0.100385333104767 0.000345520878227746 1.32815683
17065007 65.1288888888889 0.0999090235100926 0.000200877658397453 1.15309572
17065008 65.153587962963 0.0998317808916898 0.000212286284239861 1.07515669
17065009 65.1773032407407 0.100141018984357 0.0002017952930628 1.14247274
17065010 65.2023032407407 0.100474499061072 0.000212266935299289 1.14149845
17065011 65.2259722222222 0.101475877044826 0.000213497268004011 1.09437561
17065012 65.2499305555556 0.101322167992686 0.000447006732586088 1.10962903
17065013 65.2584143518519 0.100678025385666 0.000206329636669991 1.21654475
17065014 65.2827546296296 0.101099496167313 0.000207463461503123 1.06191373
17065015 65.307037037037 0.100092434817455 0.000214557407431878 1.27715397
17065016 65.3287037037037 0.100212889474225 0.000212938111203808 1.32000482
17065017 65.3504166666667 0.0994298883007404 0.000209721076558613 1.29735267
17065018 65.3720023148148 0.100560702953007 0.000204011859990201 1.26747620
17065019 65.3945486111111 0.103246046884412 0.000222429534932509 1.13970613
17065020 65.4163541666667 0.101179639267112 0.000398276188304521 1.00000000
17065021 65.4245138888889 0.102951469967522 0.000303383271418294 1.01040018
17065033 65.4938657407407 0.100278368081065 0.000210293710917427 1.35388243
17065034 65.5152546296296 0.100437051413293 0.000212220617252489 1.40648437
17065035 65.5369328703704 0.101394008809529 0.000219937483118969 1.18619168
17065036 65.5587615740741 0.101061975815337 0.0002274956297784 1.18169117
17065037 65.5804050925926 0.101680320916686 0.000222185211533471 1.00807619
17065038 65.6022222222222 0.0548269047474277 0.000307576234305019 1.34933555
17065041 65.6188888888889 0 1.32988844174438e-06 1
17065042 65.6278240740741 0 9.36119326412262e-07 1
17065043 65.643275462963 0 2.88071997674408e-06 1
17065044 65.650787037037 0.101820221409904 0.000211455224467712 1.21349871
17065045 65.6727314814815 0.101399224871149 0.000208402952523168 1.30170608
17065046 65.6944328703704 0.104028841864219 0.000214705501863224 1.32011521
17065047 65.7164814814815 0.104446444372317 0.000277346303110675 1.06657970
17065048 65.732037037037 0.102957571293941 0.000217641673107406 1.00000000
17065049 65.7540162037037 0.104914805707566 0.000217375268620836 1.14469004
17065050 65.7768402777778 0.102989063742025 0.000217826565442864 1.04124510
17065051 65.7986805555556 0.104448229573862 0.000432245343446302 1.00762331
17065053 65.8600925925926 0.101549589584596 0.000204638619932747 1.42945039
17065054 65.882962962963 0.101847842804148 0.000214142553007684 1.23695791
17065055 65.9051736111111 0.101524039623674 0.000229510096528145 1.12534356
17065056 65.9266203703704 0.101113324645584 0.000225509221628115 1.15847695
17065057 65.9484259259259 0.100748955418577 0.00115823937168812 1.01603329
17066001 66.0338541666667 0.100964915540305 0.000196736690405643 1.29533541
17066002 66.0586805555556 0.101067738441263 0.000221565073493885 1.05256748
17066003 66.0819791666667 0.10115824809313 0.00020980622847054 1.11693811
17066004 66.1061805555556 0.101392140571113 0.000210414017626639 1.07140756
17066005 66.1306365740741 0.101794894080374 0.000206373532927922 1.13764322
17066006 66.1563425925926 0.10092129634923 0.000215514596902739 1.05019927
17066007 66.1803703703704 0.101305648354412 0.000295883216082944 1.06268847
17066008 66.1927546296296 0.101647886663755 0.000209162033359379 1.10447657
17066009 66.2180671296296 0.101987688771129 0.000206490501913189 1.19029701
17066010 66.2421296296296 0.100418583887381 0.000209203591594095 1.22343934
17066011 66.2654861111111 0.101553515768745 0.000179747285260887 1.14932251
17066012 66.2952777777778 0.102507842166103 0.000206670069801618 1.44906354
17066013 66.3181018518518 0.104733675000609 0.000215542300270245 1.02014530
17066014 66.3400925925926 0.104587326767131 0.000322867497171531 1.00000000
17066021 66.3924189814815 0.101073074547038 0.000199733013922959 1.60504186
17066022 66.4143865740741 0.101181605292712 0.000205536175277029 1.32784879
17066023 66.4366898148148 0.102120397076681 0.000216302988646169 1.17192340
17066024 66.4601273148148 0.0992446278759128 0.000218703640686888 1.10950780
17066025 66.4819675925926 0.100876099200451 0.000220291800105267 1.09920907
17066026 66.5036342592593 0.101219474916079 0.000214416214526104 1.08405185
17066027 66.5263194444444 0.100973987664847 0.000219366860429025 1.11306262
17066028 66.5480092592593 0.100460400068615 0.000212133979791113 1.06145179
17066029 66.5698958333333 0.101344852827324 0.000217130365935399 1.29940426
17066030 66.5915625 0.10082476792225 0.000259207872022727 1.35298598
17066031 66.6100694444444 0.103400146974301 0.000388529050108399 1.22218764
17066032 66.6179282407407 0.104211786228347 0.000210194739931264 1.21855664
17066033 66.6400231481481 0.104171314431393 0.000217146055313295 1.00000000
17066034 66.6618865740741 0.104960597696736 0.000229545850452296 1.00000000
17066035 66.6825925925926 0.105737140595617 0.000219527652178494 1.00000000
17066036 66.7045717592593 0.105541369254463 0.000375785609294245 1.00000000
17066048 66.8060069444444 0.101507164586343 0.000247459114378311 1.40805924
17066049 66.8234490740741 0.102908976497487 0.000227613506710694 1.04517245
17066050 66.8451736111111 0.0994813663902679 0.000834446400266307 1.12619102
17066059 66.8826736111111 0.100172226465142 0.000215779700665589 1.23613751
17066060 66.9047337962963 0.101811912779231 0.000217807885682339 1.42550850
17066061 66.9276157407407 0.102895365843985 0.000221637597539918 1.20991182
17066062 66.9507060185185 0.102203990288804 0.000220989524710843 1.07849979
17066063 66.9721064814815 0.101950650508009 0.000244582390919513 1.17580903
17066064 66.9893287037037 0.101597863279199 0.000249817817839422 1.32971811
17067001 67.0049537037037 0.102959810974046 0.000202843190597637 1.24828088
17067002 67.0284490740741 0.105510135115039 0.000211651702816282 1.08184743
17067003 67.0515509259259 0.106075162969723 0.00021352711293601 1.00000000
17067004 67.0747222222222 0.108070677917964 0.000215422404160512 1.00000000
17067005 67.1469212962963 0.101218323289422 0.000250542080278145 1.67125094
17067006 67.1575 0.101069448824594 0.000201452785859145 1.54295266
17067007 67.1802083333333 0.100148029127006 0.000206317506606045 1.18099606
17067008 67.203599537037 0.100682113259115 0.000211894596093196 1.23215830
17067009 67.2274768518518 0.101210264516175 0.000216555393075479 1.17462718
17067010 67.2523726851852 0.102429032517199 0.000214178268306633 1.03594565
17067011 67.2762037037037 0.10023873291187 0.000205248258276351 1.09422958
17067012 67.301087962963 0.101051218025427 0.000220568410006404 1.31384182
17067013 67.3226388888889 0.101059191434565 0.000215040325411595 1.18995047
17067014 67.3450578703704 0.101949673304241 0.000212646473594269 1.26691639
17067015 67.3668865740741 0.10180842254691 0.000207712640213079 1.28408885
17067016 67.3887847222222 0.103664355415115 0.000213473085005194 1.19194794
17067017 67.4104976851852 0.104719852016206 0.000222006332183081 1.04257429
17067018 67.4318171296296 0.10622433927446 0.000219848562741552 1.00000000
17067019 67.4535532407407 0.107884271615644 0.000243935624807535 1.00000000
17067024 67.521099537037 0.100789318657775 0.000193938759967193 1.61707151
17067025 67.5430671296296 0.101295673368181 0.000212611380776778 1.40521395
17067026 67.5645717592593 0.101132701875222 0.00026388018701328 1.05026925
17067027 67.5797106481482 0.101064419501595 0.000224246032678245 1.30270779
17067028 67.6013888888889 0.101658484365605 0.000301099659924316 1.20860898
17067029 67.6141666666667 0.100717935896754 0.000383302028295977 1.32626510
17067030 67.6275462962963 0.100632827793626 0.000213154971682793 1.21303451
17067032 67.6504166666667 0.100479544162704 0.00050839668820252 1.22182739
17067033 67.6556018518519 0.100748581369546 0.000216310806288913 1.20715475
17067034 67.677650462963 0.101254878012945 0.000207729074785192 1.20789278
17067036 67.7035763888889 0.100973678098568 0.000216111247586854 1.28648746
17067037 67.7254513888889 0.100314736320695 0.000217389992617847 1.26914382
17067038 67.7467939814815 0.101776241257577 0.000211831142091085 1.33684886
17067039 67.7684722222222 0.103549891993652 0.00026315632896231 1.10439026
17067042 67.7932291666667 0.104592711600148 0.000208495786539983 1.00000000
17067043 67.8168402777778 0.107565575957236 0.000255600568277419 1.00000000
17067044 67.8338541666667 0.108159098711059 0.000410791551951361 1.00000000
17067045 67.8400115740741 0.106830390954728 0.000515689974548376 1.00000000
17067056 67.954212962963 0.0966532900628958 0.000400174475314333 1.15957618
17067061 67.9731944444444 0.0917082752063876 0.000264554512235961 1.17300427
17067063 67.9904976851852 0.102553820266772 0.000612368239099615 1.14133167
17067066 67.9967708333333 0.103108421951686 0.000265773335317251 1.08643079
17068002 68.0173842592593 0.102467029593538 0.000256892680248548 1.19716287
17068003 68.0377893518519 0.10211960090211 0.00022340477456416 1.41750836
17068006 68.0673611111111 0.102712981446521 0.000221982557920855 1.03882504
17068007 68.0888773148148 0.101714496705747 0.000263841087447767 1.40807199
17068009 68.1089583333333 0.10244995256449 0.000205815965394529 1.32660317
17068010 68.1305208333333 0.102862191307648 0.000207596718343895 1.22706771
17068011 68.1521180555556 0.106546757262654 0.00022345886879054 1.00000000
17068012 68.1736574074074 0.106345926995599 0.000258722958113121 1.00000000
17068017 68.1980671296296 0.109154604259266 0.000340333579161904 1.00000000
17068019 68.2223842592593 0.10996069222912 0.000752400187592515 1.00000000
17068021 68.279375 0.100155384837739 0.00035413755230496 2.26007295
17068026 68.2953587962963 0.102092796394935 0.000211359569777526 1.32387722
17068027 68.3173148148148 0.103013462823007 0.000219096705949961 1.21045864
17068028 68.3398842592593 0.100363517017135 0.00046824097205319 1.07882762
17068036 68.3617939814815 0.100834405633988 0.000215629521579325 1.25802660
17068037 68.3844212962963 0.101768182031542 0.000223092109311302 1.14751256
17068038 68.4060416666667 0.100881830274964 0.000218149956549051 1.21869004
17068039 68.4306481481482 0.101823172792682 0.000217948183063468 1.25251794
17068040 68.4525694444444 0.101406935219603 0.00021365844259216 1.30646110
17068041 68.4743055555556 0.10094223543676 0.000205992813609299 1.26950991
17068042 68.4960185185185 0.100589511510642 0.000200986225048641 1.47288156
17068043 68.5177777777778 0.103995544318152 0.000210047973908647 1.33542860
17068044 68.5394791666667 0.105436207071849 0.000214707927367317 1.00000000
17068045 68.5622106481481 0.107341760020121 0.000223146072823337 1.00000000
17068046 68.5840509259259 0.109344664552875 0.000326299895360097 1.00000000
17068047 68.5981481481481 0.111395063466868 0.000400473924465595 1.00000000
17068053 68.6756712962963 0.101000631366963 0.00020582783588428 1.31277215
17068054 68.699525462963 0.10158738523641 0.000218410720496716 1.21385884
17068055 68.7216898148148 0.101462341697027 0.000225676744181592 1.10320055
17068056 68.7435532407407 0.10170333188138 0.000227450299228653 1.00000000
17068057 68.7658217592593 0.101586983730382 0.000367225866919093 1.06014967
17068062 68.8631365740741 0.0997919294785899 0.00174803907586684 1.27255130
17068063 68.8643981481482 0.101240729537684 0.000211254816071118 1.36473298
17068064 68.8866550925926 0.101084464492198 0.000360592653582507 1.17816031
17068065 68.8954976851852 0.100973509034616 0.000223262767379594 1.07711864
17068066 68.9172337962963 0.103161401208677 0.000224321965793315 1.08130217
17068067 68.9397453703704 0.101544636093133 0.00021553635121617 1.07302940
17068068 68.9646643518519 0.103501344974204 0.00022431018708778 1.14234734
17068070 68.9901736111111 0.10207382911512 0.000224783104434868 1.19783866
17069010 69.1459837962963 0.00797442739452261 0.000284891193291703 1
17069012 69.169525462963 0.100333127786243 0.000221859121769991 1.20633030
17069013 69.1909259259259 0.100378344466857 0.000222717788860161 1.09785450
17069014 69.2123958333333 0.101125732090972 0.000223900308066598 1.06650937
17069015 69.2338078703704 0.101227837101192 0.000222233161324244 1.04733300
17069016 69.2550694444444 0.100786389072305 0.000221399065885687 1.10477865
17069017 69.2763773148148 0.100670187398461 0.000234528959497808 1.05008256
17069018 69.2948611111111 0.101363687852427 0.000221215111672251 1.22395122
17069019 69.3164351851852 0.101097715786171 0.000244109884456395 1.19214928
17070005 70.1132407407407 0.100452954074832 0.000467218148239377 1.93039191
17070006 70.1176041666667 0.100779177454735 0.000319525630211551 1.26746941
17070007 70.1240509259259 0.101414233381315 0.000442310287893263 1.35733473
17070008 70.1356481481481 0.102459396043448 0.000227712173887495 1.19277215
17070009 70.157037037037 0.102178323443451 0.000224301792771139 1.06658041
17070010 70.1783912037037 0.102215151653581 0.000226750685409312 1.14427423
17070011 70.1997337962963 0.101625801990629 0.000224594411462156 1.08156610
17070012 70.2211805555556 0.101949136830181 0.000219418994683497 1.12958145
17070013 70.2427662037037 0.100930343134559 0.000225219949433885 1.17848182
17070014 70.2640625 0.103189771784967 0.000231042019828055 1.02140737
17070015 70.2842939814815 0.101761057367791 0.000338379814079049 1.19811499
17070019 70.2999537037037 0.101642378760934 0.000648433661221387 1.32305980
17070048 70.9376041666667 0.101633972529667 0.000212482217056819 1.04741240
17071012 71.2368402777778 0.0998620861097823 0.000198824764291231 4.28867531
17071013 71.2585300925926 0.101957910650537 0.000220014032791549 1.48175383
17071014 71.2803009259259 0.101923762720084 0.000223152690391576 1.20987332
17071015 71.3018055555556 0.102527371609052 0.000220084815987849 1.16111350
17071018 71.3309722222222 0.101112389388298 0.00022421889835517 1.08653688
17071019 71.3526851851852 0.100245592183384 0.000220426407160041 1.13492906
17071020 71.3743287037037 0.101612319610289 0.000219999502535884 1.15961027
17071021 71.397037037037 0.101539672763972 0.000218008231718279 1.18919134
17071022 71.418587962963 0.101935567234276 0.000218151387753653 1.16091621
17071023 71.4401851851852 0.102873960487798 0.000218611047991026 1.21663344
17071024 71.4618287037037 0.101955967891346 0.000212554882377342 1.30470622
17071025 71.4833101851852 0.103837772249097 0.000215032063719211 1.13968503
17071026 71.5048842592593 0.105056971823986 0.000222985457119383 1.00000000
17071027 71.5253240740741 0.107744689848856 0.000256441659164601 1.00000000
17071028 71.5420717592593 0.10952159228816 0.000305267401539358 1.00000000
17071029 71.5507060185185 0.110691274150647 0.000537375131539168 1.00000000
17071030 71.5571875 0.112618078152794 0.000467529514909562 1.00000000
17071047 71.6244675925926 0.103228324837457 0.000276126340081593 1.09316957
17071048 71.6380902777778 0.101954950532939 0.000327478369032701 1.24513495
17071049 71.6477199074074 0.102099563012249 0.000216931025136218 1.17611718
17071050 71.6700694444444 0.102956701103795 0.000215763953831285 1.23920798
17071051 71.6923842592593 0.103968396376607 0.000211524017472953 1.37125707
17071052 71.7136226851852 0.102594908834575 0.000453563091067186 1.30416501
17071053 71.7228819444444 0.104904807637843 0.000213737061167972 1.35788894
17071054 71.7452893518518 0.10491813986313 0.000208495675106485 1.47654426
17071055 71.7677893518518 0.104620845265111 0.00023213738445407 1.44911313
17071056 71.7848726851852 0.103878119362798 0.000242277410503974 1.44815767
17071057 71.8071527777778 0.105570488455622 0.000307208469344448 1.41379809
17071058 71.8223032407407 0.105808756166386 0.000554500000361034 1.46355712
17071059 71.8253587962963 0.106946045831178 0.000208349850454359 1.36880481
17071060 71.8486805555556 0.104973881452189 0.000213994747736497 1.36906064
17071061 71.870462962963 0.105375523750211 0.000213054339260416 1.41128290
17071062 71.8922222222222 0.106977090034383 0.000216287814160959 1.24488235
17071063 71.9141782407408 0.108539846444981 0.0002169574240448 1.08680820
17071064 71.9364814814815 0.109403058646426 0.000369540391227086 1.00000000
17072001 72.1362847222222 0.105530811886548 0.000205705689336401 1.56958973
17072002 72.157662037037 0.104790897034285 0.000209305063762797 1.42206478
17072003 72.1789351851852 0.104158528543144 0.000212810439450003 1.24971509
17072004 72.2003587962963 0.105194617885124 0.000211873661779186 1.24844372
17072005 72.2217939814815 0.105739165977062 0.000218297324591729 1.34252286
17072006 72.2431944444444 0.105509740594798 0.000212078535594948 1.39136112
17072007 72.2645717592593 0.106486521777676 0.000402985163059859 1.44206917
17072008 72.2728240740741 0.105443050037265 0.000206604252758354 1.28950191
17072009 72.294224537037 0.106754909174588 0.000213959026629454 1.60867620
17072010 72.3159953703704 0.104145809384342 0.000215655181267201 1.29830766
17072011 72.3377662037037 0.106190995343964 0.000384001176855645 1.31041026
17072012 72.3458449074074 0.10532898292364 0.000210667387604524 1.28354251
17072013 72.3680902777778 0.104412896997994 0.000203577007667939 1.37638986
17072014 72.3905092592592 0.105856224424223 0.000210918886263132 1.41046083
17072015 72.4122337962963 0.106705599414262 0.000644075206360012 1.42782557
17072020 72.5029398148148 0.00817941448566142 0.000571776664276683 1.56861830
17072022 72.5097685185185 0.102615438830942 0.000207678353736443 1.43767750
17072023 72.5320138888889 0.0995957758059359 0.000707712224588061 1.26319039
17072024 72.536712962963 0.101978190864254 0.000213194143687507 1.31360579
17072025 72.5584953703704 0.102329352453222 0.000290865830473809 1.33986998
17072026 72.5786342592593 0.102691714350072 0.000238010405396474 1.18304026
17072027 72.600462962963 0.102877139652432 0.000201866223391985 1.38265491
17072028 72.6223726851852 0.101461872647966 0.00020409849849814 1.53862965
17072029 72.644212962963 0.102351254536803 0.000441554306983223 1.54319298
17072030 72.6563078703704 0.102107743723401 0.0002674898130884 1.46374774
17072032 72.6776851851852 0.101840731179966 0.000192897445576728 1.57542276
17072033 72.7015972222222 0.102165577323077 0.000208745911063795 1.52604556
17072034 72.7246412037037 0.101762300881999 0.000220442017975652 1.39394069
17072035 72.7452430555555 0.102642632994553 0.000204223346814162 1.47453892
17072036 72.7674652777778 0.102824806890276 0.000201358747113142 1.30376244
17072037 72.7896296296296 0.102930472240649 0.000212107214902845 1.32970440
17072038 72.8113773148148 0.103809626400398 0.00048409224481238 1.15707326
17072039 72.8165972222222 0.10440423930678 0.000210840266614714 1.08539259
17072040 72.8387384259259 0.106549296314988 0.000286691300373636 1.00000000
17072041 72.901712962963 0.0998169587971057 0.000200002138973231 1.29062057
17072042 72.9237731481482 0.103053792595801 0.00020928982041597 1.55665529
17072043 72.945775462963 0.0999065658884064 0.00185885481320477 1.40709436
17072044 72.9479166666667 0.103727959339093 0.000213458691167719 1.37839723
17072045 72.9704050925926 0.105172738084408 0.000213749541354193 1.33324325
17072046 72.992037037037 0.103867212339424 0.000211734580176793 1.42952442
17073001 73.013912037037 0.105159085155658 0.000217008108737869 1.35426617
17073002 73.0353009259259 0.103825073541385 0.000221332051105231 1.33890867
17073003 73.0568981481482 0.103637233717217 0.000220025026932488 1.20787334
17073004 73.0781944444444 0.104417406840418 0.000223969562082038 1.36774969
17073005 73.0996643518518 0.105365028223287 0.000224944211911809 1.42004776
17073006 73.1211689814815 0.106250901304021 0.000229426163632648 1.30301523
17073013 73.1515393518518 0.101294579383735 0.000207707007522238 1.51037633
17073014 73.1731481481481 0.103809673674356 0.000218575203761505 1.22251177
17073015 73.1945601851852 0.105488294467425 0.000218864563548198 1.05398548
17073016 73.2161111111111 0.10597810529992 0.000277847681011919 1.00000000
17073020 73.2799305555556 0.0982502011374873 0.000625464439873668 1.63564038
17073021 73.2820601851852 0.100924940684332 0.000209982458485828 1.43429446
17073022 73.3023263888889 0.101909149855923 0.00018828359234956 1.37770724
17073023 73.3239583333333 0.102301350851011 0.000208071933294619 1.00000000
17073024 73.3455902777778 0.0990353705851852 0.00028436778179168 1.64908421
17073043 73.5320486111111 0.109154471157621 0.000218361943611119 1.36498010
17073044 73.5557407407407 0.112522432398589 0.000230323569111791 1.35051715
17073045 73.5772685185185 0.110247515393861 0.000230482324105433 1.39499605
17073046 73.5988541666667 0.110002322811149 0.00155635780878102 1.32903361
17073047 73.6111921296296 0.112578046056846 0.000227059308307207 1.36496735
17073048 73.6328125 0.111853721083817 0.000221895032461393 1.49885154
17073049 73.6569444444444 0.110023546777075 0.000225621167187187 1.30699277
17073050 73.6788078703704 0.110436412249227 0.000213177739639757 1.32852411
17073051 73.7048611111111 0.113021800861679 0.000242775055668172 1.27063775
17073052 73.7263425925926 0.112602372964537 0.000230550873885101 1.28452706
17073058 73.7815625 0.111214234364841 0.000216754368893222 1.19797838
17073060 73.8483217592593 0.106760968130837 0.000174946515968254 1.38489223
17073061 73.8721180555556 0.109490092232072 0.000630557568081184 1.39593637
17073062 73.8777430555556 0.107685089371861 0.000390331505071513 1.43849266
17073063 73.8908912037037 0.107314431360509 0.000554165100528871 1.33417594
17073064 73.8970833333333 0.109499802257768 0.000230037214562669 1.41298461
17073065 73.9198148148148 0.107696312804052 0.000311875175337898 1.26822782
17073066 73.9417824074074 0.111280549326409 0.000295307332597534 1.45228744
17073067 73.9562268518518 0.107209776471461 0.000223226066322016 1.34815717
17073068 73.9781134259259 0.107506467278779 0.000222947123392139 1.37245607
17073069 73.999537037037 0.106990808893441 0.000230746779173771 1.51921761
17074001 74.0209259259259 0.106568491652665 0.000338030699567345 1.37268329
17074002 74.0378472222222 0.108660211065297 0.00035672444555157 1.38845611
17074003 74.0444560185185 0.109411375326815 0.000240132973719167 1.47336400
17074004 74.06875 0.109337881016959 0.000371450970140495 1.44546700
17074005 74.0747569444444 0.110234496934425 0.00031994718448623 1.38543594
17074006 74.0881828703704 0.109264162573267 0.000229820345095422 1.34067857
17074007 74.1096296296296 0.112322416544432 0.000231034292563656 1.32601154
17074009 74.1349537037037 0.111532965937052 0.000302427283527198 1.29869413
17074020 74.4290856481481 0.101641674044253 0.000539931844213565 1.35604966
17074021 74.4334953703704 0.103190411636063 0.000215913454444322 94.16648102
17074022 74.4445601851852 0.106242061632569 0.000209796690034566 1.38928950
17074023 74.4690277777778 0.106324465039024 0.00021719500017852 1.37221658
17074024 74.4905902777778 0.104940588196782 0.000211978245899192 1.35807467
17074025 74.5121990740741 0.105229745064921 0.000211107217832806 1.39574766
17074026 74.5337962962963 0.105618845807175 0.000207711643068314 1.39403307
17074027 74.5554976851852 0.105445503842435 0.000210495202870867 1.46645021
17074028 74.5776851851852 0.105223067819908 0.000215674506750598 1.37825418
17074029 74.5993981481482 0.107228045577409 0.000215846856132459 1.37205780
17074030 74.6211805555556 0.107373289918517 0.000213351868473548 1.25468719
17074031 74.6431481481481 0.107291443953498 0.000193097206492923 1.11955500
17074032 74.6715393518518 0.106291475114637 0.000201708512433984 1.00000000
17074033 74.6962152777778 0.104569821400379 0.000424471742169033 1.22830236
17074034 74.708275462963 0.107635420268788 0.000216507706049263 1.21011138
17074035 74.7315856481482 0.106434782478053 0.000214649712248313 1.27522314
17074036 74.7541898148148 0.104792459590003 0.000249470125291807 1.07840908
17074037 74.7771527777778 0.106131679003151 0.00059430803762357 1.00000000
17074038 74.7818634259259 0.108374023996653 0.000223321450259465 1.00000000
17074039 74.8038888888889 0.109446463424463 0.000329116581059197 1.00000000
17074040 74.8164699074074 0.111070136316898 0.000207196801618342 1.00000000
17074041 74.8905555555556 0.104238103525041 0.000220565937216325 1.42484522
17074044 74.9207060185185 0.104338618795502 0.000211479891132828 1.41816151
17074049 74.9442476851852 0.104176913557817 0.000303601842270843 1.38861215
17074050 74.9570717592593 0.104241992620714 0.000215034844679932 1.36422157
17074051 74.9791087962963 0.104082849674145 0.000223700772568472 1.54489887
17075001 75.00125 0.103499980147832 0.000390837587976643 1.37959659
17075002 75.0156134259259 0.101699309093027 0.000211532601845062 1.52505565
17075003 75.0372337962963 0.103368834241074 0.00021251999252216 1.64091146
17075004 75.0589467592593 0.103114030626876 0.000216280122018752 1.36732161
17075005 75.080162037037 0.103839015549305 0.000220507819360326 1.60005999
17075006 75.1019097222222 0.103781392493904 0.000207354749047581 1.58579838
17075007 75.1236689814815 0.103636729688539 0.000490209594273999 1.42166185
17075008 75.1298726851852 0.105106174621112 0.000410901919994248 1.51201332
17075009 75.1404166666667 0.105503241142764 0.00022239494284818 1.34269547
17075010 75.1638888888889 0.103576083648313 0.000210496615280234 1.46711874
17075011 75.1860069444445 0.105138868259127 0.000226349240307744 1.28498948
17075012 75.2085416666667 0.105873481210078 0.000362274612212583 1.17611897
17075013 75.2176388888889 0.106482981474602 0.000821750702344091 1.09133196
17075014 75.2203587962963 0.105974608345014 0.000749714611501502 1.04427731
17075015 75.2234837962963 0.108228433387735 0.000225650918968247 1.07641828
17075016 75.2456018518519 0.108755032232476 0.00027237056515462 1.00000000
17075018 75.2677430555556 0.110600728146894 0.000228477411994325 1.00000000
17075019 75.2893865740741 0.109361709790999 0.000219007558469199 1.00000000
17075020 75.3126041666667 0.11170316923665 0.000550652007649266 1.00000000
17075024 75.3390046296296 0.113339243346824 0.000237067846381992 1.00000000
17075025 75.3607407407407 0.113898080042904 0.000242595671494735 1.00000000
17075026 75.3821643518519 0.11697450329884 0.000255962964811673 1.00000000
17075027 75.4039351851852 0.116734421913028 0.000525384759994343 1.00000000
17075098 75.715162037037 0.104679420633458 0.000375833418135343 1.26369500
17075099 75.7241782407407 0.10329444088533 0.000221929992939187 1.23070264
17075100 75.7461111111111 0.102068542372531 0.000251465477288309 1.61304140
17075101 75.764375 0.101591618836 0.000223928547868771 1.21005237
17075102 75.786412037037 0.103320912839402 0.000224631697027044 1.21049893
17075103 75.8077893518518 0.10107186904058 0.00031526560746232 1.07397592
17075105 75.8197916666667 0.104088960569029 0.000226736506790726 1.19149244
17075106 75.8411342592593 0.106099045550136 0.000222542945950398 1.25754046
17075107 75.8633333333333 0.106526093952951 0.000229464341445137 1.16767299
17075108 75.885474537037 0.1042498127462 0.000226133803662863 1.00000000
17075109 75.9070486111111 0.10860370173417 0.000324370447383662 1.00000000
17075110 75.9604050925926 0.101776186012128 0.000206726433269449 1.28378153
17075111 75.9836342592593 0.101511418399898 0.000217925201149539 1.06513131
17076001 76.0052893518519 0.10131222026172 0.000225392642528222 1.06586921
17076002 76.0269444444445 0.102870563808156 0.000226388503951612 1.13107347
17076003 76.0488425925926 0.101231864586238 0.000230910940102602 1.14203310
17076010 76.1670138888889 0.101197651156867 0.000174657535765981 1.77028251
17076011 76.1887847222222 0.101146983712997 0.000221612263260634 1.11821258
17076012 76.2104282407407 0.102794942936302 0.000571351307907826 1.05980790
