17056050 56.9624768518518 0.101918802033787 0.000196799071344178 1.86534309
17056051 56.9798263888889 0.101884085011881 0.000212554736592381 1.43365848
17057001 57.0025231481481 0.10217877294165 0.000268296808048606 1.05213988
17057002 57.0191550925926 0.100605535971619 0.0002311770779487 1.05105805
17057003 57.0409953703704 0.0997204350078244 0.00142263549921852 1.14607298
17057006 57.0462731481481 0.099970031894037 0.00284636756117186 1.16626441
17057010 57.0562731481482 0.101842924240523 0.000225478142354024 1.11393392
17057011 57.0777777777778 0.101476812817592 0.000223758558131748 1.11061203
17057012 57.0994328703704 0.101495678832995 0.000312499505867543 1.06433237
17057044 57.468587962963 0.0888082919360726 0.000290030369610346 134.61090088
17057045 57.4803935185185 0.0880443497143172 0.000324205617642957 149.49417114
17057046 57.4847916666667 0.0931705477418414 0.000550887746059921 137.17266846
17057048 57.4888541666667 0.101137518295092 0.000226601510019749 1.22238982
17057051 57.5183680555556 0.101824575476826 0.000338567760050308 1.02231812
17057054 57.5327314814815 0.100763962758261 0.000216802577241531 1.09595656
17057055 57.5554050925926 0.101135979983312 0.000220919872987933 1.00000000
17057056 57.5769560185185 0.10044304614067 0.000489911473043537 1.00000000
