17100030 100.63775462963 0.100608957711377 0.000202533303921741 1.41782677
17100031 100.658900462963 0.101916805860264 0.000194251387442146 1.53429544
17100032 100.680694444444 0.10187275543619 0.000200520005910574 1.50380218
17100033 100.702395833333 0.102300529700583 0.00020603053689056 1.49008226
17100034 100.724050925926 0.101209311106675 0.000206206565647874 1.72206020
17100035 100.745775462963 0.103591831820615 0.000210227964666532 1.55243576
17100036 100.767488425926 0.103329455863298 0.000205905039732031 1.53825605
17100037 100.789155092593 0.102345307951441 0.000208117835299692 1.41817951
17100038 100.810914351852 0.104445939752169 0.000228382799802986 1.56388307
17100039 100.829513888889 0.104950694853615 0.000293511030533717 1.20865870
17100040 100.846689814815 0.105012260037107 0.000376143865408064 1.11315322
17100043 100.862523148148 0.106822433302349 0.000209812395308794 1.13265872
17100044 100.884224537037 0.107088448501986 0.000283401345524894 1.00000000
17100045 100.900358796296 0.108746415329459 0.000242809328433854 1.00000000
17100046 100.912511574074 0.110732120106996 0.000226111377655284 1.00000000
17100047 100.934085648148 0.110610951287725 0.000228949541112846 1.00000000
17100048 100.955752314815 0.109989254585461 0.00055042588056034 1.00000000
17101001 101.006990740741 0.101321096536825 0.000202007021427277 1.57501984
17101002 101.028599537037 0.10137647141697 0.000200304524253747 1.49393129
17101003 101.050266203704 0.102898869498312 0.000209844750662752 1.52210665
17101004 101.071944444444 0.102837336901835 0.000198341333305068 1.59858060
17101005 101.093738425926 0.102253684672653 0.000201041884649867 1.56752574
17101006 101.115462962963 0.102215412547731 0.000204846622388994 1.72758067
17101007 101.137164351852 0.102784582985885 0.000216088704819809 1.52705741
17101008 101.159305555556 0.102822072910304 0.00021448592500316 1.49766827
17101009 101.181030092593 0.101615632037768 0.000210613604800976 1.48831916
17101010 101.202777777778 0.104731629037771 0.000211526528766421 1.28912163
17101011 101.224583333333 0.105532926723457 0.000257186873496125 1.05818772
17101013 101.247037037037 0.107446402438964 0.000226224537470256 1.00000000
17101014 101.26712962963 0.108639229881294 0.000224838802034704 1.00000000
17101015 101.288703703704 0.108674750814139 0.000225348197220725 1.00000000
17101016 101.310289351852 0.112098170997389 0.000206149947204447 1.00000000
17101020 101.380740740741 0.102002340440636 0.00018745030139897 1.81634688
17101021 101.402928240741 0.100959124255897 0.000186155041957409 1.62876093
17101022 101.424525462963 0.102849807870856 0.000190585882391449 1.75407410
17101023 101.447222222222 0.0998733773698586 0.000579833442380004 1.77877402
17101024 101.451724537037 0.101841859841393 0.000543628540349644 1.65989304
17101026 101.458159722222 0.1034461925543 0.00020546628995074 1.65795195
17101027 101.479884259259 0.103404418960253 0.000237012191577822 1.46473122
17101030 101.511736111111 0.103313446921664 0.000214123063742894 1.34075558
17101031 101.533472222222 0.104455308592457 0.000239589078036927 1.52001166
17101032 101.571006944444 0.103532734689721 0.000205952498458397 1.33618224
17101033 101.592141203704 0.10812508384118 0.00020808376728452 1.00000000
17101034 101.615462962963 0.109191866444161 0.000217257995772003 1.00000000
17101035 101.637222222222 0.109834648919242 0.000218072689892879 1.00000000
17101036 101.65962962963 0.11050083509292 0.000225110734870534 1.00000000
17101037 101.681550925926 0.11332938696158 0.000232470487777419 1.00000000
17101038 101.703356481481 0.114419596353747 0.0010058628045798 1.00000000
17101056 101.933993055556 0.101569795858378 0.000201607739202406 2.45930505
17101058 101.996840277778 0.101129140232051 0.000197409884029095 1.60992527
17102001 102.019108796296 0.102314328873238 0.000194907891608017 1.46539938
17102002 102.040787037037 0.102666860417764 0.000202037082889058 1.46616352
17102003 102.062777777778 0.102941261324513 0.000198591634077105 2.08896637
17102004 102.084502314815 0.10209583790949 0.000200497951980583 1.40700173
17102005 102.106215277778 0.103664433773834 0.000207094478294416 1.49685562
17102006 102.127962962963 0.102775391920408 0.000429620567207525 1.46173680
17102007 102.136712962963 0.102214225550615 0.000206058905059821 1.40761542
17102008 102.158321759259 0.105921124767464 0.00021069599008006 1.14131045
17102009 102.180046296296 0.108470911471867 0.000223237081242583 1.00000000
17102010 102.201678240741 0.109842220755839 0.000222491819556998 1.00000000
17102011 102.223402777778 0.109993001406605 0.000223545988022381 1.00000000
17102012 102.245127314815 0.110677763591482 0.000228952361253402 1.00000000
17102013 102.26693287037 0.112972215339339 0.000237044594025867 1.00000000
17102014 102.288518518519 0.111495773799851 0.00023368991169395 1.00000000
17102015 102.310162037037 0.114173646527477 0.000242535617181681 1.00000000
17102016 102.331851851852 0.114270497742003 0.00152140526623902 1.00000000
17102017 102.339606481481 0.116058045524978 0.00035558706835272 1.00000000
17102032 102.523078703704 0.102393411934561 0.0001643997087059 1.84134102
17102033 102.545659722222 0.102392394203104 0.000192562085734613 1.53379738
17102034 102.567939814815 0.102266921657994 0.000211009874415583 1.56456935
17102035 102.592418981481 0.10230666636299 0.000453617198182003 1.56668174
17102036 102.59619212963 0.104256888942572 0.000213031258794141 1.61439383
17102037 102.618657407407 0.102472835889818 0.000212816446507289 1.18121600
17102038 102.640324074074 0.103155526433988 0.000209587819446705 1.44592798
17102039 102.662002314815 0.104891681963874 0.000215839874053045 1.13310134
17102040 102.687048611111 0.105899246538521 0.00022157397488366 1.00000000
17102041 102.710428240741 0.104459115833166 0.000400451437906628 1.00000000
17102042 102.732106481481 0.10898150882958 0.000226493545898166 1.00000000
17102043 102.753888888889 0.111203524562089 0.000232376042011248 1.00000000
17102044 102.776041666667 0.112798932041745 0.000241769167701708 1.00000000
17102045 102.797847222222 0.114427418860225 0.000243249603981424 1.00000000
17102046 102.81962962963 0.115792807776964 0.000249679826018473 1.00000000
17102047 102.841446759259 0.116311137489254 0.000302064644672674 1.00000000
17103001 103.01130787037 0.10179420725991 0.000371839844819873 1.49060750
17103007 103.155474537037 0.102316024578376 0.000188312244878149 1.61542773
17103008 103.178657407407 0.102440058366413 0.000250907604984223 1.42036057
17103009 103.195486111111 0.102630298679758 0.000206337851441745 1.42534554
17103010 103.217152777778 0.103026124319 0.00020329421534416 1.43268216
17103011 103.238726851852 0.102065598536291 0.000200460511831494 1.42293763
17103012 103.260405092593 0.101357628552333 0.000199641612164584 1.59714174
17103013 103.282488425926 0.103824903075641 0.000207076552801781 1.61687565
17103014 103.304282407407 0.106287211630109 0.000220797355733637 1.00000000
17103015 103.326006944444 0.104417534503052 0.000490152612919371 1.02448094
17103016 103.331215277778 0.106738950441793 0.000221380938574517 1.04755735
17103017 103.352766203704 0.111125673190355 0.000225629485024896 1.00000000
17103019 103.383368055556 0.112585699086495 0.000230284451215802 1.00000000
17103020 103.405289351852 0.111340268769713 0.000275036700665199 1.00000000
17103021 103.421481481481 0.112338302804152 0.000236446043031612 1.00000000
17103022 103.443275462963 0.114960446025075 0.000242295847684829 1.00000000
17103025 103.467731481481 0.11525247916808 0.000328859653477499 1.00000000
17103041 103.743125 0.101279624871012 0.000189287944796127 1.73802340
17103042 103.764849537037 0.102675774664772 0.000200470811353348 1.57621908
17103043 103.786585648148 0.10277068685879 0.000203121513085427 1.52714884
17103044 103.807974537037 0.101341317597426 0.000198791878377405 1.63154066
17103045 103.829479166667 0.102505696515795 0.000199817029476437 1.59709764
17103046 103.851111111111 0.102779330050216 0.000203920328580087 1.43256855
17103047 103.872766203704 0.103449142909867 0.000202913660342376 1.47609913
17103048 103.894305555556 0.103680658949633 0.000212534800655248 1.34991121
17103049 103.914768518519 0.103857652279848 0.000204819594644614 1.37369013
17103050 103.936446759259 0.104261089648427 0.000203478872795049 1.55481434
17103051 103.958715277778 0.109374824375214 0.000235844032897385 1.24511480
17103052 103.976863425926 0.11303389255177 0.000393768309236791 1.00000000
17103059 103.996458333333 0.115562142770393 0.000921678699719613 1.00000000
17103060 103.998506944444 0.114015209902601 0.00107120737268649 1.00000000
17103061 104.000763888889 0.117068422404848 0.000220372865323412 1.00000000
17104001 104.024479166667 0.118523496581162 0.000236003414582092 1.00000000
17104002 104.04724537037 0.120032744706787 0.000210874888362706 1.00000000
17104003 104.12125 0.106518859777128 0.000207433603319299 1.62163997
17104004 104.142986111111 0.108167286366403 0.000197463676951347 1.52348351
17104005 104.167175925926 0.109816814758674 0.000199832435976521 1.42558932
17104006 104.190601851852 0.110692859766865 0.000200359490955431 1.59801483
17104007 104.214375 0.111114997781841 0.000210880807322349 1.49345887
17104008 104.236412037037 0.110355144443822 0.000214499756988313 1.42251265
17104009 104.258171296296 0.110010614296869 0.000217580952146297 1.33628988
17104011 104.285451388889 0.110383463048717 0.000209926733543492 1.39808309
17104012 104.307164351852 0.112747108691001 0.000217727016097379 1.55661714
17104013 104.329166666667 0.115663341601117 0.000276871523744167 1.19302726
17104014 104.34369212963 0.116725497531002 0.000226027709460716 1.06586671
17104015 104.366145833333 0.119545796847313 0.000234599898966527 1.00000000
17104016 104.387743055556 0.121513006989565 0.000241338544819019 1.00000000
17104017 104.409270833333 0.122539164706152 0.000236502209398493 1.00000000
17104018 104.432361111111 0.12450560677582 0.000505045204576173 1.00000000
17104026 104.834108796296 0.10193284968994 0.000564079474896566 1.80789828
17104027 104.837349537037 0.102927880996147 0.00019088774846365 1.77068758
17104028 104.858819444444 0.103566017172822 0.000254811666381495 1.65933895
17104030 104.873819444444 0.103888713682141 0.00193719800529618 1.51090479
17104031 104.884768518519 0.10048211848792 0.00150141834610926 1.55951548
17104034 104.891793981481 0.103663027193509 0.000192892506193613 1.58564985
17104036 104.916284722222 0.103797801153084 0.000313152186509558 1.55288398
17104037 104.925601851852 0.104160263646072 0.000281130208296206 1.58688581
17104038 104.936886574074 0.102922102435768 0.000195984315065029 1.56629169
17104039 104.958530092593 0.102591505666367 0.000214793052531904 1.64370656
17104040 104.97806712963 0.102806862262052 0.000200798206999647 1.53500223
17104041 105.000243055556 0.103116298967047 0.000205078291270881 1.37317896
17105001 105.022210648148 0.103326791166404 0.000190744316665216 1.40396845
17105002 105.046539351852 0.10360526582456 0.000399227036689083 1.50280607
17105003 105.056145833333 0.105478548502276 0.000158843787989774 1.49879467
17105004 105.078854166667 0.104553980574917 0.000483248140094177 1.23659360
17105009 105.136805555556 0.10165359123145 0.000192633940583397 1.48976421
17105010 105.159733796296 0.102218554715075 0.000199514456647099 1.45253897
17105011 105.181064814815 0.101589753234425 0.00022257131119709 1.39113295
17105012 105.201689814815 0.102563724412967 0.000203356854209263 1.53547955
17105013 105.223506944444 0.101554800052304 0.000353216186799724 1.57479763
17105017 105.242407407407 0.103384850351672 0.000192241765621722 1.45768058
17105018 105.266863425926 0.102447483111573 0.000207962610176369 1.42883492
17105019 105.288645833333 0.102114651033438 0.000191861261652656 1.56483448
17105020 105.315347222222 0.104003387626442 0.000203454412265451 1.56785965
17105021 105.3378125 0.103945317237896 0.000207041321001555 1.20755768
17105022 105.36005787037 0.103306883801548 0.000329901649735453 1.67110872
17105041 105.638148148148 0.101211759258041 0.00035880413910233 1.76587796
17105042 105.678194444444 0.101895877778268 0.000480965590762366 1.58180904
17105043 105.682407407407 0.102625232360619 0.000434449894929744 1.53854322
17105044 105.685856481481 0.100959119254314 0.000197670125657935 1.63634634
17105045 105.707199074074 0.102272471974477 0.000208549181615627 1.58624661
17105046 105.802349537037 0.100426243859978 0.000359566709342184 1.60809565
17105047 105.820543981481 0.101350264295671 0.000859198532058031 1.68053544
17105048 105.823842592593 0.102859169377012 0.000202792500910064 1.51915479
17105049 105.845972222222 0.103192193210839 0.000202114265483275 1.38962197
17105050 105.8684375 0.102894001799028 0.000203250347827366 1.45511591
17105051 105.889953703704 0.103904217166296 0.000358916754023137 1.57553768
17105052 105.897835648148 0.101883525792186 0.000196993919502602 1.55619562
17105053 105.919664351852 0.102008514434014 0.000210544554529847 1.53821623
17105054 105.940659722222 0.10464264197974 0.000215157923691236 1.57824206
17105055 105.9603125 0.102624401836139 0.000219877899830381 1.49419570
17105056 105.979988425926 0.103543605892103 0.000234477169727395 1.48034859
17105057 106.000613425926 0.103685959269936 0.0002102549657144 1.58335876
17106001 106.022326388889 0.103560428064424 0.000194972832746439 1.49193656
17106002 106.047488425926 0.104020368983784 0.000198638854854607 1.42888427
17106003 106.073101851852 0.104392447728507 0.000215184683067572 1.44130385
17106004 106.094895833333 0.107049666070026 0.000222592875257113 1.13975120
17106005 106.117696759259 0.107043290771601 0.000451575057810431 1.00115669
17106006 106.168668981481 0.102543826277952 0.000192056147018388 1.61099970
17106007 106.191539351852 0.102029006324389 0.000192479572481366 1.58491111
17106008 106.215381944444 0.101909675655306 0.000204137612261457 1.50857615
17106009 106.236759259259 0.101545024301835 0.000207265235192903 1.35859072
17106010 106.25875 0.103529097403203 0.000208529491255906 1.39460611
17106011 106.280416666667 0.101204278888757 0.000209496690001752 1.48851776
17106012 106.305821759259 0.102163036267865 0.000210084313090683 1.53677666
17106013 106.329050925926 0.102689667813934 0.000203813021876805 1.58536720
17106014 106.351446759259 0.103536632407847 0.000208979307787303 1.53166580
17106015 106.373171296296 0.103821070922459 0.000208883007809644 1.49608541
17106016 106.394756944444 0.105154079459917 0.000212163001432278 1.16240835
17106017 106.416296296296 0.107330145001632 0.000218389733205988 1.11406350
17106018 106.438171296296 0.108244691596342 0.000538578886633444 1.00000000
17106019 106.446365740741 0.109274411267076 0.000223331204588722 1.00000000
17106020 106.468229166667 0.111478430739502 0.000224396116597003 1.00000000
17106021 106.489849537037 0.112594812577751 0.000560009154328858 1.00000000
17106048 106.800138888889 0.106532385397332 0.000392018739431335 1.00000000
17106055 106.977893518519 0.100881146320508 0.000203266102667655 1.28507888
17107001 107.002372685185 0.102113896521588 0.000568651626541138 1.36068976
17107002 107.006412037037 0.102697865672209 0.000205229676072456 1.41379297
17107003 107.029849537037 0.102979864235849 0.000205714398290513 1.32643843
17107004 107.051608796296 0.103056249048883 0.000201035060144498 1.44295716
17107006 107.075659722222 0.102879259598169 0.00018588774249947 1.41503263
17107007 107.100833333333 0.103246306415622 0.000239801391998945 1.47848451
17107008 107.122604166667 0.103001355498832 0.000188659576346574 1.55892205
17107009 107.146863425926 0.103714220747829 0.000195529104504693 1.43395078
17107010 107.16943287037 0.103688883427575 0.000194639528482976 1.55361760
17107011 107.192696759259 0.102885532973811 0.000193365107103112 1.51337564
17107015 107.218078703704 0.103109431401277 0.000197524551973323 1.51981246
17107016 107.240486111111 0.104767605112321 0.000180503714012643 1.31773520
17107020 107.272071759259 0.106627298082347 0.000215048570016833 1.00000000
17107022 107.309085648148 0.108761702798935 0.000385305696061557 1.00000000
17107027 107.361574074074 0.101166344818222 0.000200599148478499 1.30984843
17107028 107.385439814815 0.101534644664483 0.000202719670642208 1.28959274
17107029 107.4084375 0.103648424903258 0.000198561388201366 1.39804208
17107030 107.431608796296 0.103541885771536 0.000200759874455259 1.45184791
17107031 107.453831018519 0.102571215578724 0.00036065679359218 1.55830026
17107032 107.468854166667 0.102832085137497 0.000191863273095715 1.51467264
17107033 107.491574074074 0.10261557775202 0.000566566197686344 1.77872467
17107035 107.496180555556 0.103194455126897 0.000204021840472479 1.76444733
17107036 107.517523148148 0.103120232064468 0.000202779992777933 1.60965252
17107037 107.539340277778 0.10474143118312 0.000214614964827305 1.53315639
17107038 107.560983796296 0.104268361599981 0.00020983520649797 1.38961506
17107039 107.582638888889 0.103521782779367 0.000209427825676034 1.38348997
17107040 107.604247685185 0.104520561115555 0.000215497032793601 1.41113877
17107041 107.625983796296 0.106064931810214 0.00022278433108967 1.16505027
17107042 107.649074074074 0.10614839365468 0.0002447607353946 1.00000000
17107043 107.668576388889 0.107901784954463 0.000264894726184347 1.00000000
17107044 107.7315625 0.102443869089013 0.000201979918356984 1.45030379
17107045 107.753761574074 0.101860689169159 0.000209697117171654 1.39096904
17107046 107.775497685185 0.10094414812795 0.000207406483570093 1.36875200
17107047 107.797060185185 0.102307448326869 0.000279328304431925 1.40138340
17107048 107.809490740741 0.102847410201615 0.000207862988614535 1.42049301
17107049 107.831168981481 0.103504371922549 0.000225689078316931 1.49940050
17107050 107.851030092593 0.101342432835103 0.000194893133165304 1.27425766
17107051 107.87568287037 0.102674036781591 0.000206797863087455 1.45635879
17107052 107.897650462963 0.103099620715831 0.000378260184652732 1.36317861
17107054 107.912743055556 0.103136759488973 0.000252167471139656 1.44455445
17107055 107.929826388889 0.103533186157765 0.000274476281850222 1.49882579
17107056 107.945289351852 0.103148277219797 0.00020422470950454 1.53477681
17107057 107.966898148148 0.103698197943103 0.000352938838595756 1.45278251
17107058 107.977928240741 0.104095275152778 0.000195491697186061 1.43681443
17108001 108.001122685185 0.105180007046083 0.000208960668445837 1.12041247
17108004 108.025856481481 0.106455362402636 0.000265156186637878 1.00000000
17108007 108.118310185185 0.10156842788458 0.000196540535197284 1.35089827
17108008 108.143634259259 0.101953609621507 0.000194098202552329 1.29925525
17108010 108.169560185185 0.102051163443634 0.000186756613034732 1.34885967
17108011 108.196076388889 0.101018714285823 0.000196526475517991 1.42254663
17108012 108.218703703704 0.103135656351228 0.000195121277582212 1.54443204
17108013 108.241377314815 0.101250810542134 0.000277255668024283 1.44172406
17108023 108.491273148148 0.0995800080132848 0.000965749149775576 1.61321890
17108024 108.492928240741 0.0995485462082592 0.00147916355141947 1.48479390
17108025 108.494525462963 0.102104572356613 0.000197357388893372 1.50011635
17108026 108.516458333333 0.102005517106142 0.000196341583291248 1.42566943
17108027 108.538298611111 0.102617468085506 0.000229373650002763 1.44283783
17108028 108.567326388889 0.102282414152446 0.000198135210984339 1.42228532
17108030 108.59056712963 0.102423253570164 0.000199078488260377 1.80612504
17108031 108.612743055556 0.10423095970601 0.000202867334511012 1.38140476
17108032 108.634340277778 0.104153762639268 0.000205429724669909 1.37460816
17108033 108.656273148148 0.105802636358181 0.000206543023367571 1.23160183
17108034 108.678090277778 0.106512666221392 0.000556152589354101 1.00503433
17108035 108.6821875 0.106811635021498 0.000221670484355832 1.00986373
17108036 108.7046875 0.107502985057311 0.000804810178416477 1.00000000
17108037 108.707210648148 0.109971356092571 0.000224959957650018 1.00000000
17108038 108.728993055556 0.111385760508699 0.000232045779573274 1.00000000
17108039 108.750694444444 0.112823396606749 0.000233383227703375 1.00000000
17108040 108.772905092593 0.113569116536498 0.000458015410561116 1.00000000
17108041 108.854826388889 0.101032543579739 0.000211100282527458 1.13890743
17108042 108.876689814815 0.102286514938441 0.00020998080752845 1.25046778
17108043 108.898252314815 0.101943619354184 0.000208993949855527 1.30019689
17108044 108.919953703704 0.102534206168355 0.000234633383747222 1.32465017
17108046 108.942314814815 0.102762419021409 0.000256590550180077 1.47998488
17108047 108.951111111111 0.103047243067969 0.000209221599288234 1.39345157
17108048 108.971412037037 0.100490604902351 0.00216829648565187 1.57762682
17108049 108.972800925926 0.103926738145171 0.000149172568823338 1.57499242
17108052 109.000787037037 0.102286510957411 0.000196697163685005 1.46573651
17109002 109.024305555556 0.101755298739718 0.000196848115860159 1.42346478
17109003 109.046666666667 0.102521201666495 0.000289530196339398 1.40021515
17109004 109.059884259259 0.101255154729314 0.000209980385449052 1.43105829
17109005 109.081990740741 0.104115646550617 0.000207401367196244 1.30034804
17109009 109.109155092593 0.106721864772902 0.000219358910351658 1.00000000
17109010 109.132002314815 0.108683988320351 0.000219182037456176 1.00000000
17109011 109.156087962963 0.110150933122576 0.000287195176289214 1.00000000
17109015 109.228668981481 0.102109845172167 0.000208629303136335 1.21203685
17109016 109.250543981481 0.102171903782169 0.000209731614337902 1.35856843
17109017 109.272152777778 0.103295601105742 0.000212365738463883 1.32066405
17109018 109.29369212963 0.103679860910976 0.000217354199882501 1.39223385
17109023 109.333773148148 0.1017737693249 0.000397858239296012 1.65926802
17109025 109.339571759259 0.103294444167032 0.00015744826597276 1.59944594
17109026 109.363923611111 0.103472579504788 0.000157101784209175 1.66233563
17109027 109.386365740741 0.10472905026971 0.000216082434739236 1.66216838
17109029 109.400925925926 0.103428536150854 0.000149927019296092 1.65579367
17109030 109.424918981481 0.105838620730889 0.000162665034005466 1.53826749
17109031 109.446053240741 0.107447315161392 0.000165956720866249 1.36440170
17109032 109.470173611111 0.106735002540326 0.000955602271363724 1.04581201
17109034 109.483483796296 0.108440003803818 0.000167482257876752 1.00000000
17109035 109.506689814815 0.109666275961929 0.000177229413367799 1.00000000
17109036 109.528287037037 0.108346607441765 0.000177868617051155 1.00000000
17109037 109.550185185185 0.109941919274812 0.000533681287883327 1.00000000
17109048 109.663877314815 0.101667409279236 0.000555188923388778 1.65866446
17109049 109.667337962963 0.0998201218656988 0.00136161171552034 1.71275830
17109050 109.675555555556 0.102615550573929 0.000205494039794128 1.68107831
17109051 109.708298611111 0.102449147635592 0.000395607330984254 1.65042984
17109052 109.716296296296 0.102648415789124 0.000206387289163692 1.57122231
17109053 109.737662037037 0.103254011097529 0.000252590944517917 1.74160898
17109054 109.754363425926 0.104202339747038 0.000362900655710564 1.67530668
17109055 109.759456018519 0.104077585916105 0.000210384788731644 1.60433912
17109056 109.781018518519 0.104165294261812 0.000204624814943789 1.54825521
17109057 109.802673611111 0.103595826574182 0.000204409641491065 1.72181904
17109058 109.824444444444 0.104768722364415 0.000207281350607429 1.56181681
17109059 109.846111111111 0.102932731549246 0.000323951021514186 1.51716328
17109060 109.863761574074 0.104260342416873 0.000216669227267666 1.39684904
17109061 109.885648148148 0.103360800885643 0.000245553582500739 1.63815308
17109065 109.90556712963 0.104411010260247 0.000283952480598894 1.47057068
17109066 109.919189814815 0.103391090418386 0.000726913497036612 1.38691199
17109067 109.922835648148 0.105941109618664 0.00055341506638389 1.35324728
17109068 109.927858796296 0.106680064340471 0.000219099418898822 1.18849850
17109069 109.949270833333 0.107958725436782 0.00022615351894106 1.07467163
17109070 109.970439814815 0.109753003850312 0.000247560826513032 1.00000000
17110001 110.048148148148 0.101456343099331 0.000204195416668241 1.44481432
17110002 110.070763888889 0.102998271192192 0.000214639726381949 1.42146611
17110003 110.092546296296 0.10212134238442 0.000216363172090824 1.44382071
17110004 110.11443287037 0.102453851230259 0.000209041306427197 1.54823124
17110005 110.136168981481 0.102859320846971 0.000214188835465439 1.45331621
17110006 110.157881944444 0.103305106498359 0.00020976046391306 1.70240104
17110007 110.179710648148 0.102881710597654 0.000256915096055152 1.64262795
17110011 110.202407407407 0.103409044396624 0.000203837940832141 1.63963807
17110012 110.224293981481 0.10302134883868 0.000204534457629285 1.47562397
17110013 110.246388888889 0.103676054330807 0.00025601625832614 1.52922964
17110014 110.264131944444 0.103396289121191 0.000204381385363261 1.67293584
17110015 110.286527777778 0.104315037375257 0.000217952529592984 1.58209145
17110016 110.309386574074 0.102746557712186 0.000339446942388255 1.77703702
17110017 110.318599537037 0.104979183255026 0.000202881683379554 1.59899914
17110018 110.343321759259 0.104878263338292 0.000212660772819517 1.29184568
17110019 110.364548611111 0.106615207742012 0.000248794987242803 1.06556368
17110028 110.42099537037 0.101753374918741 0.00020048469446984 1.55186617
17110029 110.442638888889 0.103195498418521 0.000195307364851409 1.52125764
17110030 110.465196759259 0.103861999784165 0.000190497399733689 1.61602402
17110031 110.488171296296 0.104304176772229 0.000201563663145366 1.65490437
17110032 110.510104166667 0.102282111127049 0.000196608970385758 1.62813020
17110033 110.531898148148 0.103485497021589 0.000199720642058087 1.84762251
17110034 110.556701388889 0.10428611562578 0.000197669996176561 1.70874107
17110035 110.577997685185 0.104015890308418 0.000191472405417512 1.59781075
17110036 110.600509259259 0.103741762661443 0.000192573012701449 1.59258890
17110037 110.622731481481 0.104649454905119 0.000221002100377103 1.67478764
17110039 110.643564814815 0.0966631481041739 0.000192715664343009 1.46884894
17110040 110.665578703704 0.105493186302666 0.000196801043668824 1.57553351
17110041 110.687152777778 0.105388946168173 0.000202663423124256 1.34524286
17110042 110.709340277778 0.106195349921213 0.000207404361750797 1.28002071
17110043 110.731747685185 0.107613076113206 0.000278162740845996 1.04222918
17110044 110.787476851852 0.102522953920608 0.000205404472734065 1.38244927
17110045 110.80875 0.102065153566398 0.000237517565926983 1.32993889
17110049 110.829548611111 0.102928142343647 0.000204667564929849 1.27876353
17110050 110.851342592593 0.102271189504239 0.000200554561411083 1.48548782
17110051 110.872800925926 0.103016025244406 0.000199307624092835 1.51118529
17110052 110.894293981481 0.103225812993325 0.000196353075206918 1.66428924
17110053 110.916122685185 0.102246877688499 0.000456766362726704 1.56875765
17110054 110.923333333333 0.104294549233093 0.000334936515540931 1.59353411
17110055 110.932893518519 0.104181265915049 0.000373444270107647 1.58233666
17110057 110.952928240741 0.103963889719832 0.000273277992247908 1.62027669
17110058 110.967581018519 0.104071416887421 0.000309319459682909 1.51275003
17110059 110.977685185185 0.103177927681183 0.000322648221969029 1.54892945
17110060 110.986331018519 0.103866015417829 0.000330057371648293 1.53854120
17111028 111.475173611111 0.102151003165522 0.000164481277637894 1.55577672
17111029 111.499490740741 0.101804258216687 0.000661322115804658 1.48616123
17111030 111.502361111111 0.103506727544397 0.000184692832606262 1.50586545
17111031 111.525532407407 0.101840228381617 0.000187603090971083 1.61139727
17111032 111.547337962963 0.103817746074064 0.000177930552799636 1.63133633
17111033 111.571087962963 0.102735501681115 0.000444467897308375 1.79816782
17111034 111.575972222222 0.103764769949426 0.00018735950027289 1.73095238
17111035 111.597685185185 0.103411827210612 0.000184595537328963 1.69576323
17111036 111.619259259259 0.102216926011737 0.000272501718656551 1.55483806
17111037 111.629675925926 0.103775538910678 0.000189590107252883 1.75055361
17111038 111.651990740741 0.10375881946844 0.000211323370780336 1.67237544
17111039 111.67375 0.103860288934553 0.00020870699837828 1.74783039
17111040 111.695335648148 0.103828285311927 0.000263607305178215 1.61456430
17111041 111.708738425926 0.105705604975765 0.000209935792899697 1.46012986
17111042 111.730405092593 0.10610327921963 0.000206076277556491 1.17361605
17111043 111.75212962963 0.108328154844777 0.000217908502990756 1.00000000
17111044 111.773564814815 0.108242452512673 0.000212269442029422 1.00000000
17111045 111.796678240741 0.109988991820923 0.000394234293741844 1.00000000
17111055 111.843796296296 0.101008244214834 0.000193033000126804 1.71190619
17111056 111.865335648148 0.102967007638417 0.000505829642508195 1.64745438
17111057 111.870092592593 0.100990921694161 0.000919994807444327 1.58306825
17111059 111.87587962963 0.103138240492908 0.000831695137911854 1.51402533
17111060 111.878946759259 0.103755821016208 0.000209678042354272 1.53847611
17111064 111.906087962963 0.100724934527137 0.000327560501356334 1.58908844
17111065 111.957523148148 0.100349086199624 0.000204942215590348 1.65228462
17111066 111.978043981481 0.101976321407336 0.000201127140691604 1.42530215
17111067 111.999722222222 0.102238301351272 0.000201589389323319 1.49272740
17112001 112.021458333333 0.103345532964565 0.000205385608094017 1.46068394
17112002 112.043171296296 0.102465662706033 0.000178827168559529 1.64903760
17112003 112.069756944444 0.102696983091447 0.000196070161151145 1.59607315
17112004 112.091805555556 0.102761816521972 0.000196109471120425 1.67855883
17112005 112.113726851852 0.103328215586366 0.000320786184373264 1.51268435
17112006 112.126724537037 0.103770383556027 0.000199445663450191 1.47231936
17112007 112.140810185185 0.103849707774129 0.00020061612317192 1.55227578
17112008 112.162465277778 0.1034642671884 0.000199995261405353 1.62767947
17112009 112.184282407407 0.103433302290246 0.000199692698098825 1.63373327
17112010 112.206018518519 0.102953052567571 0.000197571390820135 1.44790518
17112011 112.228078703704 0.103856184651426 0.000195515993667067 1.53707969
17112012 112.251400462963 0.103755910724496 0.000214010233409916 1.56844664
17112013 112.270150462963 0.104604339899571 0.000263417573900982 1.38990092
17112041 112.714641203704 0.0728442857464276 0.00163443852974023 1.53291023
17112043 112.71900462963 0.102024011932391 0.00044178092518124 1.44162524
17112044 112.726157407407 0.102992288878072 0.000240047779202011 1.47850859
17112052 112.760115740741 0.104301135021332 0.000206940326916017 1.63944805
17112053 112.7815625 0.103175094554492 0.000203080404129668 1.56881595
17112054 112.803020833333 0.103189949698614 0.00020136003624705 1.59414434
17112055 112.824467592593 0.103635120428372 0.00020228724684801 1.75909925
17112056 112.8459375 0.103287030212015 0.000196925901002151 1.83033621
17112057 112.867951388889 0.103797079098348 0.000206501988059688 1.57886100
17112058 112.889571759259 0.10396902461014 0.00020467369354019 1.58890915
17112059 112.911342592593 0.102744058631642 0.000203116193786275 1.57374680
17112060 112.933090277778 0.104252774365198 0.000207633323612719 1.69329596
17112061 112.954375 0.103525073206318 0.000205519299364365 1.47113681
17112062 112.975844907407 0.103586196749878 0.000203110986549925 1.59621191
17112063 112.9975 0.104346491384547 0.000204167305039152 1.42203927
17113001 113.021365740741 0.106323845614629 0.000222991404557463 1.23216236
17113002 113.085555555556 0.101860331961305 0.000206729848790651 1.37728155
17113003 113.151018518519 0.103447852681343 0.000246653573414516 1.40379310
17113004 113.170821759259 0.102805349648781 0.000155820786120714 1.49990654
17113005 113.192881944444 0.102975308421027 0.000207569268051386 1.48635256
17113006 113.21275462963 0.103085651229216 0.00098026403709406 1.69616842
17113007 113.217916666667 0.102807172877248 0.000334880090093096 1.42282450
17113008 113.223287037037 0.103373823705717 0.000256669990891135 1.71601415
17113010 113.290740740741 0.102713172853797 0.000196650282732533 1.57815099
17113011 113.311944444444 0.101613123901962 0.000787750033601114 1.71413982
17113012 113.318958333333 0.102563698517875 0.000274504475821851 1.54475045
17113013 113.331724537037 0.102795031198158 0.000261606269932636 1.53950465
17113014 113.345798611111 0.102218248096078 0.000210482277393418 1.40796316
17113015 113.367233796296 0.102490716729954 0.000586541232501428 1.32741809
17113036 113.775775462963 0.102774415959795 0.00019753012352646 1.55157423
17113037 113.797384259259 0.102807686395082 0.000212579226697727 1.38238204
17113038 113.819097222222 0.103605692565241 0.000205154613139866 1.30857027
17113039 113.840439814815 0.103576738593985 0.000219216003166222 1.41373432
17113041 113.863703703704 0.103553397609212 0.000377324590034902 1.39165735
17113042 113.870810185185 0.101053563214155 0.00236511202999305 1.50800872
17113043 113.871956018519 0.103797393659559 0.000205159784263632 1.49945629
17113044 113.893472222222 0.103378560399984 0.000203500337144812 1.57329905
17113045 113.916840277778 0.102970929880413 0.000204589203476558 1.56468487
17113046 113.938240740741 0.103939794898012 0.000261101678856095 1.58580375
17113047 113.951875 0.103655279673009 0.000206432240694324 1.52477276
17113048 113.973240740741 0.103516633553963 0.000203413252066387 1.52604973
17113049 113.994861111111 0.10455564524952 0.000206649017721631 1.50420702
17114001 114.016550925926 0.104274494341238 0.000213405645923983 1.28347230
17114002 114.038298611111 0.104155087104965 0.00020605329257258 1.35114336
17114003 114.060034722222 0.105320795761823 0.00021040068914306 1.31143248
17114004 114.082372685185 0.104951339685182 0.000207127278072721 1.17137361
17114005 114.150150462963 0.101727359101242 0.000196222261145828 1.54980254
17114007 114.173391203704 0.102841135684477 0.000209319849891038 1.44306481
17114008 114.195127314815 0.103249503166209 0.000206477179095157 1.34762478
17114010 114.217858796296 0.102739856880918 0.000203001156511837 1.51826322
17114011 114.240162037037 0.103967157082152 0.000188057515831814 1.52781308
17114013 114.2671875 0.101905789369292 0.00020522568770803 1.68817163
17114014 114.288773148148 0.103841507914078 0.000210561027762397 1.67666614
17114015 114.308703703704 0.102390573993492 0.000204363547445984 1.50532019
17114016 114.330613425926 0.103998640566151 0.000494270483391422 1.48623884
17114017 114.341527777778 0.102538695772749 0.000212290591985633 1.53322566
17114018 114.362835648148 0.103735063019114 0.000327335284487418 1.50241709
17114020 114.377083333333 0.104255916175754 0.00020620613490661 1.54151523
17114022 114.398564814815 0.104272998013848 0.000216256810687074 1.36427903
17114023 114.42037037037 0.104911251178473 0.000205827183913248 1.37726605
17114024 114.442789351852 0.105095832110653 0.000211934064341647 1.26594555
17114025 114.464074074074 0.106180980852063 0.00023598488456563 1.04979467
17114030 114.57505787037 0.102239448976148 0.000206334035320764 1.39108551
17114031 114.597418981481 0.103581374369968 0.000210348245209116 1.46413338
17114032 114.619016203704 0.104652221351084 0.000202877625082558 1.42838812
17114033 114.642337962963 0.104182364610438 0.000214405829363215 1.52735054
17114034 114.663877314815 0.102358862863527 0.000207351650009434 1.50079930
17114035 114.685474537037 0.102647765335526 0.000206696083819873 1.64673448
17114036 114.707303240741 0.103035520201927 0.000210003149413344 1.48000693
17114037 114.728738425926 0.103329020297393 0.000213766485730056 1.38544130
17114038 114.750127314815 0.104224423976225 0.000211162757546024 1.54059827
17114039 114.771481481481 0.104510642508163 0.000211985219061433 1.48950183
17114040 114.792858796296 0.105083007746856 0.000211574427966432 1.52884710
17114043 114.820081018519 0.106186762334495 0.000339893053110487 1.42752242
17114044 114.826597222222 0.109404563055302 0.000209462176486728 1.31212103
17114045 114.849918981481 0.113610020716316 0.000246962601860421 1.32228220
17114046 114.862650462963 0.113196097151845 0.000232182474912522 1.20900059
17114047 114.884293981481 0.1156817871158 0.000240241670702714 1.07863951
17114049 114.943090277778 0.10826656476097 0.000216831747768055 1.38663518
17114050 114.965439814815 0.10954415778776 0.000215490320426174 1.30491972
17114051 114.987152777778 0.111064429014325 0.000221903140606915 1.32796288
17115001 115.008819444444 0.110298527520902 0.000215806628364869 1.45182443
17115002 115.030497685185 0.109588744214828 0.000215207067457387 1.57637489
17115003 115.052268518519 0.114290046340321 0.000223177779211998 1.37012696
17115004 115.073877314815 0.113501112682365 0.00033883659768543 1.56486702
17115005 115.086446759259 0.112597057445784 0.000219154375402487 1.48584557
17115007 115.109074074074 0.112659089069852 0.000218898361239631 1.54518890
17115008 115.131701388889 0.112484239026244 0.000219064925085551 1.48274171
17115009 115.153414351852 0.112990998793287 0.000218952612384884 1.40998340
17115010 115.176157407407 0.115636281760541 0.000233270286600461 1.41195405
17115012 115.201423611111 0.111138090401149 0.000439501080326437 1.38392591
17115013 115.210671296296 0.112267245070683 0.000389772929526203 1.21398246
17115014 115.221412037037 0.114377442942901 0.000312138609878469 1.09683967
17115016 115.274212962963 0.108110576783996 0.000230124978065855 1.44625986
17115018 115.297476851852 0.107972031573053 0.000217409640484169 1.47668183
17115019 115.318657407407 0.111092723103599 0.000214308068062214 1.58910441
17115021 115.343263888889 0.114709106309653 0.00022562257848523 1.55770063
17115022 115.364386574074 0.112568945467185 0.000220095100994744 1.50725412
17115023 115.386539351852 0.105838370485535 0.000461408542675713 1.38398242
17115024 115.394236111111 0.106406313023466 0.000207775830454679 1.43768764
17115025 115.415300925926 0.112121298436986 0.000215230549318083 1.52974868
17115026 115.438668981481 0.112553374142921 0.000441187795368491 1.49860513
17115028 115.446331018519 0.109951411803988 0.00018749257740921 1.63176656
17115029 115.467372685185 0.112265882106913 0.00149278232149756 1.44836724
17115030 115.468726851852 0.11093778079101 0.000223168363266669 1.48726332
17115031 115.490277777778 0.11238601884114 0.000224778437898269 1.48170269
17115032 115.511608796296 0.113260048147613 0.000241439053222161 1.25143337
17115033 115.533240740741 0.113657935822149 0.000224136730631824 1.09802234
17115035 115.556134259259 0.115063278173626 0.000227671832877018 1.00000000
17115037 115.579861111111 0.118538934359599 0.000234013926538194 1.00000000
17115038 115.602326388889 0.115622813842621 0.000946145348115771 1.00000000
17115044 115.647592592593 0.101052469824424 0.000212989172430888 1.11839545
17115045 115.668819444444 0.101555888353247 0.000214155109632826 1.20114064
17115046 115.690335648148 0.10247594980807 0.000207694642296479 1.31357193
17115047 115.711666666667 0.102804226902119 0.0002101494621925 1.43706298
17115048 115.73318287037 0.103052192627003 0.000212929733857968 1.37037253
17115049 115.754236111111 0.103776321676275 0.000209916648413641 1.48461902
17115050 115.775856481481 0.103544909120743 0.000213454887131483 1.37232566
17115051 115.797222222222 0.104089334981889 0.000209707839506985 1.53615320
17115052 115.81869212963 0.102705153657217 0.000211736493653522 1.55943263
17115053 115.839791666667 0.104017762140332 0.000214560870613743 1.41008449
17115054 115.861215277778 0.103607804426911 0.000210699995353706 1.41834760
17115056 115.883912037037 0.103319219802651 0.000207881774828245 1.41584229
17115058 115.907766203704 0.104180806129536 0.00021911386566646 1.29793334
17115060 115.930636574074 0.106951842500582 0.000218165408197005 1.34348702
17115061 115.952256944444 0.106200012196597 0.000217023262833512 1.10224724
17116001 116.026064814815 0.102547450295842 0.000201097606272548 1.38713062
17116002 116.048344907407 0.102772785731856 0.000333576333492047 1.38277578
17116003 116.061076388889 0.103443265965731 0.000208028573410044 1.39187276
17116004 116.082905092593 0.103818038904584 0.000233529544928208 1.51925921
17116005 116.099490740741 0.104446578424617 0.000201699011352657 1.37946594
17116006 116.12119212963 0.104035319710428 0.000200164397320562 1.50028169
17116008 116.143981481481 0.102729759664969 0.000204910421759427 1.51241934
17116009 116.165659722222 0.103337607384468 0.000206318060116592 1.62267292
17116010 116.187662037037 0.102478211877004 0.000201877134017968 1.45864630
17116015 116.215532407407 0.102724434515634 0.000207526238076861 1.42618656
17116016 116.237615740741 0.104840222252577 0.000182390466464503 1.36798906
17116017 116.264085648148 0.103970570970665 0.000211648474553662 1.32261741
17116018 116.285902777778 0.104255126556391 0.000197907683300354 1.08049202
17116019 116.310347222222 0.106181734448298 0.000246198998919352 1.20641828
17116020 116.326828703704 0.10795002721733 0.000194104134885778 1.10058391
17116021 116.353888888889 0.108485298169298 0.00021732903009851 1.00000000
17116022 116.376412037037 0.109669281294794 0.000419376424177939 1.00000000
17116042 116.637037037037 0.102982051732505 0.000188501853784114 3.00343108
17116044 116.661689814815 0.103497024837476 0.000203296204508925 1.40582466
17116045 116.683206018519 0.104317957181982 0.000224352733177556 1.54785943
17116046 116.701585648148 0.10408454051554 0.000209601066157449 1.43994772
17116047 116.722916666667 0.105259118893188 0.000206010569288872 1.62878549
17116048 116.744201388889 0.104530013289961 0.0002074102657915 1.55853474
17116049 116.765810185185 0.104675175795408 0.000657932307432326 1.49621463
17116050 116.772303240741 0.106350606760121 0.000216267408176149 1.58443224
17116052 116.795763888889 0.105023368887566 0.000359241375826844 1.54083741
17116053 116.808391203704 0.106041536857608 0.00021724038924897 1.62683547
17116054 116.829768518519 0.10672737386405 0.000214444503690479 1.45585454
17116056 116.852418981481 0.108431492682451 0.000600472470462712 1.66033745
17116057 116.857013888889 0.108344070068254 0.000361833145565851 1.44671965
17116058 116.866284722222 0.108239159684736 0.000219107888951986 1.73865724
17116059 116.887280092593 0.109916055595274 0.000220864822389365 1.56834078
17116061 116.909525462963 0.112683699211581 0.000221655957698959 1.42745829
17116062 116.930671296296 0.113734785843246 0.000235598138269224 1.19800627
17116063 116.949490740741 0.113885623278674 0.000830878176324017 1.07705367
17116065 116.956689814815 0.114962146299705 0.000373553093166101 1.00000000
17117003 117.009282407407 0.107827449605558 0.000213950983497757 1.47991407
17117006 117.032685185185 0.108845913526412 0.000447574054155595 1.42514968
17117007 117.039537037037 0.108974989859693 0.000216380493459312 1.51434588
17117008 117.061388888889 0.110070026860186 0.00032587710609804 1.43671131
17117010 117.075706018519 0.110767347596973 0.000218679938364435 1.34695458
17117011 117.097430555556 0.10914239550646 0.000213743764609925 1.62533510
17117012 117.119224537037 0.109978992610031 0.000212431755925393 1.64287007
17117013 117.141099537037 0.110238590357549 0.000210637406115532 1.54055417
17117014 117.164074074074 0.109688267618063 0.00022312151881786 1.48727703
17117015 117.187280092593 0.112058692372974 0.000212868340051219 1.59529185
17117019 117.214270833333 0.110548807329193 0.00021794523283762 1.52091765
17117020 117.23599537037 0.110959802526537 0.000199630078237167 1.45434487
17117021 117.262233796296 0.111078476986866 0.000211841550784278 1.53177750
17117023 117.285381944444 0.113275198479472 0.000267439515293834 1.39879620
17117028 117.305543981481 0.114666579075091 0.00022065561339505 1.11221695
17117029 117.327731481481 0.114306009173049 0.000507818366237642 1.00000000
17117035 117.463356481481 0.103902549648588 0.000333183587991177 1.46032906
17117036 117.472696759259 0.103149563558336 0.000205010085782099 1.37334967
17117038 117.495335648148 0.10298970653965 0.000206115971683448 1.50749695
17117039 117.517013888889 0.103715419444383 0.000211179988796616 1.34649968
17117040 117.538206018519 0.103096013639905 0.00021533485737449 1.47885597
17117041 117.560023148148 0.103329335172964 0.000205769532294387 1.61503613
17117042 117.586585648148 0.0837186825277188 0.000208827407498712 1.62029159
17117045 117.614976851852 0.103788080104805 0.000203827584780453 1.53683496
17117046 117.639537037037 0.1036529310617 0.000213886210169592 1.43205810
17117047 117.661388888889 0.000463328886388884 0.000492444831097901 1.47990787
17117048 117.664247685185 0.103930399811599 0.000238737985703368 1.51317275
17117049 117.683263888889 0.104223130259915 0.000215495774732267 1.43875134
17117050 117.704618055556 0.104176721534964 0.00021270044770777 1.51014423
17117051 117.726423611111 0.106423721859851 0.000215782816450499 1.38104093
17117052 117.747951388889 0.107510888129644 0.00028115588714861 1.08156931
17117053 117.760891203704 0.106553654864051 0.000299825691964206 1.00000000
17117054 117.771944444444 0.108586581049889 0.00026947405033909 1.00000000
17117055 117.878900462963 0.101339668400856 0.000509132599933316 1.54464436
17117057 117.886689814815 0.10198460510748 0.000200031714831614 1.57746124
17117058 117.908460648148 0.103244829898303 0.000205922766395151 1.51012421
17117059 117.9296875 0.103381665091626 0.00020675073449694 1.47386730
17117060 117.95125 0.102765042962349 0.000240688844964778 1.57219565
17117061 117.9675 0.104509642346598 0.000206054996803506 1.48377669
17117063 117.99025462963 0.104586121838183 0.000205039984251575 1.57148230
17118001 118.012013888889 0.103893382900798 0.000208450678689262 1.67532969
17118002 118.033912037037 0.104022876631126 0.000210078531536196 1.59943128
17118003 118.055648148148 0.102889986723793 0.000325224326339902 1.50857615
17118008 118.083576388889 0.104688726897403 0.000203623834252857 1.68197668
17118009 118.105439814815 0.10447011452368 0.000204925400918255 1.47934556
17118010 118.127291666667 0.106386628191033 0.000209703802100388 1.49642694
17118011 118.148946759259 0.106146677162504 0.000204869760375222 1.35135329
17118012 118.1709375 0.10838433793146 0.000214901358428126 1.21040201
17118013 118.193020833333 0.108698835728771 0.000215374827657248 1.00000000
17118014 118.214849537037 0.109925756530204 0.000222229218246233 1.00000000
17118015 118.236631944444 0.111333702148931 0.000196673525509821 1.00000000
17118016 118.265208333333 0.112083821073196 0.000541158716361156 1.00000000
17118051 119.000381944444 0.107139411370536 0.000214165582036175 1.31159592
17119001 119.023541666667 0.109750671318986 0.000217874951443093 1.35237527
17119002 119.045347222222 0.110764210589172 0.000228458883439726 1.35312843
17119003 119.067164351852 0.111268455566213 0.000223998179258287 1.42005503
17119004 119.088842592593 0.112118243072067 0.000223065320336989 1.45084763
17119005 119.1109375 0.113377815190061 0.000219282558966898 1.46829414
17119006 119.132638888889 0.113354998153704 0.000214800764836125 1.54988670
17119007 119.156238425926 0.112132670619268 0.000218345425936471 1.56728280
17119009 119.179108796296 0.114848545578272 0.000216625677441886 1.62395370
17119010 119.200925925926 0.11523881396099 0.000304329295689645 1.55346656
17119011 119.216724537037 0.114107488376835 0.000220698664050672 1.57133174
17119012 119.240173611111 0.113039300736994 0.0002068495607297 1.61270511
17119013 119.265821759259 0.114740964090389 0.000826316231431147 1.54292727
17119014 119.270833333333 0.116390183517492 0.000228300936150078 1.46758640
17119015 119.293275462963 0.119189986143709 0.000235747733659577 1.34422863
17119016 119.314270833333 0.122081369357834 0.000398870118894979 1.19747913
17119066 119.563125 0.103556773350688 0.000207412470488065 1.61643326
17119067 119.584791666667 0.10210800935887 0.000208204720988996 1.60075450
17119068 119.60587962963 0.103011354317807 0.000200622852019858 1.54882264
17119069 119.62818287037 0.102550142044502 0.000197869602144507 1.58530676
17119072 119.652708333333 0.106333699395587 0.00021921499143917 1.16285527
17119073 119.676053240741 0.105374128412229 0.000216736930230269 1.00000000
17119077 119.701145833333 0.113924565400634 0.000362395999240378 1.15203846
17119078 119.7125 0.11850398086005 0.000307256192058059 1.00000000
17119092 119.76818287037 0.104020530816894 0.000576670090514933 1.46301758
17119093 119.771678240741 0.103500442673356 0.000211403876423374 1.08521771
17119094 119.793171296296 0.103004760965316 0.000213502377097745 1.40846443
17119095 119.81474537037 0.104191106818109 0.000218105906945849 1.54384553
17119096 119.841365740741 0.103199472050199 0.000269668651937077 1.57065344
17119097 119.85443287037 0.103183483992174 0.00020587341256489 1.63024294
17119098 119.87599537037 0.103329080834998 0.000203390708974362 1.68747056
17119099 119.898263888889 0.103978135142509 0.000203991746709767 1.57000732
17119100 119.919710648148 0.104068503232068 0.000213029586924385 1.72595048
17119101 119.941018518519 0.104176664027232 0.00020558286114666 1.64631045
17119102 119.9625 0.104255202340152 0.000202433854699591 1.58791184
17119103 119.984953703704 0.104859232813963 0.000208238821564073 1.68055463
17120001 120.006678240741 0.104734723838738 0.000208133498544406 1.54125869
17120002 120.029375 0.105249079919872 0.000236326703177013 1.39596033
17120009 120.084756944444 0.102241970737126 0.000186769886512742 1.55657291
17120010 120.109467592593 0.103070119513598 0.000202435893839948 1.61148620
17120011 120.131388888889 0.104483352577021 0.000202445547065478 1.73336446
17120012 120.153171296296 0.103338774997151 0.000204228747797513 1.69165003
17120013 120.175023148148 0.104794722666074 0.000209046264495146 1.58229625
17120014 120.196701388889 0.103145061274184 0.000204935603610299 1.67206550
17120015 120.218449074074 0.103950425457108 0.000201265437287355 1.54306865
17120016 120.240740740741 0.10450399775752 0.00019087493598344 1.64221287
17120017 120.26693287037 0.10343826205791 0.000215671614414068 1.50947142
17120019 120.289641203704 0.104603223547852 0.000207746997574807 1.54847658
17120024 120.331111111111 0.106837961656786 0.000585640486206692 1.23219669
17120025 120.334953703704 0.107171328552616 0.000213799539239073 1.20803130
17120026 120.357152777778 0.108292733636171 0.000960494220432745 1.00000000
17120062 120.924479166667 0.104602527114985 0.000198642317109793 1.79598093
17120063 120.946053240741 0.104372781271437 0.000200086991275217 1.77257383
17120064 120.967650462963 0.103762734700724 0.000197821915346121 1.70066369
17120065 120.989456018519 0.10496316592416 0.000206382818362587 1.63850164
17121001 121.011435185185 0.107738946732765 0.00021375887214003 1.21584857
17121002 121.033252314815 0.110110570605677 0.000218809836016447 1.00000000
17121003 121.055138888889 0.111584443235758 0.000334359080534144 1.00000000
17121004 121.103217592593 0.102467800822565 0.00018331336324027 1.96975589
17121005 121.127835648148 0.103376331894238 0.000202782361027773 1.60582042
17121006 121.149733796296 0.103882076084512 0.000204155828150278 1.68264079
17121007 121.171585648148 0.102772342992137 0.000747398814736984 1.57713139
17121009 121.178333333333 0.105408651504063 0.000224571543062286 1.48009956
17121010 121.198159722222 0.104412004858852 0.000498450299676033 1.27704251
17121011 121.202951388889 0.107037061825218 0.000214042580077965 1.12318575
17121012 121.224918981481 0.110175327933787 0.000211437244827932 1.00000000
17121013 121.248888888889 0.112643792405957 0.000279965323674634 1.00000000
17121016 121.301666666667 0.102831370492095 0.000196274330931928 1.78410828
17121017 121.323402777778 0.102795374179569 0.00021020526807765 1.76400161
17121018 121.345532407407 0.104277653431791 0.000213086685622594 1.86622977
17121019 121.3671875 0.103606374948495 0.00020544583198722 1.63494229
17121020 121.389328703704 0.103995154591277 0.000213587296175401 1.68527615
17121021 121.410763888889 0.105365621857566 0.000219136646381636 1.42051494
17121022 121.431701388889 0.108257395416747 0.000224613183215429 1.16525567
17121023 121.453472222222 0.109945524261147 0.000267581060114898 1.00000000
17121024 121.469502314815 0.111239438835578 0.000348016296455128 1.00000000
17121025 121.476770833333 0.112448739723043 0.000203168971414919 1.00000000
17121029 121.546168981481 0.102718226612999 0.000195896898346794 1.69695199
17121030 121.56818287037 0.103127157783996 0.000203398435467398 1.61197948
17121031 121.590023148148 0.106611357225831 0.000345370404411747 1.62909591
17121032 121.641944444444 0.103140337012596 0.000207631025175235 1.62971854
17121033 121.663969907407 0.103631190916119 0.00021288949455768 1.45930636
17121034 121.685416666667 0.102870249522452 0.000206763809874215 1.55334473
17121035 121.707164351852 0.104258942122703 0.000209206006723333 1.67947400
17121036 121.728356481481 0.10313220726422 0.000211384077713406 1.59906662
17121037 121.749722222222 0.103819460739866 0.000261105892502179 1.60569143
17121038 121.763402777778 0.104100841633027 0.000207344936222932 1.67878878
17121039 121.784849537037 0.104920144558683 0.000213372344731572 1.44748116
17121040 121.806944444444 0.106577832815681 0.000213870819848368 1.17203164
17121041 121.828171296296 0.109352427023042 0.00021925911766729 1.00000000
17121042 121.849479166667 0.111274039414816 0.000225898453807174 1.00000000
17121043 121.909479166667 0.102761998533716 0.000201727321109046 1.22167850
17121044 121.933171296296 0.102386408087908 0.000206417375293798 1.44849420
17121045 121.954791666667 0.103209622486654 0.000210002299811543 1.44161594
17121046 121.976099537037 0.104400891048905 0.000211916948586095 1.50690615
17121047 121.998032407407 0.103821225628157 0.000208233521425301 1.49426246
17122001 122.019780092593 0.103702951617574 0.000201215034487585 1.70938909
17122002 122.042638888889 0.104154821763194 0.000210989012118628 1.51763046
17122003 122.064456018519 0.10703732750771 0.000217057024903674 1.32588160
17122004 122.086388888889 0.108491583942941 0.000221059359604575 1.01341176
17122005 122.108125 0.111745161050488 0.000229334478333241 1.00000000
17122006 122.129895833333 0.110903031886244 0.000289770428082173 1.00000000
17122039 122.868483796296 0.102449449823926 0.000244685081205648 2.04763842
17122040 122.883206018519 0.103774065066866 0.000190873717223815 1.60834622
17122041 122.905104166667 0.103480401570552 0.000201518798207128 1.53250980
17122043 122.927060185185 0.104795892971666 0.000205356822208306 1.78368711
17122044 122.948125 0.104098624707576 0.00020535197210052 1.52312207
17122045 122.969502314815 0.105210725723339 0.000207112037323039 1.48435891
17122046 122.991215277778 0.106038709469734 0.000209062889328558 1.37814701
17123001 123.013101851852 0.107575653764262 0.000206826712483704 1.09699070
17123002 123.036423611111 0.109385499391653 0.000292286866377989 1.00000000
17123005 123.069166666667 0.112706295576652 0.000246395786195227 3315.74267578
17123006 123.096180555556 0.117153166521632 0.000215951549772081 2919.68676758
17123007 123.131284722222 0.116586323412213 0.000374212485906828 1.00000000
17123008 123.175300925926 0.103586303504311 0.000189948775045142 1.87919962
17123009 123.197222222222 0.103852985731125 0.000196732305021069 1.66771626
17123010 123.219074074074 0.102568010808235 0.000195088339268097 1.61123538
17123011 123.240891203704 0.104644256087086 0.000184487117624617 1.72476530
17123012 123.266469907407 0.104097245661755 0.000184125647506374 1.63468647
17123013 123.291979166667 0.104995783927992 0.000213604064928712 1.52676094
17123014 123.313159722222 0.107457379368659 0.000205271719723811 1.34087467
17123015 123.336875 0.108519849086283 0.000220609082948044 1.00000000
17123016 123.357974537037 0.110830870006092 0.000225723314149012 1.00000000
17123017 123.379282407407 0.112454839585154 0.00101553350218463 1.00000000
17123018 123.382453703704 0.113508366037767 0.000232472358906467 1.00000000
17123019 123.403981481481 0.115941675347814 0.000230295944495466 1.00000000
17123020 123.42724537037 0.117811466859941 0.000261227921805755 1.00000000
17123021 123.446655092593 0.119261970349685 0.000204501838282834 1.00000000
17123022 123.479143518519 0.122093359444915 0.000536011309592398 1.00000000
17123040 123.696840277778 0.104921780642257 0.000201037970221179 1.54953098
17123041 123.720428240741 0.102518099946817 0.000493016972045584 1.80896151
17123042 123.724849537037 0.102906319843187 0.000280211378696219 1.76700687
17123045 123.738333333333 0.103055234297421 0.000209733601547482 1.56651139
17123046 123.759872685185 0.103703966412213 0.0002127924875122 1.51327503
17123047 123.781689814815 0.104056227920934 0.000205736768039842 1.49072289
17123048 123.802881944444 0.106044377078274 0.000210406854576543 1.62085974
17123049 123.824849537037 0.107766122573717 0.000210762090905285 1.07490838
17123050 123.846967592593 0.110269799412763 0.000217016732938206 1.00000000
17123051 123.868888888889 0.11262127388354 0.000222941982233885 1.00000000
17123052 123.891064814815 0.11476845382732 0.00023620351177994 1.00000000
17123053 123.946921296296 0.101139690466345 0.000190828065288937 1.50856245
17123054 123.96912037037 0.103063219674569 0.000195374728173696 1.66280496
17123055 123.990891203704 0.103556122555645 0.000198456325895686 1.71824646
17124001 124.012743055556 0.104341013258736 0.000197996755512209 1.68497038
17124002 124.034930555556 0.104267562576634 0.000349030631354592 1.50569987
17124003 124.044675925926 0.103174591996115 0.000195057808721387 1.61203134
17124004 124.066331018519 0.102947190819894 0.000200708961105029 1.52810681
17124005 124.088032407407 0.106191985327139 0.000208656256955498 1.45563567
17124006 124.109722222222 0.107876084258473 0.000467701970100731 1.04972029
17124007 124.115833333333 0.109396198517661 0.000218728827685353 1.00000000
17124008 124.137696759259 0.111029649874567 0.000216899308000062 1.00000000
17124009 124.160081018519 0.112585790553775 0.00022934156895972 1.00000000
17124010 124.181655092593 0.115694401730536 0.000237658368944588 1.00000000
17124011 124.203368055556 0.116983835035605 0.000285609892818177 1.00000000
17124012 124.262291666667 0.104005161024573 0.00018687165228294 1.28821063
17124013 124.28505787037 0.10480175313842 0.000226848929614397 1.44065201
17124014 124.301134259259 0.104072084310998 0.000641158487197693 1.47489560
17124015 124.30412037037 0.101514520589884 0.000188788461744569 1.42245662
17124016 124.326365740741 0.102524794019655 0.000194724743740036 1.77698660
17124017 124.34875 0.103649593430582 0.000202134571269172 1.54198909
17124026 124.398680555556 0.104849601296131 0.000782436902621666 1.37500656
17124027 124.402743055556 0.107055153431921 0.000205654368628737 1.42955029
17124028 124.424525462963 0.108342075778906 0.000221465840772036 1.00229514
17124029 124.446296296296 0.110678189069721 0.000220603357454379 1.00000000
17124030 124.468217592593 0.112164186352822 0.000225517407676324 1.00000000
17124031 124.490034722222 0.114101955424286 0.00023221833287812 1.00000000
17124032 124.511678240741 0.115199733221241 0.000242658755831799 1.00000000
17124033 124.533599537037 0.118165257368616 0.000205565259672894 1.00000000
17124034 124.564814814815 0.120605112392695 0.000351040791627969 1.00000000
17124039 124.603055555556 0.123248251706551 0.000273702644430103 1.00000000
17124040 124.625127314815 0.123914839655033 0.000281939191239626 1.00000000
17124041 124.647372685185 0.12479942379764 0.000376782075854946 1.00000000
17124050 124.7378125 0.105297854726226 0.00022679963208859 1.11137414
17124051 124.750462962963 0.103315675892224 0.00018700364970085 1.82425094
17124052 124.772268518519 0.104001629437088 0.000286919199836612 1.93700850
17124056 124.906666666667 0.103115606930375 0.000197493366243624 1.84526265
17124057 124.927789351852 0.10379334755351 0.000200854010017004 1.41760826
17124058 124.949907407407 0.103258071741356 0.000201811206080259 1.67370558
17124059 124.971770833333 0.104056292228797 0.000205907698154973 1.44213247
17124060 124.993530092593 0.103899275769698 0.000210083646413932 1.41341233
17125001 125.01525462963 0.10479513560989 0.00021396250676598 1.35665703
17125002 125.036840277778 0.107724024285566 0.000214264687053412 1.14823127
17125003 125.059074074074 0.109678800200668 0.000221589781151464 1.00000000
17125004 125.080798611111 0.111938915665698 0.000230052953522482 1.00000000
17125005 125.102546296296 0.112090423941174 0.000233582375527176 1.00000000
17125006 125.124641203704 0.114354230047608 0.000242176606692787 1.00000000
17125007 125.14662037037 0.118695073432582 0.000265110852879829 1.00000000
17125008 125.166724537037 0.119145262873457 0.000283974784466295 1.00000000
17125021 125.376400462963 0.103387408772677 0.00019868323819755 1.60826325
17125022 125.398310185185 0.103400571135073 0.000199146703664686 1.66522086
17125023 125.420740740741 0.101748894682743 0.000202367761923842 1.90119398
17125024 125.442372685185 0.103747173662845 0.000212709220058979 1.39684916
17125025 125.464201388889 0.103260809755816 0.000214714479213251 1.45782459
17125026 125.486053240741 0.102484558911389 0.000211216357957492 1.43245757
17125027 125.507916666667 0.104078731881277 0.000311166702717932 1.38693738
17125030 125.531215277778 0.10736614703522 0.00042914842922029 1.03720272
17125034 125.546875 0.109580362778737 0.000222846785226755 1.00000000
17125035 125.568796296296 0.110755763429204 0.000491880758602638 1.00000000
17125067 125.977395833333 0.103451210521109 0.000154881048355056 2.08032250
17125068 125.995868055556 0.103528944359637 0.000184294619862179 1.49473071
17126001 126.010810185185 0.10303411771012 0.000152649506228621 1.96028233
17126002 126.032523148148 0.10361954949037 0.000158019676563909 1.45834017
17126003 126.054236111111 0.104805399704691 0.00015281442760257 1.48417568
17126004 126.077523148148 0.1054828157989 0.000155961533665856 1.29506123
17126005 126.101956018519 0.108382801397321 0.000175649981822584 1.00000000
17126006 126.123611111111 0.110146446760549 0.00018658682025123 1.00000000
17126007 126.144016203704 0.112784904407759 0.000188919686797705 1.00000000
17126008 126.165428240741 0.114356592366445 0.000198681795483011 1.00000000
17126009 126.188657407407 0.116211446838394 0.00019907047707013 1.00000000
17126010 126.212164351852 0.118410945455049 0.000214199465210804 1.00000000
17126011 126.233946759259 0.119837709527471 0.000177068877733658 1.00000000
17126012 126.268206018519 0.12235186745837 0.000200154958038049 1.00000000
17126013 126.298946759259 0.123684536319918 0.000240886245552501 1.00000000
17126051 126.812962962963 0.102918281982065 0.000243163967261005 1.71583819
17126052 126.829768518519 0.103266930658954 0.000194508014950814 1.66375840
17126053 126.85212962963 0.102847629610114 0.000203228487997187 1.64294851
17126054 126.873865740741 0.103780728561098 0.000212496088229623 1.72286499
17126055 126.895613425926 0.104826228300979 0.000245684517138603 1.50968838
17127006 127.104016203704 0.10411450853476 0.000180796229702774 1.57382154
17127007 127.122291666667 0.103892977719063 0.00021106432106432 1.00000000
17127008 127.14380787037 0.102520509214989 0.000201744547329343 1.46169102
17127009 127.166064814815 0.103030642424205 0.000209185409001835 1.66577828
17127010 127.188055555556 0.104375016232181 0.000219313398548253 1.43384087
17127011 127.209594907407 0.104758627987488 0.00021000487665502 1.42849493
17127012 127.232268518519 0.104660389317328 0.000218029471113419 1.54732442
17127013 127.253761574074 0.10633055818365 0.00022156699802368 1.21142411
17127014 127.275162037037 0.107951542451938 0.000249593070898544 1.00000000
17127015 127.303344907407 0.111143116976905 0.00022264164019069 1.00000000
17127016 127.326284722222 0.113772443261202 0.0002364909970138 1.00000000
17127017 127.347719907407 0.114886151703868 0.000234960512638383 1.00000000
17127018 127.370798611111 0.117914980462448 0.000215428373362894 1.00000000
17127025 127.491828703704 0.101727444449159 0.000186393656975411 1.79118180
17127026 127.514224537037 0.1046361112884 0.000202814384736996 1.80180109
17127027 127.535625 0.105005043333342 0.000203837458400554 1.21968460
17127028 127.558831018519 0.102565557519797 0.000211898563341547 1.47763515
17127029 127.580578703704 0.103486324781757 0.000200577402076313 1.64052081
17127030 127.603263888889 0.104562626517649 0.000217768865361018 1.49450886
17127031 127.625034722222 0.104951246169073 0.000207451924992521 1.39449835
17127032 127.648888888889 0.10660182532615 0.00021802278520123 1.08692038
17127033 127.670706018519 0.107837982726519 0.000223537211913682 1.00000000
17127034 127.692280092593 0.111112950769899 0.000229295377523775 1.00000000
17127035 127.71400462963 0.112983248630603 0.000241163416986158 1.00000000
17127036 127.735474537037 0.115356354689273 0.000245501775817677 1.00000000
17127037 127.756967592593 0.115850637332716 0.000270721572072494 1.00000000
17128001 128.037094907407 0.102869365540523 0.000191623240027036 1.99987125
17128002 128.058483796296 0.103175064209547 0.000202782884288339 1.66052067
17128003 128.080219907407 0.10313916969081 0.000257371283643084 1.80013669
17128006 128.101956018519 0.102110251580256 0.000287099127726321 1.43552852
17128007 128.116388888889 0.103679665623522 0.000216934753979726 1.45746756
17128008 128.138090277778 0.103999668692382 0.000339690420432106 1.31777096
17128009 128.148530092593 0.104162444231985 0.000198668284905751 1.34526598
17128010 128.167060185185 0.105466445624462 0.000214710454304654 1.32793939
17128011 128.188587962963 0.106216876664099 0.000219693467820228 1.12131190
17128012 128.210277777778 0.109170438993151 0.000228145006953728 1.00000000
17128013 128.231724537037 0.110096895243085 0.000230257805106683 1.00000000
17128014 128.253576388889 0.114321339347415 0.000235765301036397 1.00000000
17128015 128.276273148148 0.115068559406223 0.000242932338984808 1.00000000
17128016 128.298900462963 0.118395495739065 0.000260151487902706 1.00000000
17128017 128.320613425926 0.117956898911739 0.000628750102267397 1.00000000
17128018 128.33806712963 0.119871118783089 0.000270283341401763 1.00000000
17128019 128.35974537037 0.122679831362197 0.000422602603337587 1.00000000
17128025 128.411643518519 0.102888243776026 0.000191379865410938 1.71222329
17128026 128.432962962963 0.102639933332344 0.000201188073973593 1.57367718
17128027 128.454502314815 0.103410852875021 0.000193738968700278 1.58212912
17128028 128.478530092593 0.104902166311006 0.000208667813929649 1.56027794
17128029 128.5 0.104451000910006 0.00016938037632143 1.73411512
17128030 128.521423611111 0.104944500248606 0.000213054942234228 1.62076247
17128031 128.542835648148 0.10304200095045 0.000200971569414524 1.46137679
17128032 128.565752314815 0.105860552477848 0.000211421711761508 1.37165546
17128033 128.587233796296 0.107859380717117 0.000214255707601922 1.09360135
17128034 128.609305555556 0.109756749196233 0.000480394738488584 1.00000000
17128035 128.620138888889 0.110604874256848 0.000229965703890401 1.00000000
17128036 128.64150462963 0.112788009373836 0.000225198771159876 1.00000000
17128037 128.665081018519 0.115947156537936 0.000216541876288248 1.00000000
17128040 128.733159722222 0.101148178552945 0.000202055089982562 3.00789118
17128041 128.745555555556 0.102953500782095 0.00020941446360195 1.47193170
17128042 128.767210648148 0.102686797745295 0.000211225811819838 1.30925310
17128043 128.788935185185 0.103645417982891 0.00046725233654463 1.45553005
17128045 128.800046296296 0.103332409730014 0.00040844034190525 1.52466178
17128046 128.807743055556 0.102594831693597 0.000232627233078719 1.73182929
17128047 128.817789351852 0.104907836147436 0.000214185074502819 1.51396692
17128048 128.839606481481 0.102954071173916 0.000209930066291766 1.38361156
17128049 128.861458333333 0.104588658860963 0.000213926803632395 1.47638881
17128050 128.883287037037 0.105754783398068 0.000214269753847827 1.39535820
17128051 128.904456018519 0.106825544297914 0.000219376467584989 1.19262338
17128052 128.926296296296 0.108721983889901 0.000224022494668959 1.00000000
17128053 128.947916666667 0.110734074520047 0.000229472075574931 1.00000000
17128054 128.969652777778 0.112933944435724 0.000239563180574779 1.00000000
17128055 128.99125 0.115689088957857 0.000272812374686859 1.00000000
17129001 129.009652777778 0.117899639564969 0.000464606183299864 1.00000000
17129002 129.216793981481 0.102578226468872 0.000256995383720343 1.52481568
17129006 129.249085648148 0.104347528085614 0.00020974326213324 1.49973488
17129007 129.270740740741 0.103988277459923 0.000210347789475953 1.40790439
17129008 129.292581018519 0.104202412930373 0.000215267778734963 1.42686057
17129009 129.314016203704 0.104865760963419 0.000217722832097897 1.53006947
17129010 129.335763888889 0.103794980260544 0.000208094718795187 1.40439749
17129011 129.35744212963 0.103780078298458 0.000189934939876982 1.33339059
17129012 129.38412037037 0.105607364685174 0.000220115520723966 1.20545149
17129013 129.405590277778 0.107423864092264 0.00021961031803613 1.00000000
17129014 129.427280092593 0.111220830946062 0.000253911479248008 1.00000000
17129016 129.447951388889 0.0859996021967856 0.000417857163124676 1.00000000
17129018 129.455613425926 0.108766760933349 0.000338080584156019 1.00000000
17129020 129.46775462963 0.0198048112030824 0.000111142115137282 1.00000000
17129022 129.489212962963 0.115816172168861 0.000344642257687473 1.00000000
17129032 129.701168981481 0.10375308873305 0.000196736187791357 1.71917748
17129033 129.722800925926 0.104107628432141 0.000210314907344624 1.28735888
17129034 129.744583333333 0.105063547773248 0.000213019267728755 1.54237676
17129035 129.769201388889 0.10380646930417 0.000219063639783214 1.36441970
17129036 129.790625 0.103742098013632 0.000219789024948345 1.64101946
17129037 129.812094907407 0.103889704616568 0.00021401319741864 1.37885416
17129038 129.833935185185 0.104335280488911 0.000208528079870497 1.46036553
17129039 129.856215277778 0.10517862821839 0.000217908822240726 1.34823740
17129040 129.877858796296 0.108251937052828 0.000219993830887474 1.09780622
17129041 129.899537037037 0.109350995968279 0.000228598557965691 1.00000000
17129042 129.921481481481 0.112081188631164 0.000231396111796848 1.00000000
17129043 129.943229166667 0.11356226941516 0.000246103958158412 1.00000000
17129044 129.96494212963 0.11514348638929 0.000231638081224023 1.00000000
17130001 130.026875 0.102919170769125 0.000202288320123104 1.61847794
17130002 130.048368055556 0.103927061440566 0.000204097063593057 1.68676555
17130003 130.069918981481 0.102950268708805 0.000202143018314148 1.62245917
17130004 130.091412037037 0.104864685212518 0.00020823106184057 1.53346741
17130005 130.113356481481 0.104229183361122 0.000208994171113038 1.70162559
17130006 130.13505787037 0.104337260204578 0.000239995769915575 1.54317391
17130007 130.156446759259 0.102650637116715 0.000315000853280509 1.54248881
17130008 130.177824074074 0.104962639614356 0.000216222256384894 1.42408335
17130009 130.199421296296 0.108128704690449 0.000218472510335533 1.10580468
17130010 130.221331018519 0.109151244171326 0.00022511531420924 1.00000000
17130011 130.243530092593 0.111755278623434 0.000229799941943387 1.00000000
17130012 130.264976851852 0.114501570069708 0.000349374969366838 1.00000000
17130013 130.279259259259 0.125007098037073 0.000390866111536884 1.00000000
