17060035 60.6189236111111 0.0330004024597566 8.32715839904778e-05 1.00000000
17060036 60.6404976851852 0.0327947584251519 8.32808611613263e-05 1.00000000
17060037 60.6627546296296 0.03222846779161 0.000157492759905905 1.00000000
17060038 60.7720949074074 0.0340247498157192 7.86042522626623e-05 1.00000000
17060039 60.7914814814815 0.0336770763063742 8.05333236532024e-05 1.00000000
17060040 60.8135648148148 0.0329203140286321 8.1206692095141e-05 1.00000000
17060041 60.835474537037 0.0322998425757725 8.41157203891241e-05 1.00000000
17060042 60.8571759259259 0.0316265819065816 8.0929201696788e-05 1.00000000
17060043 60.8791203703704 0.0312213124647215 8.27521035682932e-05 1.00000000
17060044 60.901087962963 0.0309531244051028 8.70031349157986e-05 1.00000000
17060045 60.9190277777778 0.0307994313998143 7.57088454531251e-05 1.00000000
17060046 60.9419560185185 0.0305319219825683 7.38826249230259e-05 1.00000000
17060047 60.9649537037037 0.0303624267407458 7.56462376292054e-05 1.00000000
17060048 60.9867939814815 0.029737521028168 0.00049850779785919 1.00000000
17060049 60.9894675925926 0.0305679819975419 7.48595713450737e-05 1.00000000
17061001 61.0105324074074 0.0305183121324633 7.6458259604771e-05 1.00000000
17061002 61.0321296296296 0.0303736911199744 6.4684421784579e-05 1.00000000
17061003 61.1767476851852 0.0854942643117234 0.000202424642758834 1.00000000
17061004 61.1998032407407 0.0333420816892981 7.95594215375568e-05 1.00000000
17061005 61.2214467592593 0.0326227047467861 8.4200333436516e-05 1.00000000
17061006 61.2430092592593 0.0323954548863983 8.3778030956507e-05 1.00000000
17061007 61.2644907407407 0.0320608607468835 8.52341772745162e-05 1.00000000
17061008 61.2859375 0.0317270064166157 9.57631645897286e-05 1.00000000
17061009 61.3072569444444 0.0315744875197669 0.000113059050060188 1.00000000
17061010 61.3263078703704 0.0312791412915131 8.78800957583464e-05 1.00000000
17061011 61.3484606481482 0.030946751610561 0.000150597288830522 1.00000000
17061012 61.3545023148148 0.0311635977401121 7.47140479200129e-05 1.00000000
17061013 61.3763888888889 0.0310157050718836 7.5079319109133e-05 1.00000000
17061014 61.3992361111111 0.0310586723733591 7.26278635286381e-05 1.00000000
17061015 61.4213773148148 0.0309671739301037 0.000107715634867873 1.00000000
17061016 61.4320023148148 0.0309369725182976 0.000116312728250188 1.00000000
17061017 61.4428356481482 0.0307167838819365 0.000202733234198408 1.00000000
17061026 61.5925231481482 0.0340744124396807 0.000110124845800268 1.00000000
17061027 61.6041319444444 0.0339940825632475 0.000121226428444948 1.00000000
17061028 61.6159606481482 0.0337138826811724 0.000137177350128518 1.00000000
17061030 61.6265972222222 0.0335399583546373 0.000138681649756527 1.00000000
17061031 61.6354166666667 0.0336017496712695 0.000196662676520267 1.00000000
17061032 61.6398148148148 0.0330450575329821 8.37785520804133e-05 1.00000000
17061033 61.6619097222222 0.0321371975235082 8.32332069426849e-05 1.00000000
17061034 61.6843287037037 0.0317694309396662 8.28557248542934e-05 1.00000000
17061035 61.7069907407407 0.0314102083694803 8.39452351678761e-05 1.00000000
17061036 61.7287731481482 0.0312001587239464 8.24157933503398e-05 1.00000000
17061037 61.7504976851852 0.0311147215282874 0.000109262568358077 1.00000000
17061038 61.7623611111111 0.0321006616441986 8.04596721247978e-05 1.00000000
17061039 61.7840625 0.0336051000066213 8.14540344320546e-05 1.00000000
17061040 61.8058101851852 0.0338069263849477 8.11476049292637e-05 1.00000000
17061041 61.8274421296296 0.0334533972879964 8.05493111708047e-05 1.00000000
17061042 61.8496759259259 0.0335370559131494 8.1986353857173e-05 1.00000000
17061043 61.8711226851852 0.033288972492871 8.26286963119341e-05 1.00000000
17061044 61.8942939814815 0.0336122559145778 8.3634332260426e-05 1.00000000
17062047 62.8683449074074 0.0380729924853561 0.00014428009307707 1.00000000
17062048 62.875462962963 0.0380435557158425 7.98956491837239e-05 1.00000000
17062049 62.8974074074074 0.0381327095319289 0.000167896175229487 1.00000000
17062050 62.9059027777778 0.0366491021472044 8.38166725729629e-05 1.00000000
17062051 62.9279166666667 0.0349615351849383 8.92682382558168e-05 1.00000000
17062052 62.9453935185185 0.0358610525196582 9.14477045409399e-05 1.00000000
17062053 62.9633217592593 0.0354071807489442 8.1926183380076e-05 1.00000000
17062054 62.9861342592593 0.0352206178149459 6.925289253667e-05 1.00000000
17063001 63.0177430555556 0.0348134313592561 8.3566692627244e-05 1.00000000
17063002 63.0393981481481 0.0350867229615389 7.78210865076801e-05 1.00000000
17063003 63.0614236111111 0.0348180099069731 7.89291274196818e-05 1.00000000
17063004 63.0829861111111 0.0346143245989284 7.96654703553806e-05 1.00000000
17063005 63.1046527777778 0.0346410243452989 8.04371284467329e-05 1.00000000
17063006 63.1265046296296 0.0345431685502924 7.81450725969975e-05 1.00000000
17063007 63.1493981481482 0.0314502494834466 7.33333158490202e-05 1.00000000
17063008 63.1736805555556 0.0312019825432844 7.19715751175257e-05 1.00000000
17063009 63.2848958333333 0.0344178877305745 0.000202029082680722 1.00000000
17063010 63.2888194444444 0.0345149035512293 7.4423747228801e-05 1.00000000
17063011 63.3119560185185 0.0340536528694937 7.98771127730189e-05 1.00000000
17063012 63.3341782407407 0.0334391794325515 0.000111532290115609 1.00000000
17063034 63.8396180555556 0.0350707021029755 0.000181882686013768 1.00000000
17063035 63.8437731481482 0.0353094277627203 0.00012332756267408 1.00000000
17063036 63.852337962963 0.0353619739783841 0.000143916672724892 1.00000000
17063037 63.8585069444444 0.034914260604197 0.000135698822752761 1.00000000
17063038 63.8665393518519 0.0346690491963576 0.000120573955649806 1.00000000
17063039 63.8756134259259 0.0347246409351069 0.000177079536168411 1.00000000
17063040 63.8813194444445 0.0344032306884679 0.000140272129555347 1.00000000
17063041 63.8891203703704 0.0339397416791749 0.000187045950756894 1.00000000
17063042 63.8968865740741 0.0340931172937922 0.000194310116833702 1.00000000
17063043 63.9046643518518 0.0334714709928621 0.000172180239630621 1.00000000
17063044 63.9103935185185 0.0335884204472644 0.000124162365313021 1.00000000
17063045 63.9197222222222 0.0330550117944545 8.22179784686206e-05 1.00000000
17063046 63.9433564814815 0.0325747927623871 0.000122998405155642 1.00000000
17063047 63.9561226851852 0.0319561194564394 8.02341196859108e-05 1.00000000
17063048 63.9790509259259 0.0318873620937723 7.76594467377906e-05 1.00000000
17064001 64.0015162037037 0.0315765775992536 9.13280731196082e-05 1.00000000
17064002 64.0184606481481 0.0314039232357907 7.72585552944544e-05 1.00000000
17064003 64.0406597222222 0.0312384613500306 7.10778021939816e-05 1.00000000
17064004 64.064837962963 0.0311479032774235 0.000174977107682273 1.00000000
17064005 64.0710532407407 0.031145735903703 7.99006595033055e-05 1.00000000
17064006 64.0921875 0.0311061521976769 7.56956451614102e-05 1.00000000
17064007 64.1174189814815 0.0310902742333259 7.39723308794956e-05 1.00000000
17064009 64.1434259259259 0.0312491242200747 7.95406071987175e-05 1.00000000
17064010 64.1634027777778 0.0309658582174793 0.000176692485466645 1.00000000
17064011 64.2706597222222 0.0347601677479664 7.20112524375795e-05 1.00000000
17064012 64.292349537037 0.0344033222869992 7.80328348767813e-05 1.00000000
17064013 64.315474537037 0.0338141424641906 8.26937739811808e-05 1.00000000
17064014 64.3380671296296 0.0329971004435871 7.9662017802153e-05 1.00000000
17064015 64.3614814814815 0.0324712022499438 8.13026156425683e-05 1.00000000
17064016 64.3833449074074 0.0319201320526436 7.90866633670574e-05 1.00000000
17064017 64.407025462963 0.0314349031472795 7.73236496364301e-05 1.00000000
17064018 64.4302430555556 0.0311743357970512 7.78510265372691e-05 1.00000000
17064019 64.4525115740741 0.0309931175488323 7.7712306688945e-05 1.00000000
17064020 64.4741898148148 0.030865639592585 7.12025245533061e-05 1.00000000
17064021 64.4985532407407 0.0308496009020533 7.44955827639687e-05 1.00000000
17064022 64.5206481481482 0.0307162744725036 7.55285325022536e-05 1.00000000
17064023 64.5417361111111 0.0300785038528925 7.58599222831422e-05 1.00000000
17064024 64.5634259259259 0.0301930637705414 7.44397464752861e-05 1.00000000
17064025 64.5851157407407 0.0302255033153327 0.000117971406515466 1.00000000
17064035 64.7382523148148 0.0354877697328699 7.55064635002397e-05 1.00000000
17064036 64.7594791666667 0.0349493513943195 8.04020971282114e-05 1.00000000
17064037 64.781712962963 0.0344752317096514 7.90757141387367e-05 1.00000000
17064038 64.8046527777778 0.0335450363520783 8.03510278939723e-05 1.00000000
17064039 64.8273032407407 0.0331249362269427 8.26258593416087e-05 1.00000000
17064040 64.8490046296296 0.0327432470259007 8.84604391929561e-05 1.00000000
17064042 64.875625 0.0323873778055767 0.000561967599059762 1.00000000
17064043 64.8781365740741 0.0321552629400592 0.000567760355849919 1.00000000
17064044 64.8834722222222 0.0320085324277936 9.34086300584952e-05 1.00000000
17064045 64.9001388888889 0.0319526161880523 8.03526648233495e-05 1.00000000
17064046 64.9216319444444 0.0317702535186717 7.86498564312574e-05 1.00000000
17064047 64.9428935185185 0.0317198214775471 7.71955579625996e-05 1.00000000
17064048 64.9646064814815 0.0314302633633069 7.45236692879569e-05 1.00000000
17064049 64.9864467592593 0.031346166234849 0.000122800258524424 1.00000000
17065001 65.0011805555555 0.0312221426769429 0.000158131229781151 1.00000000
17065002 65.0059259259259 0.0312997698386744 9.09162466502007e-05 1.00000000
17065003 65.0201273148148 0.0313215184095843 7.46157962067986e-05 1.00000000
17065004 65.0424074074074 0.0313864444892248 7.74555881910492e-05 1.00000000
17065005 65.1086111111111 0.0353267097784899 0.000122916750565009 1.00000000
17065006 65.1177662037037 0.0352124759835296 0.000130137882638165 1.00000000
17065007 65.1288888888889 0.0347046952968866 7.43728188792987e-05 1.00000000
17065008 65.153587962963 0.0340474967878501 7.89570514269573e-05 1.00000000
17065009 65.1773032407407 0.0334321011586031 7.36854578440238e-05 1.00000000
17065010 65.2023032407407 0.0328531403093476 7.77301025492021e-05 1.00000000
17065011 65.2259722222222 0.0326341679044329 7.74184318645072e-05 1.00000000
17065012 65.2499305555556 0.0322627877661077 0.000161593688185702 1.00000000
17065013 65.2584143518519 0.0320237019577467 7.39190082969022e-05 1.00000000
17065014 65.2827546296296 0.0315721851535481 7.37731762417258e-05 1.00000000
17065015 65.307037037037 0.0315317023907527 7.66826092814123e-05 1.00000000
17065016 65.3287037037037 0.0313502870261802 7.59477734149167e-05 1.00000000
17065017 65.3504166666667 0.0314135678303898 7.52255092305212e-05 1.00000000
17065018 65.3720023148148 0.0313396889050474 7.24217376371193e-05 1.00000000
17065019 65.3945486111111 0.0312228358612808 7.75127674948531e-05 1.00000000
17065020 65.4163541666667 0.0312486358701983 0.000139930089358324 1.00000000
17065021 65.4245138888889 0.0314540797669233 0.000106107967745001 1.00000000
17065033 65.4938657407407 0.0350721299869502 7.92508340232612e-05 1.00000000
17065034 65.5152546296296 0.0346115147723152 7.94194897321873e-05 1.00000000
17065035 65.5369328703704 0.0340270236713025 8.10189971193537e-05 1.00000000
17065036 65.5587615740741 0.0334356020198477 8.36791060119481e-05 1.00000000
17065037 65.5804050925926 0.033269777398174 8.04353362008309e-05 1.00000000
17065038 65.6022222222222 0.032647080562468 0.00015065718416511 1.00000000
17065041 65.6188888888889 0.0323329067568063 0.000124226884347161 1.00000000
17065042 65.6278240740741 0.0322008584531925 0.00010455893556103 1.00000000
17065043 65.643275462963 0.0320331204307289 0.000184574475517698 1.00000000
17065044 65.650787037037 0.0322534464237275 7.53250653405517e-05 1.00000000
17065045 65.6727314814815 0.0318319013097924 7.44171581866886e-05 1.00000000
17065046 65.6944328703704 0.0316662348877863 7.54136069309471e-05 1.00000000
17065047 65.7164814814815 0.0317551395946441 9.69685071071123e-05 1.00000000
17065048 65.732037037037 0.0318697993140714 7.67486794644539e-05 1.00000000
17065049 65.7540162037037 0.0317802208553862 7.60870725655909e-05 1.00000000
17065050 65.7768402777778 0.0316676057554041 7.62913884106691e-05 1.00000000
17065051 65.7986805555556 0.031830528470681 0.000150014193309311 1.00000000
17065053 65.8600925925926 0.0353501715374346 7.66607207752166e-05 1.00000000
17065054 65.882962962963 0.0345270905744742 7.8908616103572e-05 1.00000000
17065055 65.9051736111111 0.0342211521909418 8.56167646139986e-05 1.00000000
17065056 65.9266203703704 0.0335457200628234 8.32471487555128e-05 1.00000000
17065057 65.9484259259259 0.032567950540461 0.000423285476036823 1.00000000
17066001 66.0338541666667 0.03492339796276 7.33742074484366e-05 1.00000000
17066002 66.0586805555556 0.0343359325790754 8.34929092714992e-05 1.00000000
17066003 66.0819791666667 0.0338970236474736 7.75623118891829e-05 1.00000000
17066004 66.1061805555556 0.0332976135674904 7.71867955119691e-05 1.00000000
17066005 66.1306365740741 0.0328039554494585 7.48543432727998e-05 1.00000000
17066006 66.1563425925926 0.0324127108841738 7.86321878161528e-05 1.00000000
17066007 66.1803703703704 0.0321925125440862 0.000106187680884985 1.00000000
17066008 66.1927546296296 0.031839167256927 7.42260395395266e-05 1.00000000
17066009 66.2180671296296 0.03177971077611 7.29844130984298e-05 1.00000000
17066010 66.2421296296296 0.0316559965839949 7.53183537691319e-05 1.00000000
17066011 66.2654861111111 0.0315698123294837 6.30011080101334e-05 1.00000000
17066012 66.2952777777778 0.0316384476189787 7.31553853053341e-05 1.00000000
17066013 66.3181018518518 0.0314993464555131 7.42859539401329e-05 1.00000000
17066014 66.3400925925926 0.0314585614703413 0.000111343068611577 1.00000000
17066021 66.3924189814815 0.035168492706817 7.44949138602155e-05 1.00000000
17066022 66.4143865740741 0.0347601170945107 7.6120504594557e-05 1.00000000
17066023 66.4366898148148 0.0339224805234465 7.94877271370991e-05 1.00000000
17066024 66.4601273148148 0.0331412769612548 7.98185171828382e-05 1.00000000
17066025 66.4819675925926 0.0328701571439083 7.99499458180435e-05 1.00000000
17066026 66.5036342592593 0.0322859335938459 7.64336987172536e-05 1.00000000
17066027 66.5263194444444 0.0321182725977767 7.87726894780847e-05 1.00000000
17066028 66.5480092592593 0.0318611269421098 7.49185722813791e-05 1.00000000
17066029 66.5698958333333 0.0313788628768294 7.70418675421139e-05 1.00000000
17066030 66.5915625 0.0314178421542742 9.0881122986686e-05 1.00000000
17066031 66.6100694444444 0.0316525352947335 0.000158520380649954 1.00000000
17066032 66.6179282407407 0.0321304635935457 7.3727680994892e-05 1.00000000
17066033 66.6400231481481 0.0317536820198283 7.57041190026962e-05 1.00000000
17066034 66.6618865740741 0.0313997751744233 7.97414153031555e-05 1.00000000
17066035 66.6825925925926 0.0315403596023089 7.5651021673894e-05 1.00000000
17066036 66.7045717592593 0.0317414538694888 0.000130339496842468 1.00000000
17066048 66.8060069444444 0.0347780498442798 9.27593871141241e-05 1.00000000
17066049 66.8234490740741 0.0342626218545512 8.444806787857e-05 1.00000000
17066050 66.8451736111111 0.0344769163017456 0.000309901875989774 1.00000000
17066059 66.8826736111111 0.0323486498047472 7.7355022827255e-05 1.00000000
17066060 66.9047337962963 0.0321810710236151 7.79086258831786e-05 1.00000000
17066061 66.9276157407407 0.0318478089062468 7.8582583190018e-05 1.00000000
17066062 66.9507060185185 0.0317913427173849 7.88054712576575e-05 1.00000000
17066063 66.9721064814815 0.0315872246640659 8.62764656312395e-05 1.00000000
17066064 66.9893287037037 0.0313599736236816 8.93039657024187e-05 1.00000000
17067001 67.0049537037037 0.0324113294116292 7.2518035389576e-05 1.00000000
17067002 67.0284490740741 0.03203444086715 7.41330296564567e-05 1.00000000
17067003 67.0515509259259 0.0313722107076683 7.34629014353804e-05 1.00000000
17067004 67.0747222222222 0.0313933210430349 7.36376443489762e-05 1.00000000
17067005 67.1469212962963 0.0349991436456061 0.00011005518494984 1.00000000
17067006 67.1575 0.0348005837226717 7.68700706353065e-05 1.00000000
17067007 67.1802083333333 0.0343161013612 7.70542669528653e-05 1.00000000
17067008 67.203599537037 0.0341912337017949 7.87617570090815e-05 1.00000000
17067009 67.2274768518518 0.0335943590153444 8.02107408223592e-05 1.00000000
17067010 67.2523726851852 0.0327373052337952 7.78759846670843e-05 1.00000000
17067011 67.2762037037037 0.0322671053039219 7.36572428144742e-05 1.00000000
17067012 67.301087962963 0.0320233857496719 7.93558544953084e-05 1.00000000
17067013 67.3226388888889 0.0318020321454889 7.7089418780465e-05 1.00000000
17067014 67.3450578703704 0.031767514157608 7.56989984687304e-05 1.00000000
17067015 67.3668865740741 0.0313921055872124 7.32305859797403e-05 1.00000000
17067016 67.3887847222222 0.0320014805276994 7.48359059073542e-05 1.00000000
17067017 67.4104976851852 0.032479266823592 7.79084985833994e-05 1.00000000
17067018 67.4318171296296 0.0322334930923863 7.66595433878815e-05 1.00000000
17067019 67.4535532407407 0.0323965149248079 8.47898554254822e-05 1.00000000
17067024 67.521099537037 0.0364120599424676 7.51704306098757e-05 1.00000000
17067025 67.5430671296296 0.0357072759471232 8.14981872745161e-05 1.00000000
17067026 67.5645717592593 0.0352212452345168 9.83561807706461e-05 1.00000000
17067027 67.5797106481482 0.034846232970369 8.47209278646643e-05 1.00000000
17067028 67.6013888888889 0.034176945622858 0.000113033722950314 1.00000000
17067029 67.6141666666667 0.0338284615176632 0.000141205593370377 1.00000000
17067030 67.6275462962963 0.0328759105639753 7.68475442855913e-05 1.00000000
17067032 67.6504166666667 0.032381171145559 0.000183801179983317 1.00000000
17067033 67.6556018518519 0.0321960815364608 7.74327357071419e-05 1.00000000
17067034 67.677650462963 0.0318932386066059 7.40207605199232e-05 1.00000000
17067036 67.7035763888889 0.0314578543802037 7.68084018653178e-05 1.00000000
17067037 67.7254513888889 0.03134991560642 7.7818646379351e-05 1.00000000
17067038 67.7467939814815 0.0314055310407389 7.48347909819255e-05 1.00000000
17067039 67.7684722222222 0.0314167662540552 9.25139088346688e-05 1.00000000
17067042 67.7932291666667 0.0313784072033422 7.2175439393103e-05 1.00000000
17067043 67.8168402777778 0.0314938647930466 8.76839372059901e-05 1.00000000
17067044 67.8338541666667 0.0316695028687181 0.00016358963467716 1.00000000
17067045 67.8400115740741 0.0316000362427156 0.000177895400636435 1.00000000
17067056 67.954212962963 0.033969970248366 0.000155231278583709 1.00000000
17067061 67.9731944444444 0.0332878335153695 0.000101146186634156 1.00000000
17067063 67.9904976851852 0.0338945733577085 0.000223625890220084 1.00000000
17067066 67.9967708333333 0.0331393260325495 9.65466043481307e-05 1.00000000
17068002 68.0173842592593 0.0324511999942475 9.23451338829634e-05 1.00000000
17068003 68.0377893518519 0.0321125862580873 7.9606816158937e-05 1.00000000
17068006 68.0673611111111 0.0317548457612215 7.852305818331e-05 1.00000000
17068007 68.0888773148148 0.0316430549285767 9.35501261103026e-05 1.00000000
17068009 68.1089583333333 0.0316440660955419 7.11992462539363e-05 1.00000000
17068010 68.1305208333333 0.031444000804683 7.14600618967464e-05 1.00000000
17068011 68.1521180555556 0.031193320463582 7.60571812591163e-05 1.00000000
17068012 68.1736574074074 0.0312915425026476 8.80077250521458e-05 1.00000000
17068026 68.2953587962963 0.0348367210576057 7.79762170698393e-05 1.00000000
17068027 68.3173148148148 0.0341692136483685 7.98686458892614e-05 1.00000000
17068028 68.3398842592593 0.0337845348744152 0.000170210394730595 1.00000000
17068036 68.3617939814815 0.0330743749422512 7.86096445201032e-05 1.00000000
17068037 68.3844212962963 0.0325937805987511 8.07305342472714e-05 1.00000000
17068038 68.4060416666667 0.032265562264782 7.85236139330218e-05 1.00000000
17068039 68.4306481481482 0.0320501458363752 7.77599334182761e-05 1.00000000
17068040 68.4525694444444 0.0316375490756149 7.64145675276147e-05 1.00000000
17068041 68.4743055555556 0.0314985457974177 7.28488922184399e-05 1.00000000
17068042 68.4960185185185 0.031556399376077 7.07633247889653e-05 1.00000000
17068043 68.5177777777778 0.0315827365797428 7.32546551276161e-05 1.00000000
17068044 68.5394791666667 0.031552020098599 7.42713888071464e-05 1.00000000
17068045 68.5622106481481 0.0315409705934115 7.64237007409374e-05 1.00000000
17068046 68.5840509259259 0.0315526011763205 0.000110176314844189 1.00000000
17068047 68.5981481481481 0.0316222632861294 0.000135629097227294 1.00000000
17068053 68.6756712962963 0.0346237849221144 7.69171416047214e-05 1.00000000
17068054 68.699525462963 0.0341111657188841 8.03055363148132e-05 1.00000000
17068055 68.7216898148148 0.0334605208383282 8.31731035096142e-05 1.00000000
17068056 68.7435532407407 0.0328827024617201 8.29615400385308e-05 1.00000000
17068057 68.7658217592593 0.0325912944163258 0.000133551851908126 1.00000000
17068062 68.8631365740741 0.0351265655620947 0.000755679548106408 1.00000000
17068063 68.8643981481482 0.0345925922505229 7.86429637792749e-05 1.00000000
17068064 68.8866550925926 0.034338399464945 0.000135076028789805 1.00000000
17068065 68.8954976851852 0.0342320350731101 8.27409974931585e-05 1.00000000
17068066 68.9172337962963 0.0337571170475972 8.23135452265652e-05 1.00000000
17068067 68.9397453703704 0.0331997638090555 7.83477019499428e-05 1.00000000
17068068 68.9646643518519 0.0328398249330607 8.06847388573032e-05 1.00000000
17068070 68.9901736111111 0.0322374012515144 8.12425738553483e-05 1.00000000
17069010 69.1459837962963 0.0375393057320593 0.000103810724165979 1.00000000
17069012 69.169525462963 0.0337294897710269 8.19228525570714e-05 1.00000000
17069013 69.1909259259259 0.0332182838297616 8.15850641774543e-05 1.00000000
17069014 69.2123958333333 0.0328946043811841 8.13612201185362e-05 1.00000000
17069015 69.2338078703704 0.0326545978681464 8.04751345889942e-05 1.00000000
17069016 69.2550694444444 0.031935659883489 7.96340557246962e-05 1.00000000
17069017 69.2763773148148 0.0316600490092468 8.35557962831502e-05 1.00000000
17069018 69.2948611111111 0.0312889013231352 7.858535780962e-05 1.00000000
17069019 69.3164351851852 0.0311508818729305 8.56408392287956e-05 1.00000000
17070005 70.1132407407407 0.0350196689151337 0.000174768796374623 1.00000000
17070006 70.1176041666667 0.03500650678164 0.000138096098334215 1.00000000
17070007 70.1240509259259 0.0345851095481375 0.000164224319807895 1.00000000
17070008 70.1356481481481 0.0343101687065845 8.39848975828858e-05 1.00000000
17070009 70.157037037037 0.0338282969146702 8.24875748223743e-05 1.00000000
17070010 70.1783912037037 0.0331754761626894 8.27765990880906e-05 1.00000000
17070011 70.1997337962963 0.0326605077900847 8.13513863038889e-05 1.00000000
17070012 70.2211805555556 0.0321887632819175 7.81932339523237e-05 1.00000000
17070013 70.2427662037037 0.0319042252576151 8.10273852456218e-05 1.00000000
17070014 70.2640625 0.0314383100474848 8.17985473275032e-05 1.00000000
17070015 70.2842939814815 0.0317271848587278 0.000120843651685687 1.00000000
17070019 70.2999537037037 0.030930987276311 0.000229161287175301 1.00000000
17070048 70.9376041666667 0.0336057881725571 7.73653369832599e-05 1.00000000
17071012 71.2368402777778 0.0344602994786055 7.57034441674616e-05 1.00000000
17071013 71.2585300925926 0.0338059214583292 8.07950100427345e-05 1.00000000
17071014 71.2803009259259 0.0332178223698481 8.0941966475815e-05 1.00000000
17071015 71.3018055555556 0.0329389033673376 7.92679790147329e-05 1.00000000
17071018 71.3309722222222 0.0319229870222604 8.04683301145191e-05 1.00000000
17071019 71.3526851851852 0.0315699434642542 7.88096433685009e-05 1.00000000
17071020 71.3743287037037 0.0311265160541949 7.74435521677285e-05 1.00000000
17071021 71.397037037037 0.0307716899478519 7.60985500388751e-05 1.00000000
17071022 71.418587962963 0.0307311827233166 7.61735574379761e-05 1.00000000
17071023 71.4401851851852 0.0306620207572528 7.64051812836739e-05 1.00000000
17071024 71.4618287037037 0.0304436531042095 7.37403628348961e-05 1.00000000
17071025 71.4833101851852 0.0305690080126021 7.35552920362759e-05 1.00000000
17071026 71.5048842592593 0.0303231370217706 7.51529704949668e-05 1.00000000
17071027 71.5253240740741 0.0304003851951142 8.62856637349794e-05 1.00000000
17071028 71.5420717592593 0.0307466632872784 0.000119135179472011 1.00000000
17071029 71.5507060185185 0.0309782339547401 0.000181007523077053 1.00000000
17071030 71.5571875 0.0311503399131103 0.000157602243665771 1.00000000
17071047 71.6244675925926 0.0347194369069333 9.82704319610107e-05 1.00000000
17071049 71.6477199074074 0.0341150209402285 7.85224879939169e-05 1.00000000
17071050 71.6700694444444 0.0334391998073023 7.78863235189761e-05 1.00000000
17071051 71.6923842592593 0.033025622293498 7.46810712864042e-05 1.00000000
17071052 71.7136226851852 0.032952765193484 0.00016331213638683 1.00000000
17071053 71.7228819444444 0.0327362025886824 7.61861767606693e-05 1.00000000
17071054 71.7452893518518 0.0324627982850972 7.34357653015921e-05 1.00000000
17071055 71.7677893518518 0.032427375732671 8.26113770398646e-05 1.00000000
17071056 71.7848726851852 0.0325923266469266 0.000100013254122559 1.00000000
17071057 71.8071527777778 0.032444456814341 0.000108702221663235 1.00000000
17071058 71.8223032407407 0.0323849860756891 0.000226975663868338 1.00000000
17071059 71.8253587962963 0.03261468209644 7.23677812548064e-05 1.00000000
17071060 71.8486805555556 0.0322426902016604 7.52547638204296e-05 1.00000000
17071061 71.870462962963 0.0353066383184667 7.88441175512512e-05 1.00000000
17071062 71.8922222222222 0.0356602591893958 7.91440224138583e-05 1.00000000
17071063 71.9141782407408 0.0355292388440299 7.81593930129715e-05 1.00000000
17071064 71.9364814814815 0.0358280741688138 0.000132503497767109 1.00000000
17072001 72.1362847222222 0.0373789733105046 7.86641423840413e-05 1.00000000
17072002 72.157662037037 0.0370476659900932 7.82356985549352e-05 1.00000000
17072003 72.1789351851852 0.0365152549747308 7.99359492692995e-05 1.00000000
17072004 72.2003587962963 0.0356254318067399 7.77669244051496e-05 1.00000000
17072005 72.2217939814815 0.0355457559054532 8.06688542114013e-05 1.00000000
17072006 72.2431944444444 0.0344266469511312 7.70327641877799e-05 1.00000000
17072007 72.2645717592593 0.0349352938391967 0.000147176071954477 1.00000000
17072008 72.2728240740741 0.0345353545226335 7.43007696275764e-05 1.00000000
17072009 72.294224537037 0.0342303747586107 7.72169303526185e-05 1.00000000
17072010 72.3159953703704 0.0343072337172309 7.83080301363816e-05 1.00000000
17072011 72.3377662037037 0.0332419875771415 0.000139799383089265 1.00000000
17072013 72.3680902777778 0.0331499537921078 7.18553754875511e-05 1.00000000
17072014 72.3905092592592 0.0332639426371852 7.46463231936205e-05 1.00000000
17072015 72.4122337962963 0.0334855552493381 0.000230098418466781 1.00000000
17072020 72.5029398148148 0.00153843901995036 0.000143969731771301 1.00000000
17072022 72.5097685185185 0.0353045046644895 7.75865815979644e-05 1.00000000
17072023 72.5320138888889 0.0344624211304285 0.000260661994533771 1.00000000
17072024 72.536712962963 0.0343602028234725 7.88826602566455e-05 1.00000000
17072025 72.5584953703704 0.0336787569773436 0.000105441370656017 1.00000000
17072026 72.5786342592593 0.032965858109697 8.55795386403122e-05 1.00000000
17072027 72.600462962963 0.0328485227127505 7.19316645406943e-05 1.00000000
17072028 72.6223726851852 0.032802909957181 7.45467076575612e-05 1.00000000
17072029 72.644212962963 0.0327699469723576 0.000159406656467952 1.00000000
17072030 72.6563078703704 0.0327825827475736 9.65764533682016e-05 1.00000000
17072032 72.6776851851852 0.0327876710716667 6.93548401839374e-05 1.00000000
17072033 72.7015972222222 0.0326182648208956 7.5587620890828e-05 1.00000000
17072034 72.7246412037037 0.0324801582822637 7.90401070978104e-05 1.00000000
17072035 72.7452430555555 0.032366524152912 7.28661290673648e-05 1.00000000
17072036 72.7674652777778 0.032251762670058 7.14005322165999e-05 1.00000000
17072037 72.7896296296296 0.0322026199221431 7.56788386515751e-05 1.00000000
17072038 72.8113773148148 0.0323602874503618 0.000171790911357329 1.00000000
17072039 72.8165972222222 0.0318405267995966 7.35621820897422e-05 1.00000000
17072040 72.8387384259259 0.0318524915941588 9.93208834229401e-05 1.00000000
17072041 72.901712962963 0.0353340661960716 7.59377820287843e-05 1.00000000
17072042 72.9237731481482 0.035237295914387 7.78813513564547e-05 1.00000000
17072043 72.945775462963 0.0352150581507325 0.00070829628263745 1.00000000
17072044 72.9479166666667 0.0347746454499066 7.89794808706091e-05 1.00000000
17072045 72.9704050925926 0.034485492469155 7.83517619815009e-05 1.00000000
17072046 72.992037037037 0.0340186956457106 7.78078279357528e-05 1.00000000
17073001 73.013912037037 0.0339528070138855 7.88544751757365e-05 1.00000000
17073002 73.0353009259259 0.0333115006840588 7.9959600059783e-05 1.00000000
17073003 73.0568981481482 0.0329173908558381 7.84143273489536e-05 1.00000000
17073004 73.0781944444444 0.0330082025778217 8.06673506150074e-05 1.00000000
17073005 73.0996643518518 0.0327448362297955 7.97215074666531e-05 1.00000000
17073006 73.1211689814815 0.0326230554743352 8.17684929569547e-05 1.00000000
17073013 73.1515393518518 0.0313423603972306 7.38474569684005e-05 1.00000000
17073014 73.1731481481481 0.0312173133635566 7.63581896077697e-05 1.00000000
17073015 73.1945601851852 0.0313060912699922 7.51239604435527e-05 1.00000000
17073016 73.2161111111111 0.0312218956979404 9.52288599912043e-05 1.00000000
17073020 73.2799305555556 0.0351492035307442 0.000279622274429998 1.00000000
17073021 73.2820601851852 0.0352216662144342 7.93458380074248e-05 1.00000000
17073022 73.3023263888889 0.0344111853766855 6.91142858389532e-05 1.00000000
17073023 73.3239583333333 0.0337457526036392 7.47945551138256e-05 1.00000000
17073024 73.3455902777778 0.0335053732461123 0.000106127804291194 1.00000000
17073043 73.5320486111111 0.0358056823390356 7.95267416678913e-05 1.00000000
17073044 73.5557407407407 0.0357408216642128 8.28729348211318e-05 1.00000000
17073045 73.5772685185185 0.035212640807909 8.36627689219949e-05 1.00000000
17073046 73.5988541666667 0.0349974851344512 0.000550436871744368 1.00000000
17073047 73.6111921296296 0.0358109989406474 8.17395461592739e-05 1.00000000
17073048 73.6328125 0.0349107019837697 7.91402054278347e-05 1.00000000
17073049 73.6569444444444 0.0346726428661612 8.06460986791629e-05 1.00000000
17073050 73.6788078703704 0.0345554539081471 7.66075240376562e-05 1.00000000
17073051 73.7048611111111 0.0348947194981909 8.83193855298592e-05 1.00000000
17073052 73.7263425925926 0.0347012563079251 8.18553139919064e-05 1.00000000
17073058 73.7815625 0.0332774343982474 7.61422702810089e-05 1.00000000
17073061 73.8721180555556 0.0204150566354426 0.000175662807985791 1.00000000
17073062 73.8777430555556 0.0201230943124815 0.000107553510129558 1.00000000
17073064 73.8970833333333 0.0356894301380706 8.38371926417881e-05 1.00000000
17073065 73.9198148148148 0.0338711507439546 0.000126039629140193 1.00000000
17073066 73.9417824074074 0.033844502215899 0.000104709433790504 1.00000000
17073067 73.9562268518518 0.0332891236580689 7.99540496997042e-05 1.00000000
17073068 73.9781134259259 0.0330774564246543 7.91717983287525e-05 1.00000000
17073069 73.999537037037 0.0322727383909197 8.09954088208975e-05 1.00000000
17074001 74.0209259259259 0.0324007451812011 0.000120407026328568 1.00000000
17074002 74.0378472222222 0.0323303228800298 0.000143225607697691 1.00000000
17074003 74.0444560185185 0.0322871108978753 8.27758098758498e-05 1.00000000
17074004 74.06875 0.0328028980779059 0.000150139972383329 1.00000000
17074005 74.0747569444444 0.0335470539424988 0.000112657630982987 1.00000000
17074006 74.0881828703704 0.0329828206402514 8.03838426235414e-05 1.00000000
17074007 74.1096296296296 0.03324016927279 8.01630310720337e-05 1.00000000
17074009 74.1349537037037 0.0325991823428328 0.00010457672070841 1.00000000
17074020 74.4290856481481 0.0351399344640147 0.000234790995328612 1.00000000
17074021 74.4334953703704 0.0350180692936427 9.47029382514038e-05 1.00000000
17074022 74.4445601851852 0.0349888164780999 7.60095998542324e-05 1.00000000
17074023 74.4690277777778 0.0345407566969735 7.87143290517048e-05 1.00000000
17074024 74.4905902777778 0.0339979426574147 7.61149707802814e-05 1.00000000
17074025 74.5121990740741 0.0330013140545775 7.51315973320462e-05 1.00000000
17074026 74.5337962962963 0.0325416023077912 7.3286041415411e-05 1.00000000
17074027 74.5554976851852 0.032379798599576 7.45502644836311e-05 1.00000000
17074028 74.5776851851852 0.0317975113453615 7.56604586001592e-05 1.00000000
17074029 74.5993981481482 0.0316774265770895 7.4843097862451e-05 1.00000000
17074030 74.6211805555556 0.0313985680828396 7.29324986982036e-05 1.00000000
17074031 74.6431481481481 0.0312181797879225 6.5550202128013e-05 1.00000000
17074032 74.6715393518518 0.0309813158146988 6.84952858641684e-05 1.00000000
17074033 74.6962152777778 0.0312184712128273 0.00014690313174317 1.00000000
17074034 74.708275462963 0.031281916367435 7.41926105218737e-05 1.00000000
17074035 74.7315856481482 0.030918234865562 7.33750165485812e-05 1.00000000
17074036 74.7541898148148 0.0301750710818511 8.43629494746114e-05 1.00000000
17074037 74.7771527777778 0.0306551570347551 0.000200694557355022 1.00000000
17074038 74.7818634259259 0.030766879587261 7.53222584588267e-05 1.00000000
17074039 74.8038888888889 0.0303256998460533 0.000110493690049482 1.00000000
17074040 74.8164699074074 0.0307041813090206 6.93727925083542e-05 1.00000000
17074041 74.8905555555556 0.0351906449244808 8.20400644616655e-05 1.00000000
17074044 74.9207060185185 0.0336584885914358 7.60615524574654e-05 1.00000000
17074049 74.9442476851852 0.0332768540351924 0.000108057498296003 1.00000000
17074050 74.9570717592593 0.0326141537240158 7.6659963575215e-05 1.00000000
17074051 74.9791087962963 0.0321388001384094 7.98219732345849e-05 1.00000000
17075001 75.00125 0.0319106428696038 0.00013767037202648 1.00000000
17075002 75.0156134259259 0.0324019342813497 7.61942564617882e-05 1.00000000
17075003 75.0372337962963 0.0320628865854107 7.60463032403474e-05 1.00000000
17075004 75.0589467592593 0.0310248985186493 7.53642776254835e-05 1.00000000
17075005 75.080162037037 0.0309365026048984 7.72920475521608e-05 1.00000000
17075006 75.1019097222222 0.0311094518991531 7.16280410483901e-05 1.00000000
17075007 75.1236689814815 0.0316467362297675 0.000172787331645264 1.00000000
17075008 75.1298726851852 0.221464734954119 0.00101577737452077 1.00000000
17075009 75.1404166666667 0.031353173045184 7.7824029234684e-05 1.00000000
17075010 75.1638888888889 0.0312822950184035 7.34517389368838e-05 1.00000000
17075011 75.1860069444445 0.031709327905969 7.94377656736687e-05 1.00000000
17075012 75.2085416666667 0.0311839511341824 0.00012546074653454 1.00000000
17075013 75.2176388888889 0.0313904513416916 0.000282208264760125 1.00000000
17075014 75.2203587962963 0.0314269899081491 0.000261226130930162 1.00000000
17075015 75.2234837962963 0.03146275804617 7.68785673112991e-05 1.00000000
17075016 75.2456018518519 0.0310982461657328 9.28173563546894e-05 1.00000000
17075018 75.2677430555556 0.0311029050010589 7.74172771792653e-05 1.00000000
17075019 75.2893865740741 0.0309970398551694 7.41734503680124e-05 1.00000000
17075020 75.3126041666667 0.0309842835422083 0.000185732880719497 1.00000000
17075024 75.3390046296296 0.0309779373247631 7.96697762402321e-05 1.00000000
17075025 75.3607407407407 0.0311325643524261 8.18403582245823e-05 1.00000000
17075026 75.3821643518519 0.0307602933222763 8.52043961841698e-05 1.00000000
17075027 75.4039351851852 0.0305890561562187 0.0001754386023582 1.00000000
17075098 75.715162037037 0.0337846223643795 0.000136671032581858 1.00000000
17075099 75.7241782407407 0.0337500167105779 8.18189369424381e-05 1.00000000
17075100 75.7461111111111 0.0329512266328091 9.14700446252557e-05 1.00000000
17075101 75.764375 0.0327625875167765 8.05349673357137e-05 1.00000000
17075102 75.786412037037 0.032861774911304 8.10171375307979e-05 1.00000000
17075103 75.8077893518518 0.0321982114538028 0.000113937412490149 1.00000000
17075105 75.8197916666667 0.0320433199093112 8.04873528345007e-05 1.00000000
17075106 75.8411342592593 0.0322551057271941 7.82205630019111e-05 1.00000000
17075107 75.8633333333333 0.0320019457104882 8.03503671492355e-05 1.00000000
17075108 75.885474537037 0.0312388780262207 7.87211174491621e-05 1.00000000
17075109 75.9070486111111 0.0319183218228666 0.000111833701943643 1.00000000
17075110 75.9604050925926 0.0348725318390443 7.67490342845345e-05 1.00000000
17075111 75.9836342592593 0.0344785265661068 7.98850551988944e-05 1.00000000
17076001 76.0052893518519 0.0337606687122711 8.27320598017574e-05 1.00000000
17076002 76.0269444444445 0.033726681687849 8.32143349878811e-05 1.00000000
17076003 76.0488425925926 0.033013940585091 8.32619378736488e-05 1.00000000
17076010 76.1670138888889 0.035104473253004 7.67727998075579e-05 1.00000000
17076011 76.1887847222222 0.0354514635304592 8.36168021545357e-05 1.00000000
17076012 76.2104282407407 0.0349038161808673 0.000212446998734792 1.00000000
