17100030 100.63775462963 0.0353611370140346 7.6047552649306e-05 1.00000000
17100031 100.658900462963 0.0349361359640441 7.16925955713613e-05 1.00000000
17100032 100.680694444444 0.0344107250743975 7.45008259872189e-05 1.00000000
17100033 100.702395833333 0.0339213267599497 7.70067030215561e-05 1.00000000
17100034 100.724050925926 0.0335373543547466 7.72372428061216e-05 1.00000000
17100035 100.745775462963 0.0333258702482786 7.6534553729757e-05 1.00000000
17100036 100.767488425926 0.032851730800822 7.36039875624623e-05 1.00000000
17100037 100.789155092593 0.0326736354215447 7.54352013038467e-05 1.00000000
17100038 100.810914351852 0.0324221501925279 8.18886074129792e-05 1.00000000
17100039 100.829513888889 0.0321647408605475 0.000103172026586608 1.00000000
17100040 100.846689814815 0.0321116976380256 0.000130492534783591 1.00000000
17100043 100.862523148148 0.0323418636256473 7.31023388653522e-05 1.00000000
17100044 100.884224537037 0.0325080772072064 9.85286411996113e-05 1.00000000
17100045 100.900358796296 0.0320199393035623 9.76453429338584e-05 1.00000000
17100046 100.912511574074 0.0320268071967282 7.74741020747893e-05 1.00000000
17100047 100.934085648148 0.0323317618937706 7.91113484939286e-05 1.00000000
17100048 100.955752314815 0.0321115964966376 0.000190671873793533 1.00000000
17101001 101.006990740741 0.0357082835648159 7.69855679506767e-05 1.00000000
17101002 101.028599537037 0.0352104970528631 7.5755025824081e-05 1.00000000
17101003 101.050266203704 0.0344121527843007 7.83328678684977e-05 1.00000000
17101004 101.071944444444 0.0338951434842664 7.25717994619891e-05 1.00000000
17101005 101.093738425926 0.0333452355583458 7.3872652652964e-05 1.00000000
17101006 101.115462962963 0.0333035916958794 7.57784117824498e-05 1.00000000
17101007 101.137164351852 0.0326882977303929 7.88374015868301e-05 1.00000000
17101008 101.159305555556 0.0325083125885681 7.7916144085481e-05 1.00000000
17101009 101.181030092593 0.0321335665259739 7.62361712871222e-05 1.00000000
17101010 101.202777777778 0.0320360887840471 7.52824390539546e-05 1.00000000
17101011 101.224583333333 0.0320548876073919 8.96859678556226e-05 1.00000000
17101013 101.247037037037 0.0316656641842341 7.77600103829472e-05 1.00000000
17101014 101.26712962963 0.0315931038770366 7.71262404983744e-05 1.00000000
17101015 101.288703703704 0.0315934920855407 7.77455941959646e-05 1.00000000
17101016 101.310289351852 0.0317181546938536 7.04494479845088e-05 1.00000000
17101020 101.380740740741 0.0350826989647252 7.06357184545146e-05 1.00000000
17101021 101.402928240741 0.0345719067331382 6.87297298554041e-05 1.00000000
17101022 101.424525462963 0.0341473203375173 7.0417306609067e-05 1.00000000
17101023 101.447222222222 0.0335762289793909 0.000217896316146268 1.00000000
17101024 101.451724537037 0.0334947325183359 0.000200484301875937 1.00000000
17101026 101.458159722222 0.0335067248036394 7.55474881934551e-05 1.00000000
17101027 101.479884259259 0.0329305619576257 8.6905810183776e-05 1.00000000
17101030 101.511736111111 0.0325348195031691 7.74851097416948e-05 1.00000000
17101031 101.533472222222 0.0323022950483305 8.59170128793252e-05 1.00000000
17101032 101.571006944444 0.0319603709006774 7.33483711618495e-05 1.00000000
17101033 101.592141203704 0.0317314292797261 7.10388169810526e-05 1.00000000
17101034 101.615462962963 0.0316949329432046 7.34571245956577e-05 1.00000000
17101035 101.637222222222 0.0315756663457791 7.39399877239259e-05 1.00000000
17101036 101.65962962963 0.0316151475485113 7.66922198099595e-05 1.00000000
17101037 101.681550925926 0.0315126481619609 7.8489527156909e-05 1.00000000
17101038 101.703356481481 0.030847329687674 0.000335677969495236 1.00000000
17101056 101.933993055556 0.0346739431973146 7.58182414392712e-05 1.00000000
17101058 101.996840277778 0.0332654902588893 7.34169443586189e-05 1.00000000
17102001 102.019108796296 0.032792352459208 6.98685733383109e-05 1.00000000
17102002 102.040787037037 0.0326613085670262 7.3677120392451e-05 1.00000000
17102003 102.062777777778 0.0324630225916746 7.24455703265646e-05 1.00000000
17102004 102.084502314815 0.0320690572940067 7.21707136846341e-05 1.00000000
17102005 102.106215277778 0.0319122906635398 7.37516717473375e-05 1.00000000
17102006 102.127962962963 0.0316822907863811 0.000155257450782769 1.00000000
17102007 102.136712962963 0.0316770787867357 7.40058269415062e-05 1.00000000
17102008 102.158321759259 0.0314503911025217 7.31199561097047e-05 1.00000000
17102009 102.180046296296 0.031404062822813 7.66088481165786e-05 1.00000000
17102010 102.201678240741 0.0312521999747496 7.52830854303149e-05 1.00000000
17102011 102.223402777778 0.0312803280833706 7.59076376854311e-05 1.00000000
17102012 102.245127314815 0.0311921878685213 7.77361059107307e-05 1.00000000
17102013 102.26693287037 0.0313308933867228 8.04683274102904e-05 1.00000000
17102014 102.288518518519 0.0311281342579405 7.96600877104006e-05 1.00000000
17102015 102.310162037037 0.0313582952589081 8.23910064821524e-05 1.00000000
17102016 102.331851851852 0.0321177051158646 0.000523175524965368 1.00000000
17102017 102.339606481481 0.0314260406776984 0.000121030341378156 1.00000000
17102032 102.523078703704 0.0349676202405958 7.22439042178418e-05 1.00000000
17102033 102.545659722222 0.0342420388554191 7.19253323041133e-05 1.00000000
17102034 102.567939814815 0.03347250380199 7.81797519738183e-05 1.00000000
17102035 102.592418981481 0.0331343145149725 0.000192166390366325 1.00000000
17102036 102.59619212963 0.032133465186694 7.69129670221101e-05 1.00000000
17102037 102.618657407407 0.03201840530091 7.61473075264456e-05 1.00000000
17102038 102.640324074074 0.0315453152232065 7.46284700046413e-05 1.00000000
17102039 102.662002314815 0.0312575819949537 7.59207888511739e-05 1.00000000
17102040 102.687048611111 0.0312587706403658 7.66204306349749e-05 1.00000000
17102041 102.710428240741 0.0312327591850979 0.0001385713831611 1.00000000
17102042 102.732106481481 0.0312751128154331 7.74646242815573e-05 1.00000000
17102043 102.753888888889 0.0312654562777456 7.93362305497038e-05 1.00000000
17102044 102.776041666667 0.031604066856464 8.29440138591124e-05 1.00000000
17102045 102.797847222222 0.031651937040492 8.33740643616901e-05 1.00000000
17102046 102.81962962963 0.0317395170628505 8.55981481722191e-05 1.00000000
17102047 102.841446759259 0.0318855315918983 0.000104058982484589 1.00000000
17103001 103.01130787037 0.0346105750477669 0.000139762684957331 1.00000000
17103007 103.155474537037 0.0344797457156903 7.01883917592839e-05 1.00000000
17103008 103.178657407407 0.0342444459170748 9.3253741968827e-05 1.00000000
17103009 103.195486111111 0.0335978673462172 7.63010963558769e-05 1.00000000
17103010 103.217152777778 0.032963998872481 7.34643973132923e-05 1.00000000
17103011 103.238726851852 0.0326169303001772 7.22527192584131e-05 1.00000000
17103012 103.260405092593 0.0321290709553222 7.32913902543997e-05 1.00000000
17103013 103.282488425926 0.0319208318675811 7.35399078360066e-05 1.00000000
17103014 103.304282407407 0.0320877490502073 7.67901183345907e-05 1.00000000
17103015 103.326006944444 0.0319750227835381 0.000174131179146814 1.00000000
17103016 103.331215277778 0.0318278042432429 7.71911370280531e-05 1.00000000
17103017 103.352766203704 0.0323593542734264 7.82905477156888e-05 1.00000000
17103019 103.383368055556 0.0319222470732163 7.84757948831784e-05 1.00000000
17103020 103.405289351852 0.031163440621746 9.32764442336369e-05 1.00000000
17103021 103.421481481481 0.0311551611071573 8.03768643308989e-05 1.00000000
17103022 103.443275462963 0.0311476387501608 8.21333547478534e-05 1.00000000
17103025 103.467731481481 0.0310897178612673 0.000111508918314764 1.00000000
17103041 103.743125 0.0344067203884002 7.06705730668248e-05 1.00000000
17103042 103.764849537037 0.0339576816598322 7.3655151569949e-05 1.00000000
17103043 103.786585648148 0.0332187936781117 7.44182223842285e-05 1.00000000
17103044 103.807974537037 0.0326660987508881 7.15844812255495e-05 1.00000000
17103045 103.829479166667 0.0324151574644064 7.16723334820352e-05 1.00000000
17103046 103.851111111111 0.0320552556828777 7.29492724730647e-05 1.00000000
17103047 103.872766203704 0.0315999914044804 7.14382837702095e-05 1.00000000
17103048 103.894305555556 0.0313201012331611 7.46537599452166e-05 1.00000000
17103049 103.914768518519 0.0309508497937518 7.15590115549987e-05 1.00000000
17103050 103.936446759259 0.0308885585992859 7.11037865645965e-05 1.00000000
17103051 103.958715277778 0.0314345300161381 8.10847345011729e-05 1.00000000
17103052 103.976863425926 0.0321831721078092 0.000133484377004456 1.00000000
17103060 103.998506944444 0.0323927311907783 0.00036518820617226 1.00000000
17103061 104.000763888889 0.0323737838109635 7.39500857693747e-05 1.00000000
17104001 104.024479166667 0.0325016071335418 7.97359024374423e-05 1.00000000
17104002 104.04724537037 0.0323864068093844 7.10804814714044e-05 1.00000000
17104003 104.12125 0.0361625712703381 7.83040695021667e-05 1.00000000
17104004 104.142986111111 0.0356245199255476 7.18123118256308e-05 1.00000000
17104005 104.167175925926 0.0350567828050232 7.16228877689385e-05 1.00000000
17104006 104.190601851852 0.0341083242427086 7.08968435995355e-05 1.00000000
17104007 104.214375 0.0340236867538468 7.32728282769424e-05 1.00000000
17104008 104.236412037037 0.0338643875947586 7.62263498664337e-05 1.00000000
17104009 104.258171296296 0.03348636755506 7.66517881581859e-05 1.00000000
17104011 104.285451388889 0.0328913427838403 7.27775486657058e-05 1.00000000
17104012 104.307164351852 0.0332196841953927 7.55019412173519e-05 1.00000000
17104013 104.329166666667 0.0332636945420516 9.44269891126367e-05 1.00000000
17104014 104.34369212963 0.0332213470751611 7.72116148792298e-05 1.00000000
17104015 104.366145833333 0.0333027484026189 7.90360382377869e-05 1.00000000
17104016 104.387743055556 0.0333980206855303 8.16038860913849e-05 1.00000000
17104017 104.409270833333 0.03311878405808 7.93793106301817e-05 1.00000000
17104018 104.432361111111 0.0333394305945193 0.000170596912534541 1.00000000
17104026 104.834108796296 0.0358746446570701 0.000207316711421065 1.00000000
17104027 104.837349537037 0.0357554037305011 7.26206784823602e-05 1.00000000
17104028 104.858819444444 0.0353603607590904 9.61394929058225e-05 1.00000000
17104030 104.873819444444 0.0453500896423803 0.00093221507871861 1.00000000
17104031 104.884768518519 0.119080085341541 0.0019656631462384 1.00000000
17104038 104.936886574074 0.0332248896909958 7.13733748028709e-05 1.00000000
17104039 104.958530092593 0.0328587208163802 7.82658013824111e-05 1.00000000
17104040 104.97806712963 0.0327141286750213 7.27408168539177e-05 1.00000000
17104041 105.000243055556 0.0323781854315687 7.37310446740237e-05 1.00000000
17105001 105.022210648148 0.0322399519841239 6.82800212115008e-05 1.00000000
17105002 105.046539351852 0.0322122581012469 0.000143279087233994 1.00000000
17105003 105.056145833333 0.0322185193744678 6.54070671667183e-05 1.00000000
17105004 105.078854166667 0.0319205595194159 0.000198518185436157 1.00000000
17105009 105.136805555556 0.0348981406338008 7.22438392597559e-05 1.00000000
17105010 105.159733796296 0.0342325291390542 7.2530610436515e-05 1.00000000
17105011 105.181064814815 0.0335960532805391 8.15554806893176e-05 1.00000000
17105012 105.201689814815 0.0331232871005266 7.39121278383738e-05 1.00000000
17105013 105.223506944444 0.0328414442625566 0.000129382269624308 1.00000000
17105017 105.242407407407 0.0326428512519791 6.89776115491188e-05 1.00000000
17105018 105.266863425926 0.0323007538902245 7.55727488627552e-05 1.00000000
17105019 105.288645833333 0.0319194127368121 6.92536057637884e-05 1.00000000
17105020 105.315347222222 0.0317256029370209 7.2279618840986e-05 1.00000000
17105021 105.3378125 0.031422665934629 7.25039165137586e-05 1.00000000
17105022 105.36005787037 0.0311921225486099 0.000116985899416425 1.00000000
17105041 105.638148148148 0.0347693801647672 0.000156145462783231 1.00000000
17105042 105.678194444444 0.0347531056221698 0.000181731120065131 1.00000000
17105043 105.682407407407 0.0348413612585434 0.000187550821053925 1.00000000
17105044 105.685856481481 0.0344209921460737 7.41726180682312e-05 1.00000000
17105045 105.707199074074 0.0339430915705525 7.78354608849767e-05 1.00000000
17105046 105.802349537037 0.0342429247643944 0.000136110565218467 1.00000000
17105047 105.820543981481 0.744742988950102 0.00182391389610303 1.00000000
17105048 105.823842592593 0.0341077104920678 7.50158269856787e-05 1.00000000
17105049 105.845972222222 0.0337009169120691 7.28520782412619e-05 1.00000000
17105050 105.8684375 0.0331438704003214 7.34119221188901e-05 1.00000000
17105051 105.889953703704 0.0328754113644696 0.000130034381303763 1.00000000
17105052 105.897835648148 0.0326394130678947 7.10159997465079e-05 1.00000000
17105053 105.919664351852 0.0323293404479451 7.61896341275762e-05 1.00000000
17105054 105.940659722222 0.0322248108119041 7.57890952271801e-05 1.00000000
17105055 105.9603125 0.0316879138961768 7.86854616099111e-05 1.00000000
17105056 105.979988425926 0.031658589790915 8.38302845520015e-05 1.00000000
17105057 106.000613425926 0.0316451746226879 7.4878970477436e-05 1.00000000
17106001 106.022326388889 0.0315127005450138 6.90044535765967e-05 1.00000000
17106002 106.047488425926 0.0337254873424634 7.56502192109904e-05 1.00000000
17106003 106.073101851852 0.0310639197371113 7.57089614047718e-05 1.00000000
17106004 106.094895833333 0.0310407896749534 7.6736209347136e-05 1.00000000
17106005 106.117696759259 0.0307603324783253 0.000154106967717663 1.00000000
17106006 106.168668981481 0.0348195137733693 7.23744425535973e-05 1.00000000
17106007 106.191539351852 0.0342670652956507 7.08539771953567e-05 1.00000000
17106008 106.215381944444 0.0337244647746041 7.51291051501907e-05 1.00000000
17106009 106.236759259259 0.0331027966031275 7.57969024731859e-05 1.00000000
17106010 106.25875 0.0329312734215356 7.64666769365017e-05 1.00000000
17106011 106.280416666667 0.0322051203043666 7.56734571700396e-05 1.00000000
17106012 106.305821759259 0.0318909780839355 7.57135340244327e-05 1.00000000
17106013 106.329050925926 0.0315339757888813 7.27419244375854e-05 1.00000000
17106014 106.351446759259 0.0314682400170546 7.46969430141694e-05 1.00000000
17106015 106.373171296296 0.0312401218250809 7.35565314811806e-05 1.00000000
17106016 106.394756944444 0.0310462066986601 7.37660161924317e-05 1.00000000
17106017 106.416296296296 0.0311217962169354 7.42789498318673e-05 1.00000000
17106018 106.438171296296 0.0310869769085289 0.000180970737248619 1.00000000
17106019 106.446365740741 0.030759736731229 7.50707789998771e-05 1.00000000
17106020 106.468229166667 0.0307831120861643 7.51913504838181e-05 1.00000000
17106021 106.489849537037 0.0308698292652746 0.000187677082239504 1.00000000
17106048 106.800138888889 0.0336723644204447 0.000141307746625341 1.00000000
17106055 106.977893518519 0.0341976327717215 7.486520803073e-05 1.00000000
17107001 107.002372685185 0.0337691636322931 0.000207195644832633 1.00000000
17107002 107.006412037037 0.0333586591593158 7.48884305819202e-05 1.00000000
17107003 107.029849537037 0.0328758491357612 7.43284441142428e-05 1.00000000
17107004 107.051608796296 0.0323153227388719 7.20053073768096e-05 1.00000000
17107006 107.075659722222 0.0320449260098321 6.66050012036642e-05 1.00000000
17107007 107.100833333333 0.0315766708775928 8.51780372635222e-05 1.00000000
17107008 107.122604166667 0.0316322037831193 6.69861071957976e-05 1.00000000
17107009 107.146863425926 0.031225036592797 6.82425229889757e-05 1.00000000
17107010 107.16943287037 0.0311031272271833 6.83480964310974e-05 1.00000000
17107011 107.192696759259 0.0309838598647317 6.81803938979065e-05 1.00000000
17107015 107.218078703704 0.0307653958879014 6.93179118011725e-05 1.00000000
17107016 107.240486111111 0.030737805401854 6.24091522838407e-05 1.00000000
17107020 107.272071759259 0.0306784922607283 7.2629280880977e-05 1.00000000
17107022 107.309085648148 0.0305952681683274 0.000130107427713925 1.00000000
17107027 107.361574074074 0.0336897109712149 7.39550280568995e-05 1.00000000
17107028 107.385439814815 0.0333842883830945 7.45583497408874e-05 1.00000000
17107029 107.4084375 0.032566874856545 7.11998407902399e-05 1.00000000
17107030 107.431608796296 0.0323578600295811 7.20855466290159e-05 1.00000000
17107031 107.453831018519 0.0317203895436582 0.000128778088654319 1.00000000
17107032 107.468854166667 0.031656449726891 6.83500201662875e-05 1.00000000
17107033 107.491574074074 0.0316908700226553 0.000203693526683708 1.00000000
17107035 107.496180555556 0.0313701542571429 7.23946271861155e-05 1.00000000
17107036 107.517523148148 0.0307859079241107 7.11746500454186e-05 1.00000000
17107037 107.539340277778 0.0309979308062428 7.55386581276132e-05 1.00000000
17107038 107.560983796296 0.0307176697329263 7.2806096534202e-05 1.00000000
17107039 107.582638888889 0.0306906656824619 7.32484262831527e-05 1.00000000
17107040 107.604247685185 0.0306223340302235 7.50834121260061e-05 1.00000000
17107041 107.625983796296 0.0305547115798797 7.67138062083788e-05 1.00000000
17107042 107.649074074074 0.0301518086998721 8.25037489247758e-05 1.00000000
17107043 107.668576388889 0.0303473649240715 8.92154259879536e-05 1.00000000
17107044 107.7315625 0.0336311558082377 7.38141374406533e-05 1.00000000
17107045 107.753761574074 0.0333475690360427 7.6943276726681e-05 1.00000000
17107046 107.775497685185 0.0332185700380186 7.63728884371129e-05 1.00000000
17107047 107.797060185185 0.0323282903037136 0.000100976418231709 1.00000000
17107048 107.809490740741 0.0320407611864121 7.46100513055596e-05 1.00000000
17107049 107.831168981481 0.0317984178199015 8.10972333511515e-05 1.00000000
17107050 107.851030092593 0.0315099361978054 6.94499960871039e-05 1.00000000
17107051 107.87568287037 0.0312207941505984 7.34035406238813e-05 1.00000000
17107052 107.897650462963 0.0310890963627444 0.000133606359276335 1.00000000
17107054 107.912743055556 0.030844434235929 8.81760496023994e-05 1.00000000
17107055 107.929826388889 0.0305744162565597 9.54439154788749e-05 1.00000000
17107056 107.945289351852 0.0307132440920487 7.18527089533533e-05 1.00000000
17107057 107.966898148148 0.0306255990658604 0.000123662848990205 1.00000000
17107058 107.977928240741 0.0304767529538604 6.73360774108021e-05 1.00000000
17108001 108.001122685185 0.0304909955014232 7.1553313755062e-05 1.00000000
17108004 108.025856481481 0.0305143474139471 8.98405492387748e-05 1.00000000
17108007 108.118310185185 0.033639580005154 7.16772120065883e-05 1.00000000
17108008 108.143634259259 0.0330081107657524 6.92052365272598e-05 1.00000000
17108010 108.169560185185 0.0323777410909931 6.66601392541418e-05 1.00000000
17108011 108.196076388889 0.0320605326045985 7.03198690784538e-05 1.00000000
17108012 108.218703703704 0.0314855367978353 6.9080567734003e-05 1.00000000
17108013 108.241377314815 0.0311572771192981 9.85355109560694e-05 1.00000000
17108026 108.516458333333 0.0330329814750879 7.06122985908213e-05 1.00000000
17108027 108.538298611111 0.0323503301946553 8.24535407282068e-05 1.00000000
17108028 108.567326388889 0.0316272067888244 6.94260606783505e-05 1.00000000
17108030 108.59056712963 0.0312556667832059 7.12993316218938e-05 1.00000000
17108031 108.612743055556 0.0309760935289119 7.01284191967824e-05 1.00000000
17108032 108.634340277778 0.0308371686222445 7.14653298764213e-05 1.00000000
17108033 108.656273148148 0.0305368798730741 7.03961397444165e-05 1.00000000
17108034 108.678090277778 0.0303545878185412 0.000190788606562162 1.00000000
17108035 108.6821875 0.0303457038696802 7.51935881907723e-05 1.00000000
17108036 108.7046875 0.029963027329435 0.000269299278147815 1.00000000
17108037 108.707210648148 0.0302475046493301 7.55400309678917e-05 1.00000000
17108038 108.728993055556 0.030180080059348 7.71504272291373e-05 1.00000000
17108039 108.750694444444 0.0301192253193212 7.785456749436e-05 1.00000000
17108040 108.772905092593 0.0299683217432318 0.000153064795473378 1.00000000
17108041 108.854826388889 0.0336824086231127 7.67707295504645e-05 1.00000000
17108042 108.876689814815 0.0331883159951045 7.58936056719971e-05 1.00000000
17108043 108.898252314815 0.032460476628368 7.52214847037693e-05 1.00000000
17108044 108.919953703704 0.0320881373163974 8.422828991706e-05 1.00000000
17108046 108.942314814815 0.0315677696695476 0.000105775816061115 1.00000000
17108047 108.951111111111 0.0312514938784831 7.42123229005229e-05 1.00000000
17108048 108.971412037037 0.0314536264305746 0.00078450730346409 1.00000000
17108049 108.972800925926 0.0312698218871214 6.09831587718042e-05 1.00000000
17108052 109.000787037037 0.0307881894476753 6.88895351286589e-05 1.00000000
17109002 109.024305555556 0.0306564342382057 6.91804054718707e-05 1.00000000
17109003 109.046666666667 0.0302952808660319 0.000100406790550919 1.00000000
17109004 109.059884259259 0.0301923114073413 7.37033551353435e-05 1.00000000
17109005 109.081990740741 0.0301118200104795 7.17440560055563e-05 1.00000000
17109009 109.109155092593 0.0300992958250146 7.41141412324887e-05 1.00000000
17109010 109.132002314815 0.0300600822656999 7.36339573035849e-05 1.00000000
17109011 109.156087962963 0.0298755229595684 9.57109824180633e-05 1.00000000
17109015 109.228668981481 0.0332637028674118 7.51720345597887e-05 1.00000000
17109016 109.250543981481 0.0329111600425616 7.59068174208811e-05 1.00000000
17109017 109.272152777778 0.0322714482787786 7.62513630202105e-05 1.00000000
17109018 109.29369212963 0.0317321501354624 7.68480430276584e-05 1.00000000
17109023 109.333773148148 0.0313087332813136 0.000164466178110706 1.00000000
17109025 109.339571759259 0.0311488365022904 6.44822335636138e-05 1.00000000
17109026 109.363923611111 0.0308874520295242 6.3980370023537e-05 1.00000000
17109027 109.386365740741 0.0304508824463928 8.69472983136285e-05 1.00000000
17109029 109.400925925926 0.0301787187172581 6.04650186053629e-05 1.00000000
17109030 109.424918981481 0.0302315744994372 6.48353131112155e-05 1.00000000
17109031 109.446053240741 0.0298984095461247 6.52040262106885e-05 1.00000000
17109032 109.470173611111 0.0293916817091513 0.000369700617377881 1.00000000
17109034 109.483483796296 0.0297820093314404 6.50446366444273e-05 1.00000000
17109035 109.506689814815 0.0295800439311184 6.81740741790182e-05 1.00000000
17109036 109.528287037037 0.0296657570382249 6.89293911991585e-05 1.00000000
17109037 109.550185185185 0.0296390968938557 0.000204870595857964 1.00000000
17109048 109.663877314815 0.0341491686607339 0.000210439461336581 1.00000000
17109049 109.667337962963 0.0342131566453507 0.000508241226457224 1.00000000
17109050 109.675555555556 0.0333234943663736 7.46843648688807e-05 1.00000000
17109051 109.708298611111 0.0323135556061071 0.000142289012173895 1.00000000
17109052 109.716296296296 0.0319368672919162 7.41874077597408e-05 1.00000000
17109053 109.737662037037 0.0316046211392755 9.00495222301252e-05 1.00000000
17109054 109.754363425926 0.0313101696375191 0.000148771642628707 1.00000000
17109055 109.759456018519 0.0311613865746536 7.41533121774429e-05 1.00000000
17109056 109.781018518519 0.0309538122319986 7.08820831084452e-05 1.00000000
17109057 109.802673611111 0.0308319726320554 7.12029744958931e-05 1.00000000
17109058 109.824444444444 0.0304175366536334 7.13638252095364e-05 1.00000000
17109059 109.846111111111 0.0298305838188515 0.000112005856135539 1.00000000
17109060 109.863761574074 0.0300021313780947 7.42479864241466e-05 1.00000000
17109061 109.885648148148 0.0298773054006406 8.63665214860106e-05 1.00000000
17109065 109.90556712963 0.0296523077157102 9.79557970221927e-05 1.00000000
17109066 109.919189814815 0.029440210473302 0.000250588172255344 1.00000000
17109067 109.922835648148 0.0296365821979922 0.000187452470528343 1.00000000
17109068 109.927858796296 0.0296320874536385 7.46792914932695e-05 1.00000000
17109069 109.949270833333 0.0294585240938929 7.52103411373237e-05 1.00000000
17109070 109.970439814815 0.029466359759568 8.19085499104681e-05 1.00000000
17110001 110.048148148148 0.0327452158624218 7.36712336143749e-05 1.00000000
17110002 110.070763888889 0.0322865481970886 7.61188623301838e-05 1.00000000
17110003 110.092546296296 0.0315728034029159 7.75769695735912e-05 1.00000000
17110004 110.11443287037 0.0313658151900719 7.31844441053974e-05 1.00000000
17110005 110.136168981481 0.030774259241129 7.54236586983066e-05 1.00000000
17110006 110.157881944444 0.0304433677302705 7.3733569609734e-05 1.00000000
17110007 110.179710648148 0.0302764855909261 8.9409749088837e-05 1.00000000
17110011 110.202407407407 0.0301292506530348 7.00411304171223e-05 1.00000000
17110012 110.224293981481 0.029947812868836 6.97636373893731e-05 1.00000000
17110013 110.246388888889 0.0297216076872163 8.86522874142282e-05 1.00000000
17110014 110.264131944444 0.0297649576482093 7.01453402372392e-05 1.00000000
17110015 110.286527777778 0.0295941152420096 7.51728475002325e-05 1.00000000
17110016 110.309386574074 0.0297136096849929 0.0001165644728804 1.00000000
17110017 110.318599537037 0.0294668077642827 6.9266234142841e-05 1.00000000
17110018 110.343321759259 0.0294375793479398 7.13420136333003e-05 1.00000000
17110019 110.364548611111 0.029365136261213 8.22948965579476e-05 1.00000000
17110028 110.42099537037 0.0326741951828362 7.26205786163576e-05 1.00000000
17110029 110.442638888889 0.0321680957424451 6.98372143090606e-05 1.00000000
17110030 110.465196759259 0.0316712771352583 6.7769029094341e-05 1.00000000
17110031 110.488171296296 0.0322819301210358 7.29750228189512e-05 1.00000000
17110032 110.510104166667 0.0320560535215855 7.13650295400807e-05 1.00000000
17110033 110.531898148148 0.0315836198302445 7.09857726084356e-05 1.00000000
17110034 110.556701388889 0.0301716211047494 6.86978192399168e-05 1.00000000
17110035 110.577997685185 0.030138216984439 6.64981720093032e-05 1.00000000
17110036 110.600509259259 0.029880575305471 6.67369466353729e-05 1.00000000
17110037 110.622731481481 0.0299058322395972 7.66403108655682e-05 1.00000000
17110039 110.643564814815 0.0296008625776763 7.18165161500996e-05 1.00000000
17110040 110.665578703704 0.0296833807054017 6.6774589179729e-05 1.00000000
17110041 110.687152777778 0.0294713819119647 6.86380025752513e-05 1.00000000
17110042 110.709340277778 0.0292660535517832 6.97585602189525e-05 1.00000000
17110043 110.731747685185 0.029206160764297 9.20815634517873e-05 1.00000000
17110044 110.787476851852 0.0324107756220008 7.3502408949993e-05 1.00000000
17110045 110.80875 0.0318388928110908 8.53903191889015e-05 1.00000000
17110049 110.829548611111 0.031338910074931 7.26074795413856e-05 1.00000000
17110050 110.851342592593 0.0310051040934148 7.07182680654403e-05 1.00000000
17110051 110.872800925926 0.0305632824820411 6.98597226930958e-05 1.00000000
17110052 110.894293981481 0.0303351203660548 6.96075205923213e-05 1.00000000
17110053 110.916122685185 0.0300286178280733 0.000159895193218017 1.00000000
17110054 110.923333333333 0.0301132598736178 0.000117156515089792 1.00000000
17110055 110.932893518519 0.0300674652984641 0.000130491652987397 1.00000000
17110056 110.941423611111 0.0300230172505194 9.86819380056128e-05 1.00000000
17110057 110.952928240741 0.0300049554067999 9.45317746931772e-05 1.00000000
17110058 110.967581018519 0.0296502388094541 0.000109525288737632 1.00000000
17110059 110.977685185185 0.0296903831788483 0.000114045600989355 1.00000000
17110060 110.986331018519 0.0295092473387967 0.000117637502998509 1.00000000
17110061 110.994756944444 0.0295160674366315 6.73656704217594e-05 1.00000000
17111001 111.016712962963 0.0295556914261399 6.49804826832198e-05 1.00000000
17111002 111.038657407407 0.0294507755273823 6.95866943767351e-05 1.00000000
17111007 111.141516203704 0.0325704787074851 0.000135791169002946 1.00000000
17111008 111.148564814815 0.0321965598904913 6.7532512684861e-05 1.00000000
17111009 111.170219907407 0.0316716985874617 7.23277600192087e-05 1.00000000
17111010 111.191909722222 0.0312776021199781 7.22983963483112e-05 1.00000000
17111011 111.213668981481 0.0308627543134488 6.43595140524745e-05 1.00000000
17111012 111.23537037037 0.0305988321713654 6.29383782223041e-05 1.00000000
17111013 111.257511574074 0.0303080419941885 6.61732325963191e-05 1.00000000
17111014 111.279027777778 0.0299758685603263 6.80143826176768e-05 1.00000000
17111015 111.300891203704 0.0299195577584666 6.44965085627925e-05 1.00000000
17111016 111.323136574074 0.029763731993434 6.26428066888938e-05 1.00000000
17111017 111.346099537037 0.0295247359041846 7.05847051170521e-05 1.00000000
17111019 111.366053240741 0.0296420284265088 6.4149011858953e-05 1.00000000
17111020 111.387939814815 0.029463774794726 0.000100466025595567 1.00000000
17111023 111.401076388889 0.0295053155674369 6.42870122437688e-05 1.00000000
17111024 111.422569444444 0.0294450501607637 8.26368763450858e-05 1.00000000
17111028 111.475173611111 0.0323368197386563 6.33482789467481e-05 1.00000000
17111029 111.499490740741 0.0317753920488407 0.000232323990643415 1.00000000
17111030 111.502361111111 0.0318001582908128 6.41515066544809e-05 1.00000000
17111031 111.525532407407 0.0312030844288545 6.50856127987217e-05 1.00000000
17111032 111.547337962963 0.0309055446515269 6.07955783737936e-05 1.00000000
17111033 111.571087962963 0.0305099941697719 0.000152891925446588 1.00000000
17111034 111.575972222222 0.0304116903272579 6.37146649089165e-05 1.00000000
17111035 111.597685185185 0.0303160056142751 6.28916896007902e-05 1.00000000
17111036 111.619259259259 0.0300236924078798 9.28156025946838e-05 1.00000000
17111037 111.629675925926 0.0298452701112315 6.43577192262824e-05 1.00000000
17111038 111.651990740741 0.029632839834372 7.19059447825829e-05 1.00000000
17111039 111.67375 0.0296551651485955 7.09127950470558e-05 1.00000000
17111040 111.695335648148 0.0295318672580399 8.93961915249752e-05 1.00000000
17111041 111.708738425926 0.0294281690274714 6.96660604993828e-05 1.00000000
17111042 111.730405092593 0.0293473385456394 6.89178352014177e-05 1.00000000
17111043 111.75212962963 0.0293073611603504 7.16583136537712e-05 1.00000000
17111044 111.773564814815 0.0291869286710926 6.98014857591786e-05 1.00000000
17111045 111.796678240741 0.0291657187221589 0.000128661353238197 1.00000000
17111055 111.843796296296 0.0331787478380131 7.1045297712682e-05 1.00000000
17111056 111.865335648148 0.0329163448658993 0.000184627837718024 1.00000000
17111057 111.870092592593 0.0323649195063805 0.000327039633988464 1.00000000
17111059 111.87587962963 0.0323935014477267 0.000299283411565419 1.00000000
17111060 111.878946759259 0.0321355330822746 7.62580958520579e-05 1.00000000
17111064 111.906087962963 0.0309139365385451 0.000117557064209014 1.00000000
17111065 111.957523148148 0.0332218186541146 7.67340331725627e-05 1.00000000
17111066 111.978043981481 0.0327645813959209 7.30996841409303e-05 1.00000000
17111067 111.999722222222 0.0320377935168932 7.19717692188163e-05 1.00000000
17112001 112.021458333333 0.0316301265991168 7.31315026588183e-05 1.00000000
17112002 112.043171296296 0.0312487327999842 6.37742371165693e-05 1.00000000
17112003 112.069756944444 0.0308764038331779 6.94026216220991e-05 1.00000000
17112004 112.091805555556 0.0306229448037469 6.90367358467074e-05 1.00000000
17112005 112.113726851852 0.0305723768465182 0.000111412999006131 1.00000000
17112006 112.126724537037 0.0303999903751283 8.0425855309569e-05 1.00000000
17112007 112.140810185185 0.0303430067705134 6.98828133360555e-05 1.00000000
17112008 112.162465277778 0.0303179809499693 6.97810598273177e-05 1.00000000
17112009 112.184282407407 0.0302707192149898 6.93506496065547e-05 1.00000000
17112010 112.206018518519 0.0302021754064913 6.87597326555201e-05 1.00000000
17112011 112.228078703704 0.0298892474806454 6.81876614649899e-05 1.00000000
17112012 112.251400462963 0.0300611690772442 7.38423512710305e-05 1.00000000
17112013 112.270150462963 0.0299333388739246 9.00999146932467e-05 1.00000000
17112041 112.714641203704 0.0194961985531801 0.00049205941376966 1.00000000
17112044 112.726157407407 0.0329925524826857 8.5488636663994e-05 1.00000000
17112052 112.760115740741 0.032189695271798 7.38302389062524e-05 1.00000000
17112053 112.7815625 0.03161369121555 7.16829933082909e-05 1.00000000
17112054 112.803020833333 0.0312977342723705 7.12126728602948e-05 1.00000000
17112055 112.824467592593 0.0310993071532367 7.21339645562154e-05 1.00000000
17112056 112.8459375 0.0307890465323095 6.91387236027781e-05 1.00000000
17112057 112.867951388889 0.0304755424330864 7.22610633179137e-05 1.00000000
17112058 112.889571759259 0.0302903782879537 7.13431427291597e-05 1.00000000
17112059 112.911342592593 0.0301547998351534 7.12038873672114e-05 1.00000000
17112060 112.933090277778 0.030164491478648 7.17677495850802e-05 1.00000000
17112061 112.954375 0.0300418764012273 7.16389918881043e-05 1.00000000
17112062 112.975844907407 0.0300251542804564 7.01097662050768e-05 1.00000000
17112063 112.9975 0.0298369431041634 6.93065972758229e-05 1.00000000
17113001 113.021365740741 0.0296515337790521 7.50435429047523e-05 1.00000000
17113002 113.085555555556 0.0328870815202954 7.43453283250495e-05 1.00000000
17113003 113.151018518519 0.0325937001741783 8.86227296164524e-05 1.00000000
17113004 113.170821759259 0.0322464359387844 6.4825047547535e-05 1.00000000
17113005 113.192881944444 0.0315990940269329 7.29185178714439e-05 1.00000000
17113006 113.21275462963 0.0317248521124117 0.000346863218566784 1.00000000
17113007 113.217916666667 0.0311250986824365 0.000136790194219502 1.00000000
17113008 113.223287037037 0.0306884863610996 8.87049807507152e-05 1.00000000
17113010 113.290740740741 0.0325703944919872 7.03767578089876e-05 1.00000000
17113011 113.311944444444 0.0323506567974118 0.000279683983151783 1.00000000
17113012 113.318958333333 0.0318109033276644 9.72536090363898e-05 1.00000000
17113013 113.331724537037 0.0315568906451362 9.17644323524069e-05 1.00000000
17113014 113.345798611111 0.0307105669122363 7.35202964576315e-05 1.00000000
17113015 113.367233796296 0.0295913126197712 0.000201277332147051 1.00000000
17113036 113.775775462963 0.0326194780770541 6.96376944241415e-05 1.00000000
17113037 113.797384259259 0.0320498623869619 7.53418046149269e-05 1.00000000
17113038 113.819097222222 0.0315540009850317 7.14006489920027e-05 1.00000000
17113039 113.840439814815 0.0310674591012443 7.60445749338563e-05 1.00000000
17113041 113.863703703704 0.0305845237817116 0.000129654207655686 1.00000000
17113042 113.870810185185 0.0291051626730324 0.000780246073754687 1.00000000
17113043 113.871956018519 0.0303134520343375 7.08219845695192e-05 1.00000000
17113044 113.893472222222 0.0301963422227458 6.99504724908905e-05 1.00000000
17113045 113.916840277778 0.0294594052247326 6.93826178845181e-05 1.00000000
17113047 113.951875 0.0311518177810686 7.21518711566969e-05 1.00000000
17113048 113.973240740741 0.0313361032113013 7.08798621706451e-05 1.00000000
17113049 113.994861111111 0.0312992537312158 7.20137394011566e-05 1.00000000
17114001 114.016550925926 0.0310419225087914 7.41215553490165e-05 1.00000000
17114002 114.038298611111 0.0307722912038148 7.11243337423282e-05 1.00000000
17114003 114.060034722222 0.0308781190858814 7.28626174275719e-05 1.00000000
17114004 114.082372685185 0.030600288609483 7.13650481131337e-05 1.00000000
17114005 114.150150462963 0.0340538442942265 7.09028588262413e-05 1.00000000
17114007 114.173391203704 0.0332881569674122 7.60489290952873e-05 1.00000000
17114008 114.195127314815 0.0326108258391579 7.34745907429962e-05 1.00000000
17114010 114.217858796296 0.0322643735295365 7.28084565053472e-05 1.00000000
17114011 114.240162037037 0.0317685038659325 6.70903854762611e-05 1.00000000
17114013 114.2671875 0.0313854535731649 7.31869488851907e-05 1.00000000
17114014 114.288773148148 0.0313403982695943 7.383277968985e-05 1.00000000
17114015 114.308703703704 0.0309690794708199 7.15067647443444e-05 1.00000000
17114016 114.330613425926 0.0312054696550173 0.00017234451427523 1.00000000
17114017 114.341527777778 0.0307766821234602 7.50023677476889e-05 1.00000000
17114018 114.362835648148 0.0306351882760207 0.000113601566041091 1.00000000
17114020 114.377083333333 0.0305553544735645 7.04029491187939e-05 1.00000000
17114022 114.398564814815 0.0304912538075412 7.40267077445888e-05 1.00000000
17114023 114.42037037037 0.0303858479862808 7.06621151925325e-05 1.00000000
17114024 114.442789351852 0.0303840549812787 7.13664242469776e-05 1.00000000
17114025 114.464074074074 0.0303008271303699 7.97487565856747e-05 1.00000000
17114030 114.57505787037 0.0335100029008129 7.36286204596785e-05 1.00000000
17114031 114.597418981481 0.033019557765335 7.48780067403308e-05 1.00000000
17114032 114.619016203704 0.0325940581384738 7.19819393193374e-05 1.00000000
17114033 114.642337962963 0.0321481034024698 7.51556178101157e-05 1.00000000
17114034 114.663877314815 0.0317097611392645 7.34624215068386e-05 1.00000000
17114035 114.685474537037 0.0311391454675267 7.30908890750051e-05 1.00000000
17114036 114.707303240741 0.0308026418262478 7.3530947923578e-05 1.00000000
17114037 114.728738425926 0.0305905231528892 7.46611915114997e-05 1.00000000
17114038 114.750127314815 0.0302985220755106 7.26570067022538e-05 1.00000000
17114039 114.771481481481 0.0303829640275989 7.34625043223631e-05 1.00000000
17114040 114.792858796296 0.0301851606358788 7.30202399733615e-05 1.00000000
17114043 114.820081018519 0.0305300173610757 0.000137785864532774 1.00000000
17114044 114.826597222222 0.0310506153513154 7.10669792630538e-05 1.00000000
17114045 114.849918981481 0.0319263623600228 9.92450212578256e-05 1.00000000
17114046 114.862650462963 0.031925998563226 7.92317790309205e-05 1.00000000
17114047 114.884293981481 0.0319775347187814 8.0487434059076e-05 1.00000000
17114049 114.943090277778 0.0347996881164997 7.8415711134836e-05 1.00000000
17114050 114.965439814815 0.0343122591712845 7.57645426030242e-05 1.00000000
17114051 114.987152777778 0.034277300098449 7.85854953265018e-05 1.00000000
17115001 115.008819444444 0.0333940992328337 7.49871269567381e-05 1.00000000
17115002 115.030497685185 0.0330188158071032 7.56922171505165e-05 1.00000000
17115003 115.052268518519 0.0335729041363255 7.78329304772185e-05 1.00000000
17115004 115.073877314815 0.0335302830612703 0.000117584170995176 1.00000000
17115005 115.086446759259 0.0335528795755201 7.59101845719431e-05 1.00000000
17115007 115.109074074074 0.0332201329774139 7.58413747446879e-05 1.00000000
17115008 115.131701388889 0.0327673479548642 7.52337641688687e-05 1.00000000
17115009 115.153414351852 0.0324989037393722 7.5758587959798e-05 1.00000000
17115010 115.176157407407 0.0328688694800751 7.91306798533143e-05 1.00000000
17115012 115.201423611111 0.0322522308866414 0.000152728609960434 1.00000000
17115013 115.210671296296 0.0319671734519552 0.000133477151641317 1.00000000
17115014 115.221412037037 0.0324396486410326 0.000106999662883458 1.00000000
17115016 115.274212962963 0.0353619535967855 8.40704861491692e-05 1.00000000
17115018 115.297476851852 0.0347634564551492 7.77354177775226e-05 1.00000000
17115019 115.318657407407 0.0345540090953081 7.58813680303148e-05 1.00000000
17115021 115.343263888889 0.0346199156743331 7.88706621756974e-05 1.00000000
17115022 115.364386574074 0.0335393071941857 7.75351015641337e-05 1.00000000
17115023 115.386539351852 0.0317482114465446 0.000159543595165599 1.00000000
17115024 115.394236111111 0.0317740101980146 7.17147481800684e-05 1.00000000
17115025 115.415300925926 0.0328829220326004 7.36536625503701e-05 1.00000000
17115026 115.438668981481 0.0325551594724901 0.000179571989825738 1.00000000
17115028 115.446331018519 0.0321725091666922 7.68035652183416e-05 1.00000000
17115029 115.467372685185 0.0317709085234844 0.000601653859012988 1.00000000
17115030 115.468726851852 0.031940756521402 7.74501809807633e-05 1.00000000
17115031 115.490277777778 0.0319871469622077 7.73273979642861e-05 1.00000000
17115032 115.511608796296 0.0319599269081779 8.28228067481552e-05 1.00000000
17115033 115.533240740741 0.0319323880955257 7.63520301266736e-05 1.00000000
17115035 115.556134259259 0.0320072076383831 7.68078850568951e-05 1.00000000
17115037 115.579861111111 0.0316550538428014 7.81985417863416e-05 1.00000000
17115038 115.602326388889 0.0310954907561209 0.000314666612423334 1.00000000
17115044 115.647592592593 0.0330698613598057 7.6504851784153e-05 1.00000000
17115045 115.668819444444 0.0326132441209347 7.6789479759349e-05 1.00000000
17115046 115.690335648148 0.032007306588092 7.23476936767685e-05 1.00000000
17115047 115.711666666667 0.0313917815181481 7.33223179919103e-05 1.00000000
17115048 115.73318287037 0.0311548516810037 7.45901848912272e-05 1.00000000
17115049 115.754236111111 0.0308383384481344 7.39939121075361e-05 1.00000000
17115050 115.775856481481 0.0307096982454688 7.44267211455404e-05 1.00000000
17115051 115.797222222222 0.0305714808946228 7.1799837258204e-05 1.00000000
17115052 115.81869212963 0.0303620586157559 7.3423968502938e-05 1.00000000
17115053 115.839791666667 0.0301589577830756 7.40565309839408e-05 1.00000000
17115054 115.861215277778 0.0300011150832482 7.21399074050518e-05 1.00000000
17115056 115.883912037037 0.0300000085256948 7.17826321605087e-05 1.00000000
17115058 115.907766203704 0.0299155454935046 7.51460595052251e-05 1.00000000
17115060 115.930636574074 0.029893068284172 7.4191802990852e-05 1.00000000
17115061 115.952256944444 0.0298095823404979 7.26851650821021e-05 1.00000000
17116001 116.026064814815 0.0330523794994512 7.19295472498956e-05 1.00000000
17116002 116.048344907407 0.0326080325315179 0.00012157478990544 1.00000000
17116003 116.061076388889 0.0319207970118696 7.34623977861975e-05 1.00000000
17116004 116.082905092593 0.0313012156361144 8.06734634182098e-05 1.00000000
17116005 116.099490740741 0.0316694582095527 6.96090846601916e-05 1.00000000
17116006 116.12119212963 0.0313985784790303 6.92616097062817e-05 1.00000000
17116008 116.143981481481 0.0307385830081156 7.20558187103393e-05 1.00000000
17116009 116.165659722222 0.0306409634096279 7.20446872032373e-05 1.00000000
17116010 116.187662037037 0.0303484641474016 6.88143373816177e-05 1.00000000
17116015 116.215532407407 0.0302376998034438 7.22729381276347e-05 1.00000000
17116016 116.237615740741 0.0300934168451502 6.12109706139761e-05 1.00000000
17116017 116.264085648148 0.0299843986395987 7.27945585829169e-05 1.00000000
17116018 116.285902777778 0.0299986692401846 6.71651353412828e-05 1.00000000
17116019 116.310347222222 0.0297623380508746 8.27619101803504e-05 1.00000000
17116020 116.326828703704 0.0298030778231557 6.50301328743352e-05 1.00000000
17116021 116.353888888889 0.0298042280153583 7.24046257719211e-05 1.00000000
17116022 116.376412037037 0.0298616601064114 0.000138875561717768 1.00000000
17116042 116.637037037037 0.0332907389305405 6.704156572627e-05 1.00000000
17116044 116.661689814815 0.0320612821503898 7.01048176580913e-05 1.00000000
17116045 116.683206018519 0.0318298323007754 7.76365255558441e-05 1.00000000
17116046 116.701585648148 0.0325536436072539 7.47101637009212e-05 1.00000000
17116047 116.722916666667 0.0324375641651759 7.23634813494689e-05 1.00000000
17116048 116.744201388889 0.0323328687006217 7.30569079819747e-05 1.00000000
17116049 116.765810185185 0.0318843381578662 0.000229971488748601 1.00000000
17116050 116.772303240741 0.0318700296004381 7.56740139869067e-05 1.00000000
17116052 116.795763888889 0.0317653937094108 0.000127335290416403 1.00000000
17116053 116.808391203704 0.0314955581799259 7.59122243653325e-05 1.00000000
17116054 116.829768518519 0.0316326576942586 7.44353147388043e-05 1.00000000
17116056 116.852418981481 0.0317415160487681 0.000207170070522025 1.00000000
17116057 116.857013888889 0.0316333228743266 0.00012520457958673 1.00000000
17116058 116.866284722222 0.0317876014719035 7.58667141678643e-05 1.00000000
17116059 116.887280092593 0.0318405456142629 7.67476782770874e-05 1.00000000
17116061 116.909525462963 0.0319310488510412 7.49010737771913e-05 1.00000000
17116062 116.930671296296 0.03213557908564 7.90559704657399e-05 1.00000000
17116063 116.949490740741 0.0320742071069107 0.00028332224026142 1.00000000
17116065 116.956689814815 0.032153887959473 0.000125960844508458 1.00000000
17117003 117.009282407407 0.0351235031531989 7.72235806920541e-05 1.00000000
17117006 117.032685185185 0.0348984004723245 0.000158852863359853 1.00000000
17117007 117.039537037037 0.0346155792758051 7.80995367257125e-05 1.00000000
17117008 117.061388888889 0.0343520561207629 0.000115505192877734 1.00000000
17117010 117.075706018519 0.0336677258431267 7.69493246708357e-05 1.00000000
17117011 117.097430555556 0.0332621571252194 7.49432643705776e-05 1.00000000
17117012 117.119224537037 0.0332420008946888 7.37722881764986e-05 1.00000000
17117013 117.141099537037 0.033101993225127 7.39500547642208e-05 1.00000000
17117014 117.164074074074 0.0328968506287405 7.88645057761078e-05 1.00000000
17117015 117.187280092593 0.0327030817645802 7.2728163100427e-05 1.00000000
17117019 117.214270833333 0.0324586719361371 7.58624420916801e-05 1.00000000
17117020 117.23599537037 0.0320441016699065 6.90138800441618e-05 1.00000000
17117021 117.262233796296 0.0317125822318847 7.17116878804553e-05 1.00000000
17117023 117.285381944444 0.0317994627529145 9.02923065429648e-05 1.00000000
17117028 117.305543981481 0.0318533423793555 7.37246695839777e-05 1.00000000
17117029 117.327731481481 0.0319339566185484 0.000169938705846394 1.00000000
17117035 117.463356481481 0.0331758406005623 0.000118986808233139 1.00000000
17117036 117.472696759259 0.0327803118086539 7.20544862562657e-05 1.00000000
17117038 117.495335648148 0.0323386854591872 7.27654570970636e-05 1.00000000
17117039 117.517013888889 0.0318336369696848 7.33281294124378e-05 1.00000000
17117040 117.538206018519 0.0313848044089375 7.6522255812586e-05 1.00000000
17117041 117.560023148148 0.0313708975500803 7.27385795972277e-05 1.00000000
17117042 117.586585648148 0.0260941955457126 7.53613763230604e-05 1.00000000
17117045 117.614976851852 0.0305493936935647 7.15155827268875e-05 1.00000000
17117046 117.639537037037 0.0301212847939235 7.36670627970004e-05 1.00000000
17117047 117.661388888889 0 2.48100862815609e-05 1.00000000
17117048 117.664247685185 0.0300058477222301 8.25524262275081e-05 1.00000000
17117049 117.683263888889 0.0299002143060323 7.47786324069651e-05 1.00000000
17117050 117.704618055556 0.0295913036939427 7.22708495661932e-05 1.00000000
17117051 117.726423611111 0.0294257609521081 7.20874193291182e-05 1.00000000
17117052 117.747951388889 0.0296281184263033 9.3950345192578e-05 1.00000000
17117053 117.760891203704 0.0295259256255963 9.94244578442964e-05 1.00000000
17117054 117.771944444444 0.0292654199909323 8.86798998063807e-05 1.00000000
17117055 117.878900462963 0.0335482298087103 0.000188146031892012 1.00000000
17117057 117.886689814815 0.0333798063299121 7.26487717787377e-05 1.00000000
17117058 117.908460648148 0.0327882161693707 7.34758713133328e-05 1.00000000
17117059 117.9296875 0.0322905070429954 7.38413331035112e-05 1.00000000
17117060 117.95125 0.0318676822424146 8.49400946932465e-05 1.00000000
17117061 117.9675 0.0314867568008119 7.24386405791261e-05 1.00000000
17117063 117.99025462963 0.0311686905447385 7.11740662594411e-05 1.00000000
17118001 118.012013888889 0.0310711778784809 7.40753759281476e-05 1.00000000
17118002 118.033912037037 0.0305979398889264 7.31675020752959e-05 1.00000000
17118003 118.055648148148 0.0306088258573489 0.000113827296696444 1.00000000
17118008 118.083576388889 0.0302393919531694 6.9124253543991e-05 1.00000000
17118009 118.105439814815 0.0304429225797387 6.97928429504045e-05 1.00000000
17118010 118.127291666667 0.0302379286538119 7.1131244792121e-05 1.00000000
17118011 118.148946759259 0.0302891877212539 6.83680075980207e-05 1.00000000
17118012 118.1709375 0.030321808706204 7.16947485113889e-05 1.00000000
17118013 118.193020833333 0.0302513804559319 7.15379439242621e-05 1.00000000
17118014 118.214849537037 0.0302058516007334 7.3931427007782e-05 1.00000000
17118015 118.236631944444 0.0301113249332278 6.49210768299249e-05 1.00000000
17118016 118.265208333333 0.104361835353356 0.000618894431214986 1.00000000
17118051 119.000381944444 0.0357089219853641 7.87982836618121e-05 1.00000000
17119001 119.023541666667 0.0356182065763936 7.83486624844345e-05 1.00000000
17119002 119.045347222222 0.0349322053288739 8.3221700470827e-05 1.00000000
17119003 119.067164351852 0.0342121529220868 8.02640977821225e-05 1.00000000
17119004 119.088842592593 0.0338358248458154 7.90373752079736e-05 1.00000000
17119005 119.1109375 0.0336479605293709 7.60546774201408e-05 1.00000000
17119006 119.132638888889 0.0334243565712564 7.5013535169186e-05 1.00000000
17119007 119.156238425926 0.0331325703203696 7.57703444069701e-05 1.00000000
17119009 119.179108796296 0.0334448135719005 7.41145727803113e-05 1.00000000
17119010 119.200925925926 0.0333145835783926 0.000104769947807206 1.00000000
17119011 119.216724537037 0.0331170950781271 7.68376429550821e-05 1.00000000
17119012 119.240173611111 0.0330582602055506 7.27094127734189e-05 1.00000000
17119013 119.265821759259 0.0330769129754988 0.000280329381168146 1.00000000
17119014 119.270833333333 0.0331269138524583 7.85749152659149e-05 1.00000000
17119015 119.293275462963 0.0333187874623287 8.03538729290591e-05 1.00000000
17119016 119.314270833333 0.0334405786074402 0.000133852524654873 1.00000000
17119066 119.563125 0.032822538689334 7.47637368666892e-05 1.00000000
17119067 119.584791666667 0.0325378088832618 7.52163430730494e-05 1.00000000
17119068 119.60587962963 0.0324145638355361 7.26307068737083e-05 1.00000000
17119069 119.62818287037 0.0321587228661559 6.98328092554608e-05 1.00000000
17119072 119.652708333333 0.0318983076673777 7.62200198762935e-05 1.00000000
17119073 119.676053240741 0.031760870991884 7.53143993518726e-05 1.00000000
17119077 119.701145833333 0.0312465928034523 0.000126100008241007 1.00000000
17119078 119.7125 0.030769940976742 0.000102999320300399 1.00000000
17119092 119.76818287037 0.0322349895862292 0.00020183630437818 1.00000000
17119093 119.771678240741 0.0321935976760313 7.31310606880258e-05 1.00000000
17119094 119.793171296296 0.0315843162847391 7.44025737420882e-05 1.00000000
17119095 119.81474537037 0.0311160434084093 7.5387505882906e-05 1.00000000
17119096 119.841365740741 0.030743119375609 9.25522308408322e-05 1.00000000
17119097 119.85443287037 0.0304400334618609 7.00640504893477e-05 1.00000000
17119098 119.87599537037 0.030085236338697 6.84883478195434e-05 1.00000000
17119099 119.898263888889 0.0300048594303159 6.77970497488886e-05 1.00000000
17119100 119.919710648148 0.0297862300048659 7.22346371103231e-05 1.00000000
17119101 119.941018518519 0.0294817496723943 6.84061211359474e-05 1.00000000
17119102 119.9625 0.0293092528117385 6.70102760860252e-05 1.00000000
17119103 119.984953703704 0.0294293777487778 6.95986710338233e-05 1.00000000
17120001 120.006678240741 0.0292950713861011 6.93625387727842e-05 1.00000000
17120002 120.029375 0.0291225520026668 7.76904357785283e-05 1.00000000
17120009 120.084756944444 0.0323535878226031 6.696688035191e-05 1.00000000
17120010 120.109467592593 0.031836912892948 7.16539167309865e-05 1.00000000
17120011 120.131388888889 0.0311081210343266 6.98385784780683e-05 1.00000000
17120012 120.153171296296 0.0307730586782676 7.13499047930837e-05 1.00000000
17120013 120.175023148148 0.0303877087554322 7.26324127832584e-05 1.00000000
17120014 120.196701388889 0.0301877723172922 7.04071787362078e-05 1.00000000
17120015 120.218449074074 0.0299188381057765 6.80071442625759e-05 1.00000000
17120016 120.240740740741 0.0296011553011891 6.50953018641499e-05 1.00000000
17120017 120.26693287037 0.0294704711550092 7.3776167674988e-05 1.00000000
17120019 120.289641203704 0.0293133205217012 6.97523829810187e-05 1.00000000
17120024 120.331111111111 0.0290711538267629 0.000194716979757809 1.00000000
17120025 120.334953703704 0.0291669981607838 7.07452731582535e-05 1.00000000
17120026 120.357152777778 0.0290499558378245 0.000317417567371886 1.00000000
17120062 120.924479166667 0.0326269030723991 7.17693116264545e-05 1.00000000
17120063 120.946053240741 0.0319947909358755 7.05453989196847e-05 1.00000000
17120064 120.967650462963 0.031414517202312 6.84081753404385e-05 1.00000000
17120065 120.989456018519 0.0308882851517876 7.09670649763703e-05 1.00000000
17121001 121.011435185185 0.0303338958962518 7.16168293575952e-05 1.00000000
17121002 121.033252314815 0.0301877062205427 7.23709019785254e-05 1.00000000
17121003 121.055138888889 0.0300665688281919 0.000110133579545571 1.00000000
17121004 121.103217592593 0.032669003463947 6.64855727222625e-05 1.00000000
17121005 121.127835648148 0.0318761500804667 7.16128389977751e-05 1.00000000
17121006 121.149733796296 0.03139699722959 7.17593287840432e-05 1.00000000
17121007 121.171585648148 0.0310402580779558 0.000263110445208132 1.00000000
17121009 121.178333333333 0.0307867087531274 7.84083795193466e-05 1.00000000
17121010 121.198159722222 0.0306169876722096 0.000171846346589957 1.00000000
17121011 121.202951388889 0.0304635269354877 7.26112814884052e-05 1.00000000
17121012 121.224918981481 0.0301333843390735 6.97742712622284e-05 1.00000000
17121013 121.248888888889 0.0298827971304788 9.15738891678908e-05 1.00000000
17121016 121.301666666667 0.0325867271117757 6.98182469842087e-05 1.00000000
17121017 121.323402777778 0.0318736243886296 7.53750437363803e-05 1.00000000
17121018 121.345532407407 0.0313662815739712 7.49039725128931e-05 1.00000000
17121019 121.3671875 0.0307978370511392 7.0670043542605e-05 1.00000000
17121020 121.389328703704 0.0303928235783918 7.36655430837457e-05 1.00000000
17121021 121.410763888889 0.0301288229490624 7.3795787797848e-05 1.00000000
17121022 121.431701388889 0.0301333098629971 7.45297111410371e-05 1.00000000
17121023 121.453472222222 0.0299950315660935 8.8473015034983e-05 1.00000000
17121024 121.469502314815 0.0296677440409813 0.000132797985129946 1.00000000
17121025 121.476770833333 0.0296082024786788 6.67393192008515e-05 1.00000000
17121029 121.546168981481 0.032541864134959 7.00612049327964e-05 1.00000000
17121030 121.56818287037 0.0320419380900546 7.24412348267065e-05 1.00000000
17121031 121.590023148148 0.0314708701448609 0.000119464958183771 1.00000000
17121032 121.641944444444 0.0324230021781303 7.40597051634625e-05 1.00000000
17121033 121.663969907407 0.0318858900876665 7.53603799393458e-05 1.00000000
17121034 121.685416666667 0.0313382187029344 7.27730721036246e-05 1.00000000
17121035 121.707164351852 0.0307207206353665 7.22636046241223e-05 1.00000000
17121036 121.728356481481 0.0303091137879398 7.25545138054584e-05 1.00000000
17121037 121.749722222222 0.0300875297174568 8.92082140801055e-05 1.00000000
17121038 121.763402777778 0.029876631249122 7.07286074759512e-05 1.00000000
17121039 121.784849537037 0.0295901186440757 7.22776726061211e-05 1.00000000
17121040 121.806944444444 0.0294877969003858 7.09309041814645e-05 1.00000000
17121041 121.828171296296 0.0294903355297387 7.17589617887401e-05 1.00000000
17121042 121.849479166667 0.0294719747411873 7.3887246308234e-05 1.00000000
17121043 121.909479166667 0.0321904539067319 7.13084445506013e-05 1.00000000
17121044 121.933171296296 0.0315939437907408 7.17664918099847e-05 1.00000000
17121045 121.954791666667 0.0311622537776398 7.26871469335628e-05 1.00000000
17121046 121.976099537037 0.0308155136164101 7.2830302922552e-05 1.00000000
17121047 121.998032407407 0.0301783914206984 7.06827306523691e-05 1.00000000
17122001 122.019780092593 0.03012467456067 6.84053248026159e-05 1.00000000
17122002 122.042638888889 0.0297754114920626 7.13334034316398e-05 1.00000000
17122003 122.064456018519 0.0298685149066763 7.29598857590548e-05 1.00000000
17122004 122.086388888889 0.0295032344371242 7.33992204889604e-05 1.00000000
17122005 122.108125 0.029811163828136 7.53255397804104e-05 1.00000000
17122006 122.129895833333 0.0300952809594385 9.71498494350765e-05 1.00000000
17122039 122.868483796296 0.0328202670595076 8.81943713451195e-05 1.00000000
17122040 122.883206018519 0.032446710341427 6.68543604404218e-05 1.00000000
17122041 122.905104166667 0.0317779392338289 7.13082948154794e-05 1.00000000
17122043 122.927060185185 0.0311697691474192 7.11550610501804e-05 1.00000000
17122044 122.948125 0.0307465337589994 7.09848468939533e-05 1.00000000
17122045 122.969502314815 0.0302194943655709 7.07330204901643e-05 1.00000000
17122046 122.991215277778 0.029917899385099 7.06428753308497e-05 1.00000000
17123001 123.013101851852 0.0297341631373221 6.81670503135682e-05 1.00000000
17123002 123.036423611111 0.0296637007270838 9.52560989065967e-05 1.00000000
17123005 123.069166666667 0.02947970873448 8.02773733020433e-05 1.00000000
17123006 123.096180555556 0.029487223908312 6.98660833158467e-05 1.00000000
17123007 123.131284722222 0.0294418836112659 0.000122310706651512 1.00000000
17123008 123.175300925926 0.0324844988019354 6.80281618457505e-05 1.00000000
17123009 123.197222222222 0.0320741389226388 6.94528144369583e-05 1.00000000
17123010 123.219074074074 0.0313625937889204 6.80101553203065e-05 1.00000000
17123011 123.240891203704 0.0309421289274693 6.35875080412042e-05 1.00000000
17123012 123.266469907407 0.0304711457736691 6.25030940983085e-05 1.00000000
17123013 123.291979166667 0.0300761972860108 7.35020690842854e-05 1.00000000
17123014 123.313159722222 0.0298804951434503 6.84466981713623e-05 1.00000000
17123015 123.336875 0.0296250605629852 7.31997823904857e-05 1.00000000
17123016 123.357974537037 0.0296541904684078 7.40591672673578e-05 1.00000000
17123017 123.379282407407 0.0292712087838498 0.000332519264267426 1.00000000
17123018 123.382453703704 0.0295051692536168 7.56214437517343e-05 1.00000000
17123019 123.403981481481 0.0294712422824439 7.49976293893271e-05 1.00000000
17123020 123.42724537037 0.0294323710466757 8.50646669011195e-05 1.00000000
17123021 123.446655092593 0.0294415888804328 6.67306332473332e-05 1.00000000
17123022 123.479143518519 0.0297680633836264 0.000175732278058996 1.00000000
17123040 123.696840277778 0.0320526734611148 7.11438960640363e-05 1.00000000
17123041 123.720428240741 0.031399555725225 0.000175569009246707 1.00000000
17123042 123.724849537037 0.0312951708942952 9.79542154740048e-05 1.00000000
17123045 123.738333333333 0.0310671984016486 7.23898287463913e-05 1.00000000
17123046 123.759872685185 0.0306248964161557 7.41809775888203e-05 1.00000000
17123047 123.781689814815 0.0301941662864795 6.90227396210331e-05 1.00000000
17123048 123.802881944444 0.0299165107533462 7.13432012890408e-05 1.00000000
17123049 123.824849537037 0.0298172352079882 6.96782851886352e-05 1.00000000
17123050 123.846967592593 0.0296469088284582 7.07807379335029e-05 1.00000000
17123051 123.868888888889 0.029464975153307 7.26678009603345e-05 1.00000000
17123052 123.891064814815 0.0295535728840634 7.69258007635144e-05 1.00000000
17123053 123.946921296296 0.0324007966140921 6.87356888398872e-05 1.00000000
17123054 123.96912037037 0.0317795250469154 6.84820921863626e-05 1.00000000
17123055 123.990891203704 0.0313493144209714 6.89930413262498e-05 1.00000000
17124001 124.012743055556 0.0307439503983224 6.76388427066071e-05 1.00000000
17124002 124.034930555556 0.0304692452134956 0.000119523428362322 1.00000000
17124003 124.044675925926 0.0303902594351076 6.59175229902285e-05 1.00000000
17124004 124.066331018519 0.0301332233767597 6.81807906705024e-05 1.00000000
17124005 124.088032407407 0.0298852002707511 6.93893980450408e-05 1.00000000
17124006 124.109722222222 0.0298908960438175 0.000153952790355053 1.00000000
17124007 124.115833333333 0.0296522121641247 7.20484364825011e-05 1.00000000
17124008 124.137696759259 0.0295498212396902 7.06784812999221e-05 1.00000000
17124009 124.160081018519 0.0297435512355348 7.49706615839952e-05 1.00000000
17124010 124.181655092593 0.0298671131883011 7.76513127370363e-05 1.00000000
17124011 124.203368055556 0.0295795838498039 9.30145618097254e-05 1.00000000
17124012 124.262291666667 0.0328478751936246 6.51660704148937e-05 1.00000000
17124013 124.28505787037 0.0322753885267203 7.80079842668381e-05 1.00000000
17124014 124.301134259259 0.031752684931613 0.000221642881112085 1.00000000
17124015 124.30412037037 0.0315744457117827 6.50939017592619e-05 1.00000000
17124016 124.326365740741 0.03121936053491 6.7244266656029e-05 1.00000000
17124017 124.34875 0.0306534101624288 6.98219119075507e-05 1.00000000
17124026 124.398680555556 0.0298075676500678 0.000257028633811572 1.00000000
17124027 124.402743055556 0.0299227274746857 6.76873667488313e-05 1.00000000
17124028 124.424525462963 0.0295934927894712 7.26280862578209e-05 1.00000000
17124029 124.446296296296 0.0296030600307731 7.20448888104417e-05 1.00000000
17124030 124.468217592593 0.0295936863053558 7.37813454582326e-05 1.00000000
17124031 124.490034722222 0.0296032268304633 7.60423943030674e-05 1.00000000
17124032 124.511678240741 0.0295357890279008 7.95041085923805e-05 1.00000000
17124033 124.533599537037 0.0294756860626381 6.73263232150084e-05 1.00000000
17124034 124.564814814815 0.029534819171998 0.00011506015390205 1.00000000
17124039 124.603055555556 0.0294766102942787 9.02602964792991e-05 1.00000000
17124040 124.625127314815 0.0294130377499822 9.32587683009552e-05 1.00000000
17124041 124.647372685185 0.0293144411544723 0.000125003085797743 1.00000000
17124050 124.7378125 0.0319148285179091 9.45677467465699e-05 1.00000000
17124051 124.750462962963 0.0316992261639091 6.48778544882109e-05 1.00000000
17124052 124.772268518519 0.0312941076792141 0.000101804660298237 1.00000000
17124056 124.906666666667 0.0329581142302382 7.19822386444208e-05 1.00000000
17124057 124.927789351852 0.0321256644191992 6.98643116880449e-05 1.00000000
17124058 124.949907407407 0.0313491689044726 6.97583669563662e-05 1.00000000
17124059 124.971770833333 0.0308316331787925 7.0103994050841e-05 1.00000000
17124060 124.993530092593 0.0304756919615238 7.20971220431519e-05 1.00000000
17125001 125.01525462963 0.030108573102116 7.26534687628625e-05 1.00000000
17125002 125.036840277778 0.0298452873762687 7.17357423896069e-05 1.00000000
17125003 125.059074074074 0.0296680788679941 7.32860867631023e-05 1.00000000
17125004 125.080798611111 0.0296624626502733 7.54681462117396e-05 1.00000000
17125005 125.102546296296 0.0297302795709869 7.74357494168009e-05 1.00000000
17125006 125.124641203704 0.0295022151555549 7.98073765491325e-05 1.00000000
17125007 125.14662037037 0.0295140685777334 8.67053785519805e-05 1.00000000
17125008 125.166724537037 0.0297087489658284 9.35864183211134e-05 1.00000000
17125021 125.376400462963 0.0334600529859221 7.20296723813042e-05 1.00000000
17125022 125.398310185185 0.0326554101991761 7.11333710119335e-05 1.00000000
17125023 125.420740740741 0.0320681518151789 7.25673154750685e-05 1.00000000
17125024 125.442372685185 0.0319798820920349 7.53823829230403e-05 1.00000000
17125025 125.464201388889 0.0310459071971084 7.53108410601658e-05 1.00000000
17125026 125.486053240741 0.0307705105318701 7.38144875770951e-05 1.00000000
17125027 125.507916666667 0.0308598294434475 0.000108084240477514 1.00000000
17125030 125.531215277778 0.0304794455388876 0.00014594622178209 1.00000000
17125034 125.546875 0.0295547926756119 7.37057922990416e-05 1.00000000
17125035 125.568796296296 0.0294126084576036 0.00016227102920068 1.00000000
17125067 125.977395833333 0.0340568214942261 6.76469836303358e-05 1.00000000
17125068 125.995868055556 0.0333425582838957 7.94067474802553e-05 1.00000000
17126001 126.010810185185 0.0329105538960425 6.52801011423243e-05 1.00000000
17126002 126.032523148148 0.0321318738936536 6.66455775608384e-05 1.00000000
17126003 126.054236111111 0.0311944314109979 6.32693424318189e-05 1.00000000
17126004 126.077523148148 0.030699291290759 6.37148768333654e-05 1.00000000
17126005 126.101956018519 0.0304332574191984 7.05845932395606e-05 1.00000000
17126006 126.123611111111 0.030297373911512 7.42428455717523e-05 1.00000000
17126007 126.144016203704 0.0302454951768775 7.42428462275493e-05 1.00000000
17126008 126.165428240741 0.030041466798564 7.73497163249401e-05 1.00000000
17126009 126.188657407407 0.0302261188182961 7.71035633103613e-05 1.00000000
17126010 126.212164351852 0.030317992482397 8.23841740999928e-05 1.00000000
17126011 126.233946759259 0.0303429487577285 6.77818616777158e-05 1.00000000
17126012 126.268206018519 0.03038798770783 7.60428929304919e-05 1.00000000
17126013 126.298946759259 0.0306672356288034 9.14677282020572e-05 1.00000000
17126051 126.812962962963 0.0329958899019494 8.95020571643099e-05 1.00000000
17126052 126.829768518519 0.0324487635999018 6.86098844829154e-05 1.00000000
17126053 126.85212962963 0.0318783098052576 7.12578455095076e-05 1.00000000
17126054 126.873865740741 0.0312745097589313 7.41858342278458e-05 1.00000000
17126055 126.895613425926 0.0307212428132816 8.44142316015638e-05 1.00000000
17127006 127.104016203704 0.0330138918879038 7.67924067298684e-05 1.00000000
17127007 127.122291666667 0.0321551162216254 7.42732428833946e-05 1.00000000
17127008 127.14380787037 0.0315715164348212 7.11034410154411e-05 1.00000000
17127009 127.166064814815 0.0310498428142938 7.35041971823153e-05 1.00000000
17127010 127.188055555556 0.0304394675820464 7.60001984820506e-05 1.00000000
17127011 127.209594907407 0.0299773745292345 7.14878261513307e-05 1.00000000
17127012 127.232268518519 0.0297630213351544 7.40917503677551e-05 1.00000000
17127013 127.253761574074 0.029351998623771 7.47498327559215e-05 1.00000000
17127014 127.275162037037 0.0296597479423301 8.29488400501042e-05 1.00000000
17127015 127.303344907407 0.0293363852505665 7.33598392184444e-05 1.00000000
17127016 127.326284722222 0.0295238539580969 7.7687027517013e-05 1.00000000
17127017 127.347719907407 0.0295071425447201 7.75047956818682e-05 1.00000000
17127018 127.370798611111 0.0296815860259247 7.11646107271406e-05 1.00000000
17127025 127.491828703704 0.0331071961076968 6.94761765602185e-05 1.00000000
17127026 127.514224537037 0.0323419726147938 7.22822430565521e-05 1.00000000
17127027 127.535625 0.0316396808312658 7.1293804978962e-05 1.00000000
17127028 127.558831018519 0.0310595758991721 7.51259647913109e-05 1.00000000
17127029 127.580578703704 0.0306146547919985 6.952787792637e-05 1.00000000
17127030 127.603263888889 0.030085829542154 7.46589662522323e-05 1.00000000
17127031 127.625034722222 0.0297855029503752 6.99305981177657e-05 1.00000000
17127032 127.648888888889 0.0296839221351986 7.3073035798234e-05 1.00000000
17127033 127.670706018519 0.029492513069655 7.41432025652452e-05 1.00000000
17127034 127.692280092593 0.0295712083094105 7.59304156742368e-05 1.00000000
17127035 127.71400462963 0.0294370142556417 7.9761058948458e-05 1.00000000
17127036 127.735474537037 0.0293031523003777 8.06173721957689e-05 1.00000000
17127037 127.756967592593 0.0294834892523898 8.96903825854592e-05 1.00000000
17128001 128.037094907407 0.0326010736809863 6.87295940513423e-05 1.00000000
17128002 128.058483796296 0.0317372159657075 7.09323778261573e-05 1.00000000
17128003 128.080219907407 0.0313056999006729 9.0906648240505e-05 1.00000000
17128006 128.101956018519 0.0305124106644023 0.000100129222304708 1.00000000
17128007 128.116388888889 0.0300897426366525 7.4479399369366e-05 1.00000000
17128008 128.138090277778 0.0296634679186618 0.000116779365782047 1.00000000
17128009 128.148530092593 0.0296443085530918 7.99432736964202e-05 1.00000000
17128010 128.167060185185 0.0294268058313801 7.17516785719765e-05 1.00000000
17128011 128.188587962963 0.0292681870313204 7.30467273705365e-05 1.00000000
17128012 128.210277777778 0.029229129948839 7.50652190897994e-05 1.00000000
17128013 128.231724537037 0.0293112487235817 7.62360918866311e-05 1.00000000
17128014 128.253576388889 0.0293401761720602 7.75216164080848e-05 1.00000000
17128015 128.276273148148 0.0293572955804476 8.01573731530022e-05 1.00000000
17128016 128.298900462963 0.029465395463167 8.57083112702326e-05 1.00000000
17128017 128.320613425926 0.0296213614232605 0.000209519069396011 1.00000000
17128018 128.33806712963 0.0296595019712989 9.00808992462654e-05 1.00000000
17128019 128.35974537037 0.0295171028342909 0.000139735354191536 1.00000000
17128025 128.411643518519 0.0324649789417638 6.75219669838754e-05 1.00000000
17128026 128.432962962963 0.0317543839234722 7.032241600944e-05 1.00000000
17128027 128.454502314815 0.0310296037399282 6.72048500657663e-05 1.00000000
17128028 128.478530092593 0.0304499761066517 7.0743292513474e-05 1.00000000
17128029 128.5 0.0301212557538595 6.88755037430346e-05 1.00000000
17128030 128.521423611111 0.0297509356357667 7.28903505915956e-05 1.00000000
17128031 128.542835648148 0.0295896339872098 6.79541890369734e-05 1.00000000
17128032 128.565752314815 0.0294960026815777 7.01551079252576e-05 1.00000000
17128033 128.587233796296 0.029336256611359 7.08219782678907e-05 1.00000000
17128034 128.609305555556 0.0290214801153695 0.0001572842051729 1.00000000
17128035 128.620138888889 0.0291341269453823 7.5209954523755e-05 1.00000000
17128036 128.64150462963 0.0291572667287011 7.34889533368228e-05 1.00000000
17128037 128.665081018519 0.0292595201112477 7.058417924244e-05 1.00000000
17128040 128.733159722222 0.0323266485441786 8.64275815709156e-05 1.00000000
17128041 128.745555555556 0.0317905111063311 7.40433263674867e-05 1.00000000
17128042 128.767210648148 0.0310140584514777 7.41499822157231e-05 1.00000000
17128043 128.788935185185 0.03077991245148 0.000161194711170046 1.00000000
17128045 128.800046296296 0.0305360554788929 0.000139734199508806 1.00000000
17128046 128.807743055556 0.0303182038594429 9.5672910991551e-05 1.00000000
17128047 128.817789351852 0.0301310021150253 7.34090627180223e-05 1.00000000
17128048 128.839606481481 0.0296973058306787 7.10549400636448e-05 1.00000000
17128049 128.861458333333 0.0296346690194041 7.27499878524389e-05 1.00000000
17128050 128.883287037037 0.0294521585105358 7.14539420976844e-05 1.00000000
17128051 128.904456018519 0.0291596856549863 7.29760182456421e-05 1.00000000
17128052 128.926296296296 0.0291830005834899 7.39465014410514e-05 1.00000000
17128053 128.947916666667 0.0292238913186642 7.55267705626188e-05 1.00000000
17128054 128.969652777778 0.0292294350272059 7.89558139158342e-05 1.00000000
17128055 128.99125 0.029192650840391 8.9840716732882e-05 1.00000000
17129001 129.009652777778 0.0293493133881344 0.000154575354042352 1.00000000
17129002 129.216793981481 0.0327012032585439 9.09711442010143e-05 1.00000000
17129006 129.249085648148 0.0314047437477188 7.24780440893334e-05 1.00000000
17129007 129.270740740741 0.0308175106980046 7.32251209683695e-05 1.00000000
17129008 129.292581018519 0.0304777123874069 7.48691037652124e-05 1.00000000
17129009 129.314016203704 0.0301139419245906 7.51729015467281e-05 1.00000000
17129010 129.335763888889 0.0297972572087124 7.01160907419379e-05 1.00000000
17129011 129.35744212963 0.0296249001196157 6.43242773562818e-05 1.00000000
17129012 129.38412037037 0.0295114778329438 7.40231669992025e-05 1.00000000
17129013 129.405590277778 0.0293039048367612 7.26770573653476e-05 1.00000000
17129014 129.427280092593 0.0293795122101272 8.36752817780184e-05 1.00000000
17129016 129.447951388889 0.029154748645631 0.000153037615808703 1.00000000
17129018 129.455613425926 0.0293630480000917 0.00011276748265877 1.00000000
17129020 129.46775462963 0.0294960641931257 8.35305542902545e-05 1.00000000
17129022 129.489212962963 0.029419051418648 0.00011351217768385 1.00000000
17129032 129.701168981481 0.0324082587381426 6.98003802609071e-05 1.00000000
17129033 129.722800925926 0.0311737042042345 7.18006547020244e-05 1.00000000
17129034 129.744583333333 0.0306301353211792 7.31138181166013e-05 1.00000000
17129035 129.769201388889 0.0300956741806582 7.55241983983911e-05 1.00000000
17129036 129.790625 0.0299187355897257 7.58706082926947e-05 1.00000000
17129037 129.812094907407 0.0296939611030047 7.31834073110798e-05 1.00000000
17129038 129.833935185185 0.0294183749737595 7.01663794296801e-05 1.00000000
17129039 129.856215277778 0.0292230724089762 7.3030132538051e-05 1.00000000
17129040 129.877858796296 0.0292044911492018 7.24752188868481e-05 1.00000000
17129041 129.899537037037 0.0291291698888021 7.57188053942882e-05 1.00000000
17129042 129.921481481481 0.0290450479438429 7.55387557408707e-05 1.00000000
17129043 129.943229166667 0.0291553802591839 8.09996279031173e-05 1.00000000
17129044 129.96494212963 0.0292717232796184 7.62992746997773e-05 1.00000000
17130001 130.026875 0.0323433361963821 7.29537287641886e-05 1.00000000
17130002 130.048368055556 0.0317280463973075 7.23283735813652e-05 1.00000000
17130003 130.069918981481 0.0310495597199638 6.97192847717408e-05 1.00000000
17130004 130.091412037037 0.0305316630838226 7.19203646567364e-05 1.00000000
17130005 130.113356481481 0.0300905247847172 7.13426169812143e-05 1.00000000
17130006 130.13505787037 0.029840090315339 8.21325529375622e-05 1.00000000
17130007 130.156446759259 0.0296407009460098 0.000124325366955392 1.00000000
17130008 130.177824074074 0.0294134255882261 7.38216995516715e-05 1.00000000
17130009 130.199421296296 0.0292464731587719 7.23674277280897e-05 1.00000000
17130010 130.221331018519 0.0292301092443366 7.4384347962981e-05 1.00000000
17130011 130.243530092593 0.0291034207663349 7.51476896412867e-05 1.00000000
17130012 130.264976851852 0.0289909303801667 0.000113715865111516 1.00000000
17130013 130.279259259259 0.0316963413473878 0.000129708596349776 1.00000000
