17058002 58.0438078703704 0.0238589678629417 6.18712019650544e-05 1.00000000
17058003 58.0645717592593 0.0235076276131158 8.66391896462974e-05 1.00000000
17058004 58.0785532407407 0.0234686485962716 0.000130159819397608 1.00000000
17058005 58.085462962963 0.023122412943215 6.42649102813052e-05 1.00000000
17058006 58.1072800925926 0.0227714938801656 6.61476501219153e-05 1.00000000
17058007 58.1290625 0.0224612152835542 8.17127600127639e-05 1.00000000
17058008 58.1456018518519 0.0223648741795477 7.22801234046055e-05 1.00000000
17058009 58.1628356481482 0.0220413825490266 6.51702812358154e-05 1.00000000
17058010 58.184375 0.0219880716487863 6.41753490889666e-05 1.00000000
17058011 58.2054861111111 0.0216831287860535 6.30264192016629e-05 1.00000000
17058012 58.2270601851852 0.0215867878152515 7.06047528452428e-05 1.00000000
17058013 58.2487731481482 0.0216079344022298 6.68963683783323e-05 1.00000000
17058014 58.2704513888889 0.021433185690686 6.40069897109322e-05 1.00000000
17058015 58.2919328703704 0.0213783727842849 0.000224277360165424 1.00000000
17058025 58.4066666666667 0.0222354983419552 6.40286437512343e-05 1.00000000
17058026 58.4284606481482 0.0218161850122012 6.62789429973317e-05 1.00000000
17058028 58.4518402777778 0.0214055553987338 6.4570301417832e-05 1.00000000
17058032 58.4755439814815 0.0210978352668228 6.36522977787641e-05 1.00000000
17058033 58.4971412037037 0.0209546466646978 6.54760809408518e-05 1.00000000
17058034 58.5179282407407 0.0206363564452023 6.15984670171901e-05 1.00000000
17058035 58.5394675925926 0.020565963006019 5.99714265713069e-05 1.00000000
17058036 58.5611458333333 0.0206265644945071 5.93360488026516e-05 1.00000000
17058037 58.5828240740741 0.0205775670459342 5.79138414242661e-05 1.00000000
17058038 58.6070717592593 0.0204291806876424 6.23190328678378e-05 1.00000000
17058039 58.6276851851852 0.0204356590529263 6.52996770826812e-05 1.00000000
17058041 58.7604976851852 0.0230839624329013 7.08609974160404e-05 1.00000000
17058042 58.7769675925926 0.0227262870040737 6.08912677855097e-05 1.00000000
17058043 58.8002083333333 0.0224483071856462 6.49434978254344e-05 1.00000000
17058044 58.8217592592593 0.0225104025719782 0.000105672556873901 1.00000000
17058045 58.8322222222222 0.0217854134630921 6.67719446554034e-05 1.00000000
17058046 58.8540046296296 0.0215002037080194 6.08763405606331e-05 1.00000000
17058047 58.8787152777778 0.0211467327948873 6.4345360888239e-05 1.00000000
17058048 58.9010069444444 0.021347300722599 0.000379463733314458 1.00000000
17058049 58.9069675925926 0.0209506407691951 7.61166403018774e-05 1.00000000
17058050 58.9266319444444 0.0208733143044718 0.000176082495428549 1.00000000
17058051 58.9341550925926 0.0207887900769858 0.000151350733820897 1.00000000
17058052 58.9413773148148 0.0206041141886464 6.07426685967169e-05 1.00000000
17058053 58.9639467592593 0.0204502840013786 5.90337456147081e-05 1.00000000
17058054 58.9860648148148 0.0204976538987639 5.7782055046933e-05 1.00000000
17059001 59.007974537037 0.0204454780758788 5.95216145127852e-05 1.00000000
17059002 59.0302893518518 0.0204547227935726 7.97152736849428e-05 1.00000000
17059003 59.0502546296296 0.0203781455676697 6.0815672552355e-05 1.00000000
17059004 59.0720949074074 0.0203144472019411 8.90238822506724e-05 1.00000000
17059006 59.1431712962963 0.022738733344683 6.46810657857002e-05 1.00000000
17059007 59.1649305555556 0.0224620507343153 6.93226086172815e-05 1.00000000
17059008 59.1849652777778 0.0221394582102331 6.67079714294012e-05 1.00000000
17059009 59.2064467592593 0.0216649709551849 6.71088707552584e-05 1.00000000
17059010 59.2278935185185 0.0211728117310113 6.78355364200949e-05 1.00000000
17059011 59.2491203703704 0.0209920573468709 6.67998732301672e-05 1.00000000
17059012 59.2703819444444 0.0208345376104296 6.53051122538693e-05 1.00000000
17059013 59.2918865740741 0.0205367704519661 5.96852287546774e-05 1.00000000
17059014 59.3151041666667 0.0204299769173421 0.000107618692935731 1.00000000
17059015 59.3231597222222 0.0205024028199707 0.00038124216078093 1.00000000
17059017 59.3266898148148 0.0202415811044375 6.19800128191025e-05 1.00000000
17059018 59.3485300925926 0.0200217640372316 5.78480380906042e-05 1.00000000
17059019 59.3712152777778 0.0201221151517232 6.01179963423177e-05 1.00000000
17059021 59.3939930555556 0.0201822519528103 0.000136436802848774 1.00000000
17059026 59.626087962963 0.0227318154534735 6.62061315291782e-05 1.00000000
17059027 59.6454050925926 0.0222177204576996 0.000216023697758415 1.00000000
17059028 59.6490625 0.0223092901477612 6.28879308122008e-05 1.00000000
17059030 59.6740856481482 0.0218419964833225 5.76378700088756e-05 1.00000000
17059031 59.7025 0.0212788382601196 5.8261033990844e-05 1.00000000
17059032 59.7309606481481 0.0210964699611344 6.59846009820916e-05 1.00000000
17059033 59.7531018518518 0.0207055182245212 6.6848710421481e-05 1.00000000
17059034 59.7732523148148 0.0205648582180736 6.10547260470463e-05 1.00000000
17059035 59.7960300925926 0.0201889835157714 6.15928436859083e-05 1.00000000
17059036 59.8175578703704 0.020305914179002 6.08009095796324e-05 1.00000000
17059037 59.8395601851852 0.020201470648226 5.92382269071185e-05 1.00000000
17059038 59.8610532407407 0.0201072153780861 5.86412862032826e-05 1.00000000
17059039 59.8829976851852 0.0201763554955061 5.9283375907892e-05 1.00000000
17059040 59.905 0.0200939641143122 7.36559149910706e-05 1.00000000
17059041 59.9195138888889 0.0199536672227368 6.18687304165081e-05 1.00000000
17059042 59.9401388888889 0.0201046361018753 6.92060556762688e-05 1.00000000
17060006 60.2047337962963 0.0225075216707184 6.31256017226261e-05 1.00000000
17060007 60.2255555555556 0.0222705725325784 5.98834531319842e-05 1.00000000
17060008 60.2471875 0.0222166580996549 6.30836100896441e-05 1.00000000
17060009 60.269375 0.0218939677846245 6.6760777517776e-05 1.00000000
17060010 60.2904166666667 0.0213856920877762 6.72838456577576e-05 1.00000000
17060011 60.3116898148148 0.0210127421317166 6.5336801055361e-05 1.00000000
17060012 60.3331365740741 0.0206805566605833 6.11187633871378e-05 1.00000000
17060013 60.3571296296296 0.0209161022932718 0.000388915744461226 1.00000000
17060014 60.3585416666667 0.0205008265101933 6.55040462788748e-05 1.00000000
17060015 60.3784722222222 0.0201618847032976 6.28317360687937e-05 1.00000000
17060017 60.4043865740741 0.0201334519120926 6.10662722892005e-05 1.00000000
17060018 60.4262847222222 0.019973461012953 6.033354627523e-05 1.00000000
17060019 60.4478009259259 0.0198647667171119 7.15734537430894e-05 1.00000000
17060020 60.4641087962963 0.0200163169175712 6.1063696332316e-05 1.00000000
17060021 60.4857291666667 0.0198160063081087 6.56164720293747e-05 1.00000000
17060022 60.5042476851852 0.0199920904167652 6.16190383271905e-05 1.00000000
17060023 60.5262152777778 0.0198985956750628 0.000198587703624117 1.00000000
17060034 60.5979976851852 0.0217851862075312 6.24400210349611e-05 1.00000000
