17076042 76.8349768518518 0.0349165344722977 0.000228239561596944 1.00000000
17076044 76.8436458333333 0.0349019866041619 0.000141526265165164 1.00000000
17076045 76.8503703703704 0.0338751470177038 0.000750771935887507 1.00000000
17076046 76.8522800925926 0.0350680981069584 7.85837355931901e-05 1.00000000
17076048 76.8760069444444 0.0346018716943665 7.65739367011055e-05 1.00000000
17076049 76.8975115740741 0.0342668858553721 8.03996352158509e-05 1.00000000
17076051 76.9204398148148 0.0336518284650669 7.9641072855655e-05 1.00000000
17076052 76.9419097222222 0.0332457751159996 0.000117470641457781 1.00000000
17076053 76.9524884259259 0.0332822836484173 9.16224685706516e-05 1.00000000
17076054 76.9704282407407 0.0327929957615636 7.41550090073905e-05 1.00000000
17076055 76.9926851851852 0.0325707992270105 7.6607553394809e-05 1.00000000
17077002 77.0152893518518 0.0321462025808845 7.90307996769826e-05 1.00000000
17077004 77.0395949074074 0.0320843080204954 8.81258682549027e-05 1.00000000
17077005 77.0552083333333 0.0325297759232693 6.63224528939127e-05 1.00000000
17077006 77.0770138888889 0.0324274466767474 7.47807432385115e-05 1.00000000
17077007 77.0945717592593 0.0305704730251785 8.28284065522671e-05 1.00000000
17077008 77.1163194444444 0.0324134403810063 9.68860812138959e-05 1.00000000
17077009 77.1762037037037 0.0371152026859061 7.55344700040904e-05 1.00000000
17077010 77.2006365740741 0.037095029820397 8.10007342740614e-05 1.00000000
17077011 77.2222685185185 0.0363185425470734 8.59320073907972e-05 1.00000000
17077015 77.2483101851852 0.036569347668737 8.19586490422471e-05 1.00000000
17077016 77.2700231481481 0.035911061188085 7.9273485075414e-05 1.00000000
17077017 77.3053240740741 0.0353219350550591 0.000104028765158665 1.00000000
17077031 77.634537037037 0.0380232260619899 8.31212197572452e-05 1.00000000
17077032 77.6559837962963 0.0376036244207363 7.85497063962956e-05 1.00000000
17077033 77.678599537037 0.0367979860504182 7.8582571657108e-05 1.00000000
17077034 77.7000115740741 0.0361127534256186 8.04317579235354e-05 1.00000000
17077035 77.7217708333333 0.0359829375079924 0.000105185546394152 1.00000000
17077036 77.734537037037 0.035582151661249 0.000253048716436001 1.00000000
17077037 77.7383912037037 0.0343767878220668 0.000134602578881995 1.00000000
17077039 77.7534375 0.0343306906271218 7.53913235092059e-05 1.00000000
17077040 77.7749074074074 0.0342446416084021 9.79308157170697e-05 1.00000000
17077042 77.9223263888889 0.0372549172525886 7.80832500292913e-05 1.00000000
17077043 77.9433680555556 0.0367950461515406 8.37112503500017e-05 1.00000000
17077044 77.9646759259259 0.0362105262857536 8.43234379431732e-05 1.00000000
17077045 77.9863541666667 0.035638876287327 8.346990753053e-05 1.00000000
17078001 78.0080092592593 0.0354052818578967 8.24731221656854e-05 1.00000000
17078002 78.0299884259259 0.0348989741835023 0.000162408826282135 1.00000000
17078003 78.0390277777778 0.0344236249660647 0.000153327745768043 1.00000000
17078004 78.0458564814815 0.0310599499884182 6.85951823512732e-05 1.00000000
17078005 78.0696875 0.0344562590294847 7.76147453077026e-05 1.00000000
17078006 78.0914236111111 0.033956413183302 7.62434673077029e-05 1.00000000
17078007 78.1130439814815 0.0336213016172324 7.62217087149893e-05 1.00000000
17078008 78.1346412037037 0.0338363197029626 7.30296361437491e-05 1.00000000
17078010 78.1591087962963 0.0335125996754383 6.52179494533857e-05 1.00000000
17078011 78.1890972222222 0.0337225776508442 7.43279945394929e-05 1.00000000
17078012 78.2123842592593 0.033059063620865 7.67083040844477e-05 1.00000000
17078013 78.2340740740741 0.03321988498715 0.000109286055642628 1.00000000
17097024 97.7655555555556 0.110648474080072 0.00035295085809867 1.00000000
17097025 97.7732523148148 0.000713924232875898 0.00100712383498379 1.00000000
17097030 97.8002546296296 0.00128555083308866 0.00181396111622947 1.00000000
17097034 97.8096990740741 0.00678656429270968 0.0033123375205646 1.00000000
17097038 97.826724537037 0.0482286755869725 0.00183038856548046 1.00000000
17097039 97.8282986111111 0.0512344414267095 0.00190290126589499 1.00000000
17097042 97.8463425925926 0.0535873401290281 0.000125862897304843 1.00000000
17097046 97.8818055555555 0.0520658937917549 0.000105319049503267 1.00000000
17097047 97.9035185185185 0.0513890845089877 0.000273033983021148 1.00000000
17097048 97.9118287037037 0.0514096581736561 0.000107296507572287 1.00000000
17097049 97.9336111111111 0.0514934040239228 0.000161821375051434 1.00000000
17097050 97.9439236111111 0.0513540177793907 0.0001105609843874 1.00000000
17098002 98.0407407407407 0.0579298272296137 0.000140563733307724 1.00000000
17098003 98.061724537037 0.0556821038893919 9.87846030493622e-05 1.00000000
17098004 98.0834953703704 0.0543038962691115 0.000101085812066906 1.00000000
17098007 98.1103009259259 0.0528886546207447 0.000104660254749913 1.00000000
17098008 98.1321064814815 0.0523103866398853 0.000101161981365583 1.00000000
17098010 98.1643981481482 0.0515087827823863 0.000104772783081135 1.00000000
17098011 98.1863078703704 0.051365454816996 0.000107796222653028 1.00000000
17098012 98.2080208333333 0.0505439290082801 0.000109408354675641 1.00000000
17098013 98.2297569444444 0.0500778039750011 0.000111908752786882 1.00000000
17098014 98.2516666666667 0.0502892434577631 0.000142143889025304 1.00000000
17098015 98.2667592592592 0.0499367753111583 0.000115150817847393 1.00000000
17098016 98.2889351851852 0.0500670357097016 0.000118270496266669 1.00000000
17098017 98.313287037037 0.0494399502274551 0.000724313856492505 1.00000000
17098018 98.3273032407408 0.0502656070580774 0.000315858410710463 1.00000000
17098021 98.3347222222222 0.0495188415181457 0.000181799126645971 1.00000000
17098033 98.4403125 0.0376526336002141 0.000114636641340171 1.00000000
17098035 98.4521643518519 0.0365013387474335 7.93203255450449e-05 1.00000000
17098036 98.4742361111111 0.0358170558421088 8.30564350969478e-05 1.00000000
17098037 98.4959953703704 0.0346115736219742 8.3788446600085e-05 1.00000000
17098038 98.5179166666667 0.0342336131149087 8.29652345977411e-05 1.00000000
17098039 98.5396759259259 0.033993711528596 8.32141720550082e-05 1.00000000
17098040 98.5615856481481 0.0335128916843769 8.29224412183865e-05 1.00000000
17098043 98.5879166666667 0.032882936161856 9.93383668115032e-05 1.00000000
17098045 98.6080208333333 0.0330222760622989 8.53602223655297e-05 1.00000000
17098046 98.6300925925926 0.0329089567298249 8.65833666076115e-05 1.00000000
17098047 98.6538773148148 0.0330258359944531 9.0982155036751e-05 1.00000000
17098048 98.6756018518519 0.0338552106589249 0.000126445847105854 1.00000000
17098050 98.6904861111111 0.0321392132670716 0.000475089165990839 1.00000000
17098057 98.8023958333333 0.0368579854147348 0.000217912633917012 1.00000000
17098058 98.8051851851852 0.0365818676306748 0.000280687525338967 1.00000000
17098059 98.8078703703704 0.0366288295687777 7.72454645401264e-05 1.00000000
17098060 98.8295601851852 0.0359483200107747 7.63720075077966e-05 1.00000000
17098061 98.8515509259259 0.0351704319881579 7.37094660651655e-05 1.00000000
17098062 98.8733680555555 0.0348910502712333 0.000112368380612623 1.00000000
17098063 98.8875694444445 0.0345622558007034 7.28673977641172e-05 1.00000000
17098064 98.9092592592593 0.0340190380271356 7.58529302061919e-05 1.00000000
17098065 98.931412037037 0.0337011445185492 7.6230909173842e-05 1.00000000
17098066 98.9530671296296 0.0333330128371423 7.83371178143709e-05 1.00000000
17098067 98.9740625 0.0329684282272494 7.32401381401826e-05 1.00000000
17098068 98.9960416666667 0.0329077385770209 7.63703199495392e-05 1.00000000
17099001 99.0177777777778 0.032835173335454 7.59477348321979e-05 1.00000000
17099002 99.0393865740741 0.0328495021414638 7.6915848566018e-05 1.00000000
17099004 99.0671180555556 0.0327609802329168 7.72587249831166e-05 1.00000000
17099005 99.089212962963 0.0327682128584403 7.57773609652332e-05 1.00000000
17099006 99.1120023148148 0.0328096752817265 8.02968324736412e-05 1.00000000
17099007 99.1338888888889 0.0327314485591648 0.000101312640413552 1.00000000
17099010 99.2425578703704 0.0363889060016928 7.78516672207493e-05 1.00000000
17099011 99.2633680555555 0.0359090399764738 8.10932629325493e-05 1.00000000
17099012 99.2852083333333 0.0352680318757544 8.10229505120893e-05 1.00000000
17099013 99.3071643518519 0.0345371105466508 7.86411972499613e-05 1.00000000
17099014 99.3292824074074 0.033983923255028 7.52588280716515e-05 1.00000000
17099015 99.3511111111111 0.0338358414120143 7.36193870911336e-05 1.00000000
17099016 99.3734027777778 0.0335342934520301 7.73875163436969e-05 1.00000000
17099017 99.3951851851852 0.033242031856863 7.18581538978548e-05 1.00000000
17099018 99.4177199074074 0.0330880900184692 7.57683807982857e-05 1.00000000
17099019 99.4396064814815 0.0329182913178469 7.38473323962656e-05 1.00000000
17099020 99.4614814814815 0.0326569324566852 7.45316373118941e-05 1.00000000
17099021 99.4847685185185 0.0324749102383549 7.34474997485111e-05 1.00000000
17099022 99.5090046296296 0.032609005900742 7.79953011110602e-05 1.00000000
17099023 99.5308101851852 0.0323919255450158 7.69169201637028e-05 1.00000000
17099024 99.5527777777778 0.0323462646812139 8.59518661712009e-05 1.00000000
17099030 99.6923263888889 0.0358115196656386 0.000401320338445555 1.00000000
17099031 99.6941898148148 0.0357598915421879 0.000203246234769848 1.00000000
17099032 99.7026157407407 0.036199233418651 0.000451105553179143 1.00000000
17099033 99.706099537037 0.0356428374177204 7.67104888042488e-05 1.00000000
17099034 99.7279282407408 0.0349952490486032 8.05713098880681e-05 1.00000000
17099035 99.8397337962963 0.0358394615147877 8.02173213612222e-05 1.00000000
17099036 99.8614351851852 0.0357320923806696 7.5252162860073e-05 1.00000000
17099038 99.8833912037037 0.0349458421474351 7.78254485712185e-05 1.00000000
17099039 99.9051388888889 0.0345356313093987 7.62435262400234e-05 1.00000000
17099040 99.9267708333333 0.0342497636951047 7.81507542235007e-05 1.00000000
17099041 99.9481018518518 0.0340905561449701 7.85155290557225e-05 1.00000000
17099042 99.969837962963 0.0336004330098016 7.99818511879119e-05 1.00000000
17099043 99.9946180555556 0.0332667191840424 7.45109352597154e-05 1.00000000
17100001 100.016388888889 0.033098408356667 7.2123352238306e-05 1.00000000
17100002 100.038171296296 0.0330088893065803 7.71603769836927e-05 1.00000000
17100003 100.059930555556 0.0328985655409142 7.67693500536268e-05 1.00000000
17100004 100.081608796296 0.0329342662184799 7.58607772044357e-05 1.00000000
17100005 100.103831018519 0.0327564148868493 7.92122534593353e-05 1.00000000
17100006 100.125601851852 0.0325669643369859 7.87274630069077e-05 1.00000000
17100007 100.147430555556 0.0326171339639046 9.58767613777632e-05 1.00000000
17100008 100.229039351852 0.0360222673940914 0.000135994988775509 1.00000000
17100009 100.241041666667 0.035570278532992 7.65180055696546e-05 1.00000000
17100010 100.262708333333 0.0352085441241977 7.72054497484769e-05 1.00000000
17100011 100.285578703704 0.0347471245076628 7.7865523163894e-05 1.00000000
17100012 100.307418981481 0.0341251270818635 7.3832063808433e-05 1.00000000
17100013 100.329548611111 0.0340140355822506 7.76535067654587e-05 1.00000000
17100014 100.351331018519 0.033826408858784 7.83835816729299e-05 1.00000000
17100015 100.373912037037 0.033530455618371 7.82163018598559e-05 1.00000000
17100016 100.395474537037 0.0333365815981209 7.59212813724053e-05 1.00000000
17100017 100.417314814815 0.033082242923005 8.10351818219161e-05 1.00000000
17100018 100.438587962963 0.0328198494706563 7.89483419228853e-05 1.00000000
17100019 100.460289351852 0.032662843504223 8.11117235501649e-05 1.00000000
17100020 100.481967592593 0.0328353033746131 8.18017825117128e-05 1.00000000
17100021 100.503796296296 0.032852546455221 8.40596983190597e-05 1.00000000
17100022 100.525520833333 0.0328561544573443 9.42405222653626e-05 1.00000000
17100024 100.549490740741 0.0325834784922469 8.54253723954514e-05 1.00000000
