17038050 38.5090856481482 0.0416322003262065 0.000114992962327346 1.48159051
17038051 38.5237731481481 0.0409841657846541 0.000315985347173242 1.33028495
17038052 38.5264699074074 0.0414900117381441 0.000126153150160868 1.05450761
17038053 38.5402546296296 0.0414349959392472 0.000275844920966981 1.24508750
17038054 38.5624305555556 0.0415526234206799 0.000228022055016007 1.00000000
17038055 38.5684143518518 0.04094053187448 0.00021625370781268 1.00000000
17038063 38.6804166666667 0.0425845911709122 0.000123800863125046 1.79515052
17038065 38.7004050925926 0.0417762103691501 0.00022103519890459 1.45339847
17038067 38.7097800925926 0.0414607497410349 0.000118023062093532 1.42539322
17038068 38.7297685185185 0.040923493263442 0.000310678813397839 1.13918304
17038073 38.7541435185185 0.0404334828718568 0.000130309354182054 1.02570450
17038081 38.8842939814815 0.0465335200874428 0.0010793672696183 3.08777475
17038082 38.8860416666667 0.0491114555074625 0.000847431349114449 2.82000113
17038086 38.8992824074074 0.0418755234542003 0.000177054918415399 2.03233838
17038088 38.9116550925926 0.0420619714351549 0.000133324626446953 1.53950977
17038089 38.9223032407407 0.0411463004864871 0.000284469335869352 1.63460565
17038090 38.9265393518519 0.0410603725772156 0.000116112220861089 1.33059371
17038091 38.9497916666667 0.0406774751745917 0.000132665065408569 1.31086707
17038094 38.9689467592593 0.0406332886101307 0.000190124546212897 1.14001608
17039006 39.0505439814815 0.043163040694265 0.000416075429553998 2.46068621
17039007 39.0544444444444 0.0421068929860759 9.83279739177235e-05 2.32593393
17039008 39.0719907407407 0.0414218357494584 0.000123288950811286 1.67189980
17039009 39.0883101851852 0.040899282605274 0.00013080956772103 1.50974119
17039010 39.1039236111111 0.0407289546084888 0.000136445088153672 1.27228165
17039011 39.1191898148148 0.0404940288463563 0.00014120899355775 1.14025164
17039012 39.1337731481481 0.0401086701257693 0.000185358370538204 1.00000000
17039016 39.2249652777778 0.0426071078762492 8.74226230986074e-05 2.48021078
17039017 39.2430902777778 0.0423916445685083 0.000125227270688081 1.87043631
17039018 39.259212962963 0.0415133433642667 0.000129730224343241 1.51995873
17039019 39.2747685185185 0.0409979978107223 0.000134118634811845 1.23468387
17039020 39.290625 0.0407699510253313 0.000139234103122349 1.30120146
17039021 39.3055671296296 0.0406212377166022 0.000149386437283203 1.03522885
17039022 39.3193055555556 0.0405873852681774 0.000137391240945299 1.38669014
17039023 39.3349884259259 0.0400869884308858 0.000148483159625955 1.09267855
17039028 39.4602893518518 0.0417441089565467 0.000116916535129164 2.69638634
17039029 39.4746990740741 0.0418665650305912 0.000142597336038267 1.80491889
17039030 39.4826851851852 0.0411207947588387 0.000127424606964224 1.64358437
17039031 39.4979050925926 0.040901399390552 0.000236624073441608 1.62409961
17039041 39.5170717592593 0.0399843224730482 0.000142775904929715 1.33910680
17039042 39.5304861111111 0.0402034761559159 0.00111968116854764 1.29235101
17039043 39.5317708333333 0.0394953860791913 0.000305215295930321 1.17746460
