17042074 42.7657060185185 0.0240310316626935 9.39767977045796e-05 1.00000000
17042075 42.7790509259259 0.0239190246316689 8.56715247955822e-05 1.00000000
17042076 42.790775462963 0.0235000026386535 6.99168100634015e-05 1.00000000
17042077 42.8077314814815 0.0233434199766187 7.14271747155445e-05 1.00000000
17042078 42.8245023148148 0.0230009427872587 7.03595651051772e-05 1.00000000
17042079 42.8434953703704 0.0228598498592056 7.05393216552792e-05 1.00000000
17042080 42.8613888888889 0.022655336816909 7.07712876495521e-05 1.00000000
17042081 42.8791319444444 0.022474477909346 7.32636191985789e-05 1.00000000
17042082 42.8970717592593 0.022651706705889 8.51313053048397e-05 1.00000000
17042083 42.9112962962963 0.0222254872344326 7.23127377500897e-05 1.00000000
17042084 42.9303935185185 0.0221952988032943 7.0113299260728e-05 1.00000000
17042085 42.9495486111111 0.0222749756512608 7.36872208209771e-05 1.00000000
17043001 43.0281018518519 0.0238006089565736 5.91322029854848e-05 1.00000000
17043002 43.0498263888889 0.0236697495829421 7.00602263201588e-05 1.00000000
17043003 43.0682060185185 0.0230826076219803 6.18579878334183e-05 1.00000000
17043004 43.0897916666667 0.0225613272238898 6.42035787582856e-05 1.00000000
17043005 43.1120601851852 0.0222348226829728 6.31214598762268e-05 1.00000000
17043006 43.133912037037 0.0222121513144267 0.000126614285740577 1.00000000
17043007 43.1408912037037 0.0221831900571184 7.78555779942098e-05 1.00000000
17043008 43.160162037037 0.0220590141787143 7.56264064797149e-05 1.00000000
17043009 43.1808680555555 0.0220896841621699 6.64059206792673e-05 1.00000000
17043010 43.2086458333333 0.0221699179941958 7.31440561201541e-05 1.00000000
17043015 43.3161689814815 0.0236175526336396 6.29466522912415e-05 1.00000000
17043016 43.3357986111111 0.0232783335141674 6.12782364444992e-05 1.00000000
17043018 43.3608101851852 0.0227429364409455 5.02478379361043e-05 1.00000000
17043019 43.3931365740741 0.0223364171646216 5.84251232997802e-05 1.00000000
17043020 43.4224305555556 0.0221076535565792 8.73534814871522e-05 1.00000000
17043021 43.4398148148148 0.0220813129265397 8.02353362838437e-05 1.00000000
17043044 43.6908101851852 0.0238914306063255 0.000164928782873582 1.00000000
17043045 43.6950578703704 0.0240404054926534 6.70942963850452e-05 1.00000000
17043046 43.7133564814815 0.0232144120094999 7.18817356105517e-05 1.00000000
17043047 43.7330092592593 0.0227397685734312 7.08768111618104e-05 1.00000000
17043048 43.7541550925926 0.0224102799470905 7.77793677818369e-05 1.00000000
17043049 43.7738078703704 0.0220930549780691 0.000298595984311868 1.00000000
17043050 43.7779050925926 0.0223279749932204 0.000288913558792433 1.00000000
17043051 43.7800231481481 0.0218237428013137 7.49497172733933e-05 1.00000000
17043052 43.7976041666667 0.0218930619552796 7.82026569980372e-05 1.00000000
17043053 43.8156365740741 0.02237538485497 8.64989525533593e-05 1.00000000
17043054 43.834849537037 0.0215570956605275 8.20018037162175e-05 1.00000000
17043055 43.8551736111111 0.0215527682357064 8.41527804231635e-05 1.00000000
17043056 43.8746064814815 0.0213958636769221 7.92722278083566e-05 1.00000000
17043057 43.8958796296296 0.0213483976364326 0.000261717953348266 1.00000000
17043060 43.9328240740741 0.0240627482516115 7.50892730199907e-05 1.00000000
17043061 43.948900462963 0.0238496169641973 7.42955527990521e-05 1.00000000
17043063 43.9698958333333 0.0234573359716274 7.51381433087473e-05 1.00000000
17043064 43.9884143518519 0.0228268075457739 7.62866234624724e-05 1.00000000
17044001 44.0057060185185 0.0224830046492459 9.87759863899066e-05 1.00000000
17044002 44.0189351851852 0.0222825877842409 7.6536209841441e-05 1.00000000
17044003 44.0377314814815 0.0220375342092885 6.82377472825731e-05 1.00000000
17044004 44.0597337962963 0.0218912578753416 6.91493170810302e-05 1.00000000
17044009 44.2030439814815 0.0237501700233686 6.81724342254661e-05 1.00000000
17044010 44.2202199074074 0.0234325812753333 6.49574906894835e-05 1.00000000
17044011 44.2422106481482 0.0231658295992082 0.000118327484781744 1.00000000
17044012 44.2495601851852 0.0231050927652876 0.000191346220817227 1.00000000
17044023 44.5970717592593 0.0236065170125377 8.99259048545056e-05 1.00000000
17044024 44.6086458333333 0.0234467202719829 8.15679103736724e-05 1.00000000
17044025 44.6229398148148 0.0230249181229496 8.37468909409049e-05 1.00000000
17044026 44.6376157407407 0.0226055624662609 6.18603273235384e-05 1.00000000
17044027 44.6653935185185 0.0222084093888327 6.33120846814081e-05 1.00000000
17044028 44.6905671296296 0.0219988662545081 6.16761010856481e-05 1.00000000
17044029 44.7160069444444 0.0217524048387908 6.78951355736861e-05 1.00000000
17044030 44.739375 0.0219162762269757 6.45575347673468e-05 1.00000000
17044031 44.7664467592593 0.0216492235953588 0.000143249792488748 1.00000000
17044032 44.7721064814815 0.0216363548191786 7.1342098834945e-05 1.00000000
17044033 44.7946875 0.0217479678904717 6.54329493441031e-05 1.00000000
17044034 44.823599537037 0.0217401683554575 6.5458920788785e-05 1.00000000
17044035 44.8525578703704 0.0214982321806905 6.43054843907546e-05 1.00000000
17044036 44.8818981481481 0.021667895998665 0.000154096763312458 1.00000000
17044039 44.9254282407407 0.0232617884587295 0.000218380355113459 1.00000000
17044040 44.929537037037 0.0231161702178308 6.97137201166733e-05 1.00000000
17044041 44.9482291666667 0.0229469426508806 6.58921252508431e-05 1.00000000
17044042 44.9714236111111 0.0225611833706973 6.23822135951753e-05 1.00000000
17044043 44.9976388888889 0.0223072893324032 7.28261299662812e-05 1.00000000
17045001 45.0176157407407 0.0221931751108709 6.81453637667419e-05 1.00000000
17045002 45.039375 0.0221064947004563 6.67693701076544e-05 1.00000000
17045003 45.0620486111111 0.0219205090418229 6.91313843135417e-05 1.00000000
17045004 45.0841898148148 0.0219645433893693 6.8635548877812e-05 1.00000000
17045005 45.1068287037037 0.0219860782988806 7.01465566567484e-05 1.00000000
17045006 45.1299537037037 0.0218815744305636 0.000124834949914297 1.00000000
17045007 45.1401736111111 0.022311489469114 7.63720811430971e-05 1.00000000
17045008 45.1620486111111 0.0222406410125013 7.93073133382901e-05 1.00000000
17045009 45.1839236111111 0.0223477777094393 8.18469009051354e-05 1.00000000
17045010 45.206712962963 0.0224101003270582 0.000181310471103762 1.00000000
17045039 45.8744328703704 0.0236990747064302 6.290204840381e-05 1.00000000
17045040 45.8992013888889 0.0239171193949024 6.57098122809767e-05 1.00000000
17045041 45.9259375 0.0234642505841057 9.11039019554888e-05 1.00000000
17045043 45.941400462963 0.0234589899464461 0.000114835815923892 1.00000000
17045044 45.9488078703704 0.0231864285502078 6.69736043038367e-05 1.00000000
17045045 45.9753819444445 0.0224450597186839 6.87745399235019e-05 1.00000000
17045046 46.000474537037 0.0220725940446169 7.72488953665338e-05 1.00000000
17046001 46.0189236111111 0.0221768709379394 6.94263475575457e-05 1.00000000
17046002 46.0408101851852 0.0221564372367125 7.06008103829356e-05 1.00000000
17046004 46.0649537037037 0.0221361835205948 7.35014623145828e-05 1.00000000
17046005 46.0869791666667 0.0221035606253367 8.7252894681032e-05 1.00000000
17046006 46.1036342592593 0.0219178989455582 0.000236840952132428 1.00000000
17046007 46.1065046296296 0.0221200223718973 0.000132409954142141 1.00000000
17046008 46.1163194444444 0.0221923579040142 0.000124880271341997 1.00000000
17046009 46.1992939814815 0.0231568525476837 6.36051674497067e-05 1.00000000
17046010 46.2203125 0.0228388134233386 6.54727917656017e-05 1.00000000
17046011 46.2420023148148 0.0224205597983563 6.51383978953603e-05 1.00000000
17046012 46.2635185185185 0.0222239982615514 6.44983536423335e-05 1.00000000
17046013 46.2856944444444 0.0222022540861025 6.56443830915145e-05 1.00000000
17046014 46.3077662037037 0.0220345370703948 6.60772699508214e-05 1.00000000
17046015 46.3313541666667 0.0218802787827258 6.20444191014641e-05 1.00000000
17046016 46.3589699074074 0.0219818455401313 9.82185124705965e-05 1.00000000
17046017 46.3720601851852 0.0219395225666817 0.00010538180312557 1.00000000
17046022 46.523587962963 0.0233024655171837 5.98710907177906e-05 1.00000000
17046023 46.5552777777778 0.022654369584951 7.48644184973636e-05 1.00000000
17046029 46.6625 0.0230304589653125 6.22545318499449e-05 1.00000000
17046030 46.6885416666667 0.0224758901397992 6.41800199548824e-05 1.00000000
17046031 46.7132060185185 0.0219884065527099 6.77848331664848e-05 1.00000000
17046032 46.737349537037 0.0216307316463036 6.07637241577057e-05 1.00000000
17046033 46.7631597222222 0.0215900173921677 6.53521925482091e-05 1.00000000
17046034 46.7874189814815 0.0213700160569117 6.46613116816086e-05 1.00000000
17046035 46.8186574074074 0.0211067426986507 0.000104280452787395 1.00000000
17046036 46.8311111111111 0.0212263036886901 9.36083483723472e-05 1.00000000
17046037 46.8453356481482 0.0211042969912267 6.93649275409989e-05 1.00000000
17046039 46.8691550925926 0.0211097120598737 7.5994978247548e-05 1.00000000
17046040 46.8904861111111 0.0212492187571543 0.000134315319727762 1.00000000
17046043 46.9390740740741 0.0234482526464021 0.000108379056810251 1.00000000
17046044 46.9452430555556 0.0233220992653306 0.000116823177086464 1.00000000
17046045 46.955462962963 0.0233412990376812 0.000125686270869041 1.00000000
17046046 46.9658680555556 0.0230290682561375 0.000107526406384887 1.00000000
17046047 46.9772106481481 0.0224951814044428 6.63054145419885e-05 1.00000000
17047001 47.0049074074074 0.0221035927289573 8.58702966478903e-05 1.00000000
17047002 47.0198611111111 0.0216643896497005 7.02416926910909e-05 1.00000000
17047003 47.041412037037 0.0217676230439323 0.000136757503248312 1.00000000
17047004 47.0479398148148 0.0216706804417884 7.09946810012553e-05 1.00000000
17047005 47.0694328703704 0.0214321709870836 0.000116416763721122 1.00000000
17047010 47.0865509259259 0.0217239841515026 0.000118720035234235 1.00000000
17047011 47.0948263888889 0.0214739020932334 7.23982626286309e-05 1.00000000
17047012 47.1168402777778 0.0216408300302648 7.38366938377027e-05 1.00000000
17047013 47.1384490740741 0.0216213803991677 0.00010593297258175 1.00000000
17047014 47.1499537037037 0.0216167496440418 7.69337850623545e-05 1.00000000
17047015 47.1716435185185 0.0219041333947512 7.87901525030603e-05 1.00000000
17047016 47.1929861111111 0.0218235241293963 0.000149891027287589 1.00000000
17047017 47.2021990740741 0.0216765847015594 7.96772445738459e-05 1.00000000
17047019 47.2625115740741 0.0231119677678747 7.23657282174193e-05 1.00000000
17047020 47.2841087962963 0.022839085577265 6.90863125009413e-05 1.00000000
17047021 47.3055787037037 0.0224007804118765 6.92849295348439e-05 1.00000000
17047022 47.3276967592593 0.0218943420789976 7.14380992651808e-05 1.00000000
17047023 47.350462962963 0.0215583126766115 0.000114215543572669 1.00000000
17047024 47.3611805555556 0.0215800182619795 0.00020629326344155 1.00000000
17047040 47.540775462963 0.0239079287669194 6.3767534812194e-05 1.00000000
17047041 47.5655671296296 0.0239234740283402 6.78750362688153e-05 1.00000000
17047042 47.5882407407407 0.0233996999402515 7.20808056945916e-05 1.00000000
17047043 47.6104398148148 0.0228277980061524 7.84427476095446e-05 1.00000000
17047044 47.643587962963 0.0222603243078567 7.51368123366064e-05 1.00000000
17047045 47.6612731481482 0.0223741157529147 6.76196914354717e-05 1.00000000
17047046 47.6829976851852 0.0223462504169817 9.99805942360166e-05 1.00000000
17047047 47.6943518518518 0.0224523160086306 0.000110619835111759 1.00000000
17047048 47.7029282407407 0.0221967732093023 0.000103686821313467 1.00000000
17047049 47.7136226851852 0.022120227236369 6.61653637129468e-05 1.00000000
17047050 47.7382407407407 0.0221271787586885 7.44923072800881e-05 1.00000000
17047051 47.7602777777778 0.0218500430040423 8.66073752327438e-05 1.00000000
17047052 47.7762847222222 0.0218357791210257 7.42056858664583e-05 1.00000000
17047053 47.7981597222222 0.0219257447560797 0.00010367482138556 1.00000000
17048001 48.0234837962963 0.0245344323728403 0.000107604739801699 1.00000000
17048002 48.0361226851852 0.0245164150485364 7.01122800587216e-05 1.00000000
17048003 48.0561342592593 0.0243956693591493 8.39476431777284e-05 1.00000000
17048004 48.0779282407407 0.0237115966864461 7.04791423093358e-05 1.00000000
17048005 48.100162037037 0.0232113793083247 6.69579190579891e-05 1.00000000
17048006 48.1216550925926 0.0232416080439649 6.84206399325439e-05 1.00000000
17048007 48.1438773148148 0.0226782617926109 7.19104001628761e-05 1.00000000
17048008 48.1657291666667 0.0223795626951726 7.43852329834265e-05 1.00000000
17048009 48.1854976851852 0.0225233635317711 6.80300468712646e-05 1.00000000
17048010 48.2074537037037 0.0223349796059416 7.1462591354266e-05 1.00000000
17048011 48.2297569444445 0.0224182594206946 7.54562480366311e-05 1.00000000
17048012 48.2512615740741 0.0222009916363815 7.44844839834389e-05 1.00000000
17048013 48.2729166666667 0.0218975715376277 7.61419123345978e-05 1.00000000
17048014 48.2944560185185 0.0222699747790283 8.28055829998134e-05 1.00000000
17049005 49.072650462963 0.00204188824777906 0.00018162120538171 1.00000000
17049007 49.0798958333333 0.0223746210098672 6.79478421273416e-05 1.00000000
17049008 49.1007407407407 0.0223351676505054 0.00017696857680202 1.00000000
17049013 49.1225925925926 0.0244017199892026 6.69634126620226e-05 1.00000000
17049014 49.1448263888889 0.0242877454255479 7.51253639492444e-05 1.00000000
17049015 49.2046759259259 0.0250259420745989 0.00034476308554305 1.00000000
17049016 49.2065393518519 24.8634174346839 2.45043805696636e-07 1.00000000
17049017 49.2287268518519 19.9293521220172 5.61010435721048e-07 1.00000000
17049018 49.2511805555555 20.2757890429438 5.68035697733758e-07 1.00000000
17049019 49.2728703703704 27.130851297804 2.77312571112495e-07 1.00000000
17049020 49.294525462963 26.6711271233639 3.03700591078342e-07 1.00000000
17049021 49.3150694444444 20.1540750952879 5.40464221736051e-07 1.00000000
17049022 49.3367708333333 15.8887276684195 1.58887159314218e-06 1.00000000
17049023 49.3564467592593 25.3099705320231 3.20368007873683e-07 1.00000000
17049024 49.3788078703704 25.6576423483454 3.2310443724481e-07 1.00000000
17049025 49.4004282407407 25.5077184793186 5.0431797799187e-07 1.00000000
17049026 49.4134953703704 13.0300808492725 7.72153635221867e-06 1.00000000
17049027 49.4184375 17.616306188412 9.35288428983349e-07 1.00000000
17049028 49.4400810185185 17.5590425825797 2.34575878485856e-06 1.00000000
17049029 49.4479976851852 0.0229227999475333 0.00152514358058352 1.00000000
17049044 49.5904166666667 0.0261216122190728 4.8299074825824e-05 1.00000000
17049045 49.6129166666667 0.0254813124324408 5.61797761877646e-05 1.00000000
17049046 49.6347569444444 0.0249477273978164 6.01487167448369e-05 1.00000000
17049047 49.656400462963 0.0243638706897675 5.97380812598729e-05 1.00000000
17049051 49.6853703703704 0.024021098691768 6.64198487556089e-05 1.00000000
17049052 49.7057638888889 0.0239789730339121 7.08767536725909e-05 1.00000000
17049053 49.7253935185185 0.0234771561297124 0.000125638747520178 1.00000000
17049054 49.7339583333333 0.0237547989105948 7.17199135910012e-05 1.00000000
17049055 49.7528819444444 0.0235045718607351 6.51550931544005e-05 1.00000000
17049056 49.7750115740741 0.023285249015229 6.32057119730024e-05 1.00000000
17049057 49.7983680555555 0.0232368044740063 6.29215360913225e-05 1.00000000
17049058 49.8233564814815 0.12251364780271 0.000579669027016449 1.00000000
17049059 49.8349884259259 0.0230279707660709 7.49491447770601e-05 1.00000000
17049060 49.8542824074074 0.0230793249565748 7.5439004187311e-05 1.00000000
17049061 49.8736111111111 0.0231161167456072 8.42857388930122e-05 1.00000000
17049066 49.9548958333333 0.0235246711475396 5.74698900104591e-05 1.00000000
17049067 49.9766782407407 0.0238246108121436 6.07576736267745e-05 1.00000000
17049068 49.9982407407407 0.0236162234765513 6.35776048018708e-05 1.00000000
17050001 50.0193055555556 0.0228952261665521 6.31730268369598e-05 1.00000000
17050002 50.0408680555556 0.0237932891031261 6.33309776307267e-05 1.00000000
17050003 50.0628125 0.0253378698837445 6.43336177207648e-05 1.00000000
17050004 50.0844675925926 0.0253102841087889 6.43250442717851e-05 1.00000000
17050005 50.1058449074074 0.0252398799909335 6.36198854480899e-05 1.00000000
17050006 50.1281365740741 0.0251200305113724 6.68157762004849e-05 1.00000000
17050007 50.1500115740741 0.0245886306297136 6.80046489244354e-05 1.00000000
17050008 50.1716782407407 0.0231846191727649 6.78000544676402e-05 1.00000000
17050009 50.1931712962963 0.0219944020127766 6.82703206467178e-05 1.00000000
17050010 50.2144560185185 0.0219593496025393 7.63528739395338e-05 1.00000000
17050013 50.3762962962963 0.0238689331793075 8.01733434870474e-05 1.00000000
17050014 50.3921412037037 0.0238779718870693 6.27261621661433e-05 1.00000000
17050015 50.4137268518519 0.0231215998151171 6.43995831144067e-05 1.00000000
17050016 50.4350925925926 0.0227780876679879 6.17176763014437e-05 1.00000000
17050024 50.4684143518519 0.0224506121271842 5.8249452076542e-05 1.00000000
17050025 50.4912037037037 0.0225631731308098 6.07430770234708e-05 1.00000000
17050026 50.5137268518518 0.0223736926821539 6.38536216402581e-05 1.00000000
17050027 50.5358796296296 0.0223393586320734 6.64021554935432e-05 1.00000000
17050028 50.5573842592593 0.0221758759160331 7.26139370729261e-05 1.00000000
17050030 50.6653240740741 0.0246336040323787 6.02453220019168e-05 1.00000000
17050031 50.6854861111111 0.024148058973958 5.49415932486941e-05 1.00000000
17050032 50.7128935185185 0.0235445940458686 5.92526161726981e-05 1.00000000
17050033 50.7408449074074 0.0230891559695249 0.000139928751830524 1.00000000
17050034 50.7475115740741 0.0229727800191703 6.00305813502129e-05 1.00000000
17050035 50.776087962963 0.0225759376281887 5.6136953989002e-05 1.00000000
17050036 50.8047569444444 0.0222074106697303 0.000185612090047892 1.00000000
17050037 50.8115162037037 0.0223616738292203 5.51133187064e-05 1.00000000
17050038 50.8393981481481 0.0222485389449114 5.55977473661538e-05 1.00000000
17050039 50.8657291666667 0.0219516286749827 5.21379537899901e-05 1.00000000
17050040 50.8940046296296 0.0219197402793801 5.73873112123236e-05 1.00000000
17050041 50.9195486111111 0.0220169455787526 4.86636194547351e-05 1.00000000
17050047 50.9912731481481 0.0248670167279588 0.000106204030959829 1.00000000
17050048 50.9986226851852 0.0248008193141396 6.12436833582471e-05 1.00000000
17051001 51.0190972222222 0.0243328106365085 6.23934854419652e-05 1.00000000
17051002 51.0404861111111 0.0235823940209196 6.33028366564968e-05 1.00000000
17051003 51.0632175925926 0.0232043565924687 6.47234236120933e-05 1.00000000
17051004 51.0845949074074 0.0230225363620335 6.56987006631169e-05 1.00000000
17051005 51.1066782407407 0.0226373780520517 6.16593532419074e-05 1.00000000
17051006 51.1290856481481 0.022359577166976 6.31062110006239e-05 1.00000000
17051007 51.1505324074074 0.0223706776008461 6.11085356818764e-05 1.00000000
17051008 51.1729166666667 0.0225390146915875 0.000157813009340908 1.00000000
17051011 51.1801388888889 0.0221828862836194 9.80998070120401e-05 1.00000000
17051012 51.1909837962963 0.0221682321269582 0.000129504232857927 1.00000000
17051013 51.3514930555556 0.0245611584629039 6.32913688593864e-05 1.00000000
17051014 51.3707986111111 0.0239707685915372 6.10146955584246e-05 1.00000000
17051015 51.3926851851852 0.0238061406752809 6.60886002321167e-05 1.00000000
17051016 51.4145138888889 0.0234910098863075 6.52467276903748e-05 1.00000000
17051017 51.4361342592593 0.0232601223788983 6.32305887662239e-05 1.00000000
17051018 51.457974537037 0.0227997502446037 6.02945903850594e-05 1.00000000
17051019 51.4819328703704 0.0224704034551559 6.25194175015678e-05 1.00000000
17051020 51.5037731481481 0.022409129512753 5.93116736928467e-05 1.00000000
17051021 51.5267939814815 0.0222283226434388 6.06298367169908e-05 1.00000000
17051022 51.5485763888889 0.0222518839748131 8.01341664665336e-05 1.00000000
17051023 51.5630324074074 0.0223012389613371 9.06323407966266e-05 1.00000000
17051024 51.574537037037 0.0221380757569542 6.15025366748089e-05 1.00000000
17051025 51.5972453703704 0.0223014369544834 6.28342938538268e-05 1.00000000
17051026 51.6189236111111 0.0220716328387202 6.51060086218991e-05 1.00000000
17051031 51.6710185185185 0.0245563358270404 6.09361443263998e-05 1.00000000
17051032 51.6913425925926 0.0243604765005539 0.000122784248024285 1.00000000
17051033 51.6987268518519 0.0240129701162657 6.00854274621183e-05 1.00000000
17051034 51.7230671296296 0.0232991652815704 6.24768280450255e-05 1.00000000
17051035 51.7477777777778 0.0228350017676657 5.90911491460971e-05 1.00000000
17051036 51.7728472222222 0.0227656612008198 6.14713473531487e-05 1.00000000
17051037 51.8000810185185 0.0225206581172 6.32706258515868e-05 1.00000000
17051038 51.8223726851852 0.0224177551316606 5.85167370008217e-05 1.00000000
17051039 51.8476967592593 0.022283976336917 0.00014516126286498 1.00000000
17051040 51.8571527777778 0.0218504262268217 0.000284858678176108 1.00000000
17051041 51.8604398148148 0.0223146123401156 9.77515671266471e-05 1.00000000
17051042 51.8697800925926 0.0218721843047178 0.000323698862081141 1.00000000
17051043 51.8719675925926 0.0224085409860346 9.73884772086479e-05 1.00000000
17051044 51.8809375 0.0222958379169638 8.04999893026692e-05 1.00000000
17051045 51.8935069444444 0.022221298805646 6.46408573295953e-05 1.00000000
17051046 51.9135185185185 0.0224515147841666 6.15772787897696e-05 1.00000000
17051048 51.9542361111111 0.0224733855179341 8.40268012234851e-05 1.00000000
17051049 51.9665972222222 0.022523702869363 7.39040178033799e-05 1.00000000
17051050 51.9842361111111 0.0225068218004293 8.12954758059815e-05 1.00000000
17052003 52.0331134259259 0.0250011226918046 0.000118660876975374 1.00000000
17052004 52.0404398148148 0.024762005313897 6.12768494603368e-05 1.00000000
17052005 52.0614236111111 0.0242263555815574 6.30311746178923e-05 1.00000000
17052006 52.0830787037037 0.0234712910193107 6.42346671737715e-05 1.00000000
17052007 52.1047800925926 0.0230324848664722 6.30147096180622e-05 1.00000000
17052008 52.12625 0.022818198595068 5.95887119221455e-05 1.00000000
17052009 52.151412037037 0.0226935806712087 0.000131044581390875 1.00000000
17052010 52.1578240740741 0.0224996881417896 6.27695446238687e-05 1.00000000
17052011 52.1794907407407 0.0224234332998843 6.04310754300057e-05 1.00000000
17052012 52.2011342592593 0.0222060640999678 6.07229234417756e-05 1.00000000
17052013 52.2225694444444 0.0221919977163054 6.04276195793489e-05 1.00000000
17052014 52.244212962963 0.0222870262790008 6.25873583216246e-05 1.00000000
17052015 52.2657060185185 0.0227147867659945 6.50062538581661e-05 1.00000000
17052016 52.2875810185185 0.025394857580132 6.80574965290812e-05 1.00000000
17052017 52.3098032407407 0.0254315255809027 7.31466694353751e-05 1.00000000
17052018 52.3304976851852 0.0249858790510834 7.17219288152731e-05 1.00000000
17052019 52.3523726851852 0.023003348996044 0.000248572702410246 1.00000000
17052026 52.3861342592593 0.0249714221920563 6.10079760911584e-05 1.00000000
17052030 52.4134027777778 0.0244972995072968 6.29316343379224e-05 1.00000000
17052051 52.6036921296296 0.0247382336956416 5.88428598157383e-05 1.00000000
17052052 52.6254861111111 0.0242253508522226 0.00017749615304501 1.00000000
17052053 52.6330439814815 0.0243063505510191 6.82227803695595e-05 1.00000000
17052054 52.6563425925926 0.0237988601798838 6.96176388893533e-05 1.00000000
17052055 52.6786111111111 0.0231602435019676 6.13189657616625e-05 1.00000000
17052056 52.7041666666667 0.0228662147785697 6.20220889547148e-05 1.00000000
17052057 52.7280324074074 0.0226229675522501 6.39493835343666e-05 1.00000000
17052058 52.749837962963 0.0223449424825464 5.74109206634498e-05 1.00000000
17052059 52.7752662037037 0.0221107943088507 5.74186184796701e-05 1.00000000
17052060 52.8001041666667 0.0219340046692809 5.5072202151622e-05 1.00000000
17052061 52.826087962963 0.0219182087063151 6.02417054358844e-05 1.00000000
17052062 52.8497106481481 0.0217475324580426 5.83845392071459e-05 1.00000000
17052063 52.8745023148148 0.0216827511635678 6.03187189425766e-05 1.00000000
17052064 52.8984027777778 0.0215740887768399 6.62336409658396e-05 1.00000000
17052065 52.9191550925926 0.0216554024725583 8.9079466840584e-05 1.00000000
17052067 52.9732060185185 0.024379970472369 0.000121676749862337 1.00000000
17052068 52.9788888888889 0.0242608087478045 5.50294682648186e-05 1.00000000
17053001 53.0051967592593 0.0239808456164762 7.94739660001459e-05 1.00000000
17053002 53.0190625 0.0235202550606379 0.000106261923544785 1.00000000
17053003 53.0296296296296 0.0232006007934101 8.58487947163191e-05 1.00000000
17053004 53.0453356481482 0.022982807688417 6.4418190936238e-05 1.00000000
17053005 53.066875 0.0223133269915481 6.43230815961828e-05 1.00000000
17053006 53.0887384259259 0.0221486862007556 6.39394117706388e-05 1.00000000
17053007 53.1105092592593 0.0218712164812285 6.26355663388804e-05 1.00000000
17053008 53.1316898148148 0.0215310444173531 5.97893772113574e-05 1.00000000
17053009 53.1537268518519 0.021381946423932 6.06400631966957e-05 1.00000000
17053010 53.1753819444444 0.0226769951721783 6.00644207722986e-05 1.00000000
17053011 53.1975694444444 0.0243080470200822 6.25107073820465e-05 1.00000000
17053012 53.2192476851852 0.0245115855317646 6.47945042821869e-05 1.00000000
17053013 53.2405902777778 0.0243772091397456 6.57978582774096e-05 1.00000000
17053014 53.2619444444444 0.0243406635928187 6.85573505863795e-05 1.00000000
17053016 53.2940162037037 0.0243714501463784 0.000169814187202413 1.00000000
17053020 53.3373842592593 0.0241831948035773 0.000193154723079223 1.00000000
17053022 53.3412731481482 0.0241638264707561 9.79842406773444e-05 1.00000000
17053023 53.3494444444444 0.0240882908818349 6.06278861537503e-05 1.00000000
17053024 53.3716203703704 0.0235424523953466 6.14931590232161e-05 1.00000000
17053025 53.3938888888889 0.0230435084365256 6.38673869440571e-05 1.00000000
17053026 53.4157175925926 0.0227164509514964 6.26093513614212e-05 1.00000000
17053027 53.4378009259259 0.0223561667425757 6.27524052124242e-05 1.00000000
17053030 53.4626041666667 0.0221594009936597 7.72040211013379e-05 1.00000000
17053031 53.4828240740741 0.0220022528359214 0.000146988354899318 1.00000000
17053032 53.4872569444444 0.0218894754469239 5.92852807748529e-05 1.00000000
17053033 53.5084606481481 0.0217821180632673 5.87431847740132e-05 1.00000000
17053034 53.5299884259259 0.0217635676164002 5.99806483912744e-05 1.00000000
17053035 53.5515625 0.0219702565451197 5.89005925815093e-05 1.00000000
17053036 53.5754166666667 0.0217847905657628 6.2455407873622e-05 1.00000000
17053037 53.5970486111111 0.0218260359275218 6.31002045931993e-05 1.00000000
17053038 53.618912037037 0.0217854629448311 6.23618169062141e-05 1.00000000
17053039 53.6422569444444 0.0219281253259116 7.289404712391e-05 1.00000000
17053041 53.7421875 0.024373772014913 0.000135385087771585 1.00000000
17053042 53.748275462963 0.0243126279286359 5.43756815730529e-05 1.00000000
17053043 53.777037037037 0.0240530851432922 6.25830202521148e-05 1.00000000
17053044 53.8015625 0.0233965993176038 6.47179768295849e-05 1.00000000
17053045 53.82625 0.0227681896444002 0.000184524229766459 1.00000000
17054006 54.1313310185185 0.0276979652736153 6.49275770934625e-05 1.00000000
17054007 54.1531365740741 0.027307695250733 6.70776084461959e-05 1.00000000
17054008 54.174849537037 0.0268965093098085 7.1334145454648e-05 1.00000000
17054009 54.196412037037 0.0264077576139472 6.90087375719274e-05 1.00000000
17054010 54.2180902777778 0.0259490820272559 6.9271875204573e-05 1.00000000
17054011 54.2399652777778 0.0256413613119059 7.15495477704078e-05 1.00000000
17054012 54.2616319444444 0.0250944397894581 6.59134441794469e-05 1.00000000
17054013 54.2834259259259 0.025205295317076 6.69641871467335e-05 1.00000000
17054014 54.3039236111111 0.0249177044011763 6.47806371635327e-05 1.00000000
17054015 54.3267476851852 0.0245992866142825 6.31731817861578e-05 1.00000000
17054016 54.3504976851852 0.0246056860304476 0.00024363993010329 1.00000000
17054017 54.3534837962963 0.0256413693361618 0.00102601363542427 1.00000000
17054020 54.3596412037037 0.0246802750605075 0.000271538598367306 1.00000000
17054021 54.3630555555556 0.023899123338563 0.000106513615484823 1.00000000
17054022 54.3713310185185 0.0227293773136416 6.60568188124263e-05 1.00000000
17054023 54.3912615740741 0.0229729398813804 6.35883494503154e-05 1.00000000
17054026 54.4193171296296 0.0228508938546463 6.57360945763235e-05 1.00000000
17054027 54.4415046296296 0.0232040406944874 0.00017139943712235 1.00000000
17054028 54.4465856481482 0.0222593960354372 7.77033204510612e-05 1.00000000
17054040 54.6328935185185 0.0258085744781144 5.86319094992872e-05 1.00000000
17054041 54.6544675925926 0.0256183805854208 6.4171478108066e-05 1.00000000
17054043 54.6767361111111 0.0251867053929011 5.98464990210767e-05 1.00000000
17054044 54.7010185185185 0.0242696070511308 5.57732302005679e-05 1.00000000
17054045 54.7300231481481 0.0238190853433726 6.38330488181093e-05 1.00000000
17054046 54.7519097222222 0.0236893693801069 6.01899741626878e-05 1.00000000
17054047 54.7756481481482 0.0235450967843018 5.38898649073158e-05 1.00000000
17054048 54.8053819444444 0.0233560936300279 6.40627528461398e-05 1.00000000
17054049 54.827337962963 0.0233385599904201 5.80514426216081e-05 1.00000000
17054050 54.851724537037 0.0234885739011866 6.03827379163659e-05 1.00000000
17054051 54.8766782407407 0.0234629188433606 5.30139114253191e-05 1.00000000
17054052 54.9096180555556 0.0230925349382205 7.03461440240884e-05 1.00000000
17054053 54.9285763888889 0.0232167507842319 6.60908088903173e-05 1.00000000
17054054 54.9519097222222 0.0232829086361825 0.00012298343769053 1.00000000
17055001 55.0317592592593 0.0274111328603974 7.9031444467114e-05 1.00000000
17055002 55.0421759259259 0.0271493315726018 6.0266652252612e-05 1.00000000
17055003 55.0634259259259 0.0265629348246166 6.47304984008108e-05 1.00000000
17055004 55.0851388888889 0.0259599190228969 6.66902741811277e-05 1.00000000
17055005 55.1068055555556 0.0256016786459614 6.56434373504154e-05 1.00000000
17055006 55.1285069444444 0.0252472031166266 6.51247220131126e-05 1.00000000
17055007 55.1503587962963 0.0249331818858284 6.43689390223522e-05 1.00000000
17055008 55.1724189814815 0.0246158118977119 6.12148535810154e-05 1.00000000
17055009 55.197349537037 0.0242214623074483 6.33232238364591e-05 1.00000000
17055010 55.2189814814815 0.0242848295474283 6.30959425329152e-05 1.00000000
17055011 55.2406712962963 0.0240350227217087 6.35582843040851e-05 1.00000000
17055012 55.2623032407407 0.0238044974243626 6.45168427788228e-05 1.00000000
17055013 55.2840393518518 0.0235578291628708 6.49183668250917e-05 1.00000000
17055014 55.3057986111111 0.0235620598981311 9.15630279278259e-05 1.00000000
17055015 55.3179861111111 0.023967497485471 9.07403319026382e-05 1.00000000
17055033 55.9594444444445 0.0270814274758634 6.61957080169786e-05 1.00000000
17055034 55.9834027777778 0.026307490170015 0.000102129340076069 1.00000000
17055035 55.9941319444444 0.0260566807548544 8.81764874570306e-05 1.00000000
17056007 56.0231365740741 0.0257319696565163 9.83222096723112e-05 1.00000000
17056019 56.269837962963 0.0274460900931563 6.7388183584494e-05 1.00000000
17056020 56.2926273148148 0.0265864852440562 6.96697037820774e-05 1.00000000
17056022 56.3162037037037 0.0254800903337578 6.64764533768345e-05 1.00000000
17056023 56.3395023148148 0.0250019834185164 6.79203599189224e-05 1.00000000
17056024 56.3624652777778 0.0248990851712471 6.75885918836135e-05 1.00000000
17056025 56.3871412037037 0.0245696903806175 8.65091680567667e-05 1.00000000
17056026 56.4024768518519 0.0243421307471165 7.14946026756688e-05 1.00000000
17056027 56.4250925925926 0.0237873171785286 7.98663975831606e-05 1.00000000
17056028 56.4436111111111 0.0229677212064008 0.000259234774349367 1.00000000
17056036 56.4834143518518 0.0236320959005806 0.00010817463237995 1.00000000
17056050 56.9624768518518 0.0273549688366038 7.6364943860759e-05 1.00000000
17056051 56.9798263888889 0.0268809194278115 6.96843763912549e-05 1.00000000
17057001 57.0025231481481 0.0266122925299248 8.66447430075916e-05 1.00000000
17057002 57.0191550925926 0.026219648398654 7.49712223896999e-05 1.00000000
17057003 57.0409953703704 0.0254744299901574 0.000465634005625334 1.00000000
17057006 57.0462731481481 0.0243631482449013 0.000901409685907995 1.00000000
17057010 57.0562731481482 0.0253347615655501 7.20110805728079e-05 1.00000000
17057011 57.0777777777778 0.0252491852685753 7.13227422896647e-05 1.00000000
17057012 57.0994328703704 0.0247510033559507 9.83201995158256e-05 1.00000000
17057044 57.468587962963 0.0226216320459033 9.71909157325009e-05 1.00000000
17057045 57.4803935185185 0.0223623224703064 0.000122458733459309 1.00000000
17057046 57.4847916666667 0.0224577925581992 0.000203067272868986 1.00000000
17057048 57.4888541666667 0.0224979423923302 6.81888601181536e-05 1.00000000
17057051 57.5183680555556 0.0218599129301635 0.000100454991332645 1.00000000
17057054 57.5327314814815 0.0215313744370694 6.39552799803778e-05 1.00000000
17057055 57.5554050925926 0.021065383807339 6.40993526141229e-05 1.00000000
17057056 57.5769560185185 0.0209089376007595 0.000140996298705574 1.00000000
