17039044 39.5356828703704 0.0399348762423061 0.000151357830492702 1.14907539
17039045 39.5483217592593 0.0391886219163416 0.000233403161469621 1.09218013
17039055 39.897974537037 0.0436881997824999 0.000158297793801519 1.75672650
17039056 39.9068518518519 0.0415492743619595 0.000125647427664346 1.23456383
17039057 39.9232986111111 0.0428139124425957 9.83384784834726e-05 1.29191923
17039058 39.9487384259259 0.0411963208782493 0.000109198668185693 1.00000000
17039059 39.9714467592593 0.0421203251050199 0.000106951398927325 1.57772303
17039060 39.9945717592593 0.0409520287513524 0.00012804554066716 1.30139947
17040001 40.0419444444444 0.0382801470376843 0.00015600693400683 1.33989549
17040002 40.0501388888889 0.0385992703164854 0.000271932582859303 1.20572615
17040003 40.0536689814815 0.0384310440480598 8.29361566895996e-05 1.08341122
17040004 40.0800578703704 0.0381711797456789 0.000142670697490079 1.29139197
17040005 40.0901388888889 0.0382232635705119 0.000123855535165128 1.27309227
17040006 40.1034953703704 0.0377908351928289 0.000245342947094693 1.23532796
17040007 40.1496990740741 0.0406485856741487 8.10449097707712e-05 1.82314825
17040008 40.1702777777778 0.0400250898997474 7.81680079089892e-05 1.77595234
17040009 40.1942939814815 0.0390892734186099 8.07418062136731e-05 1.64277792
17040010 40.2171990740741 0.0386176015412472 7.82869560786136e-05 1.67237461
17040011 40.2405092592593 0.0385511540755534 8.98254024088181e-05 1.62499964
17040012 40.259212962963 0.0384314723165648 8.6825264721217e-05 1.21523523
17040013 40.2804398148148 0.0382191454945778 8.94991306887485e-05 1.32977116
17040014 40.302037037037 0.0383080479357467 8.40777425639681e-05 1.17748451
17040015 40.3288773148148 0.0379208547809358 0.000141793177734535 1.12063909
17040016 40.3388657407407 0.03828117931583 0.000133509430339174 1.16832042
17040045 40.6002314814815 0.0403151297967701 0.000307708030688245 1.14954758
17040046 40.6030671296296 0.04054841003911 0.000175319351711749 1.19734633
17040047 40.6126041666667 0.0399712880256526 0.000212266907233009 1.03496754
17040048 40.6179166666667 0.0397353720672508 0.000266168223159479 1.01588655
17040049 40.6224652777778 0.040559152283653 0.000423297195790349 1.22604430
17040050 40.6244328703704 0.0397865569363651 0.000615043211408823 1.24485433
17040051 40.6258680555556 0.0402806014209769 0.000477959193158021 1.20630884
17040052 40.6281944444444 0.0390489532374996 0.000317551253392281 1.10162520
17040059 40.6460069444444 0.039322290458204 0.000189880715536606 1.34820449
17040062 40.6631944444444 0.038817108990998 9.88714722160079e-05 1.34849930
17040063 40.6847685185185 0.0383310120684012 8.82722106125238e-05 1.55783653
17040064 40.7118287037037 0.0384932725247891 0.000101105822932705 1.18721259
17040065 40.7311458333333 0.0381517374398136 0.000111615747172754 1.14035964
17040069 40.8688310185185 0.0389957571923317 0.000100344664812045 1.65210629
17040070 40.8850231481482 0.0385459211559864 0.000112164104801473 1.37797654
17040071 40.8987037037037 0.0382824362894296 0.000102234942961212 1.29227018
17040072 40.9159143518518 0.037661185332253 0.000103322014652053 1.23415613
17040073 40.9334027777778 0.0376944724643883 9.44918239412059e-05 1.03544521
17040074 40.9569907407407 0.037632117606699 0.000219951955670752 1.00000000
17040078 40.9715509259259 0.0379935417703623 0.000333760422112787 1.00000000
17040084 40.9848726851852 0.0378338089873866 0.000309003013891302 1.00000000
17040085 40.9885532407407 0.03763520704946 0.000207693620104982 1.00000000
17041001 41.0321527777778 0.0398701550121053 8.24316450731683e-05 1.74720979
17041002 41.0550578703704 0.0391097322838076 8.65282746501131e-05 1.39565611
17041003 41.0769675925926 0.0385569264252385 8.76694600006583e-05 1.51104724
17041004 41.0998032407407 0.0378072660372932 8.70949168437554e-05 1.24396515
17041005 41.1219907407407 0.0376299814893415 9.19349131969162e-05 1.01611400
17041006 41.1439699074074 0.0372706847840108 9.59278963716627e-05 1.23453641
17041007 41.1659606481482 0.0375239832613396 0.000100932306547004 1.00000000
17041008 41.1881597222222 0.0371696183031807 0.000130484007796716 1.00000000
17041009 41.2234027777778 0.0372099219411302 0.00012311344440164 1.00000000
17041010 41.2547800925926 0.0370662243963094 0.000118527602643958 1.00000000
17041011 41.3086805555556 0.0395289258796482 7.49271378671412e-05 2.04161549
17041012 41.3367824074074 0.0388677493494684 8.61697836246801e-05 1.38630390
17041013 41.3594560185185 0.0383704897915028 8.68664392392467e-05 1.40579581
17041014 41.3814467592593 0.0376830281630153 0.000109473030768729 1.25373411
17041033 41.8138773148148 0.0380820063332548 9.79759449082091e-05 1.00000000
17041035 41.8317939814815 0.0374043040375844 9.53075882776429e-05 1.00000000
17041037 41.8604976851852 0.0363497713013998 8.69778101514494e-05 1.00000000
17041038 41.8817361111111 0.0358709673893032 9.92351316016804e-05 1.00000000
17041039 41.8969444444444 0.0357331013593829 8.82361635900477e-05 1.00000000
17041040 41.9165277777778 0.0353801941089923 9.7914161204672e-05 1.00000000
17041042 41.9337847222222 0.0350960104758839 0.000103036143193504 1.00000000
17041044 41.9510648148148 0.0350112372852616 9.1206246773644e-05 1.00000000
17041045 41.9708796296296 0.0346695039539154 0.000123110476339063 1.00000000
17041046 41.982650462963 0.0349985369376689 9.27408220742971e-05 1.00000000
17042001 42.0020601851852 0.0349088341877716 0.000112993963437996 1.00000000
17042009 42.0569212962963 0.037620866893185 8.75564101500921e-05 1.00000000
17042012 42.1411111111111 0.038115999568055 0.00011893435299892 1.00000000
17042013 42.1530324074074 0.0372888339092526 0.000115767751768114 1.00000000
17042016 42.1656365740741 0.0367506390518469 7.69544572840143e-05 1.00000000
17042017 42.1875462962963 0.036096489946128 7.84808840538906e-05 1.00000000
17042019 42.2126736111111 0.0356928163977219 8.96169553693714e-05 1.00000000
17042021 42.2310069444444 0.0354966829273412 0.000236743261175899 1.00000000
17042022 42.2347106481481 0.0354236765690256 8.52538223994679e-05 1.00000000
17042023 42.2564930555556 0.0352478719489954 0.000142163962943182 1.00000000
17042024 42.2652199074074 0.0351620565206681 0.000113118382978453 1.00000000
17042026 42.3104976851852 0.0369940703971903 5.92877200621199e-05 1.00000000
17042027 42.3475810185185 0.0364818206076277 0.000358974292377689 1.00000000
17042028 42.3493865740741 0.0362579640750241 8.72808983512569e-05 1.00000000
17042029 42.367974537037 0.0357980753578591 9.1254564145044e-05 1.00000000
17042030 42.3867476851852 0.0354599482050964 8.21344762071261e-05 1.00000000
17042031 42.4108449074074 0.0349766561359452 8.26929464866114e-05 1.00000000
17042032 42.4349652777778 0.0346816850780135 0.000198447939696877 1.00000000
