17100030 100.63775462963 0.819403244270075 0.000299270470256028 1.17115915
17100031 100.658900462963 0.820948863925041 0.000286617564255184 1.19618654
17100032 100.680694444444 0.820509826951412 0.000294564637201048 1.19373488
17100033 100.702395833333 0.819413560345438 0.000302687188996189 1.20396626
17100034 100.724050925926 0.819600094254421 0.00030395397404628 1.28705382
17100035 100.745775462963 0.8187116740257 0.000307202572543456 1.17083359
17100036 100.767488425926 0.818342336432461 0.000302113533867874 1.17669582
17100037 100.789155092593 0.8175983436853 0.000306716068015884 1.18060255
17100038 100.810914351852 0.818529705287515 0.000330941313732164 1.19778883
17100039 100.829513888889 0.817315337183179 0.000423132517700641 1.13340902
17100040 100.846689814815 0.82023727882254 0.000539079373304093 1.06408501
17100043 100.862523148148 0.821491032290178 0.000296234193324056 1.07327449
17100044 100.884224537037 0.821989820519689 0.00039596481866746 1.00000000
17100046 100.912511574074 0.824023809277497 0.00030619948026431 1.00000000
17100047 100.934085648148 0.827843805289363 0.000306164739838004 1.00000000
17100048 100.955752314815 0.826961740265325 0.000734685608357194 1.00000000
17101001 101.006990740741 0.818437190869498 0.000298824436469124 1.28706729
17101002 101.028599537037 0.816020542087693 0.000297318007366261 1.22878671
17101003 101.050266203704 0.818640776998357 0.000306858121678451 1.21529806
17101004 101.071944444444 0.819141880337076 0.000290891615690314 1.23009551
17101005 101.093738425926 0.818342286972771 0.000296246155991238 1.26159000
17101006 101.115462962963 0.814154881781999 0.000304226936211525 1.22329307
17101007 101.137164351852 0.817391038338292 0.000316852762508212 1.13703001
17101008 101.159305555556 0.817986539168369 0.000313855963033787 1.13838077
17101009 101.181030092593 0.818415129172231 0.000308923112553746 1.17821479
17101010 101.202777777778 0.814871938713149 0.000306764997339916 1.13260317
17101011 101.224583333333 0.821453605558322 0.000364178367260091 1.04894292
17101013 101.247037037037 0.822172157567944 0.000314980787491302 1.00000000
17101014 101.26712962963 0.823498348447659 0.000308976953673572 1.00000000
17101015 101.288703703704 0.822719385754822 0.000307180458737886 1.00000000
17101016 101.310289351852 0.827628431572803 0.000271952299259574 1.00000000
17101020 101.380740740741 0.820151640827151 0.000275138382967297 1.44174230
17101021 101.402928240741 0.81788871277217 0.000276064823703879 1.30433261
17101022 101.424525462963 0.810754904862772 0.000283692243719105 1.33405733
17101023 101.447222222222 0.813359936260102 0.000872609280985399 1.33481634
17101024 101.451724537037 0.811438784629133 0.000815667129339356 1.30075097
17101026 101.458159722222 0.81296873898243 0.000304238530053766 1.23224604
17101027 101.479884259259 0.814215391219549 0.00034898387934921 1.15907502
17101030 101.511736111111 0.814947730102108 0.00031522198880815 1.12534165
17101031 101.533472222222 0.812950530903538 0.000352097906444731 1.15911746
17101032 101.571006944444 0.805705209647747 0.00030535549636112 1.21265197
17101033 101.592141203704 0.818790148772781 0.000291611578312598 1.04311132
17101034 101.615462962963 0.819904783106514 0.000300926186967909 1.00000000
17101035 101.637222222222 0.825599457445162 0.000294487075881113 1.00000000
17101036 101.65962962963 0.824547786431209 0.000301288019480423 1.00000000
17101037 101.681550925926 0.825302793428499 0.000306397135391528 1.00000000
17101038 101.703356481481 0.826659175671799 0.00130877524215366 1.00000000
17101056 101.933993055556 0.627894672071074 0.000373003137332073 1.31632090
17101058 101.996840277778 0.819792542753014 0.00029052128779294 1.24228299
17102001 102.019108796296 0.819673106261081 0.000285914754076092 1.22216642
17102002 102.040787037037 0.818798706424515 0.000295955446783187 1.21006024
17102003 102.062777777778 0.819166235576413 0.000290878569816842 1.29940557
17102004 102.084502314815 0.817984716348015 0.000295826435821441 1.17997658
17102005 102.106215277778 0.817282743688062 0.000302620197964572 1.18083453
17102006 102.127962962963 0.817999660810412 0.000629172876329497 1.18114650
17102007 102.136712962963 0.819054064379509 0.000300890283841296 1.19123280
17102008 102.158321759259 0.819477073162812 0.000299926103461203 1.11241877
17102009 102.180046296296 0.817003011929964 0.000312743673028243 1.00000000
17102010 102.201678240741 0.824487348633288 0.000302529238296406 1.00000000
17102011 102.223402777778 0.826146391933407 0.000302125028567195 1.00000000
17102012 102.245127314815 0.828612782455801 0.000304559627692747 1.00000000
17102013 102.26693287037 0.82883700243394 0.000311087105299166 1.00000000
17102014 102.288518518519 0.829201182878712 0.000307545021332017 1.00000000
17102015 102.310162037037 0.81949834596191 0.000321064828344572 1.00000000
17102016 102.331851851852 0 2.72583546755839e-05 1.00000000
17102017 102.339606481481 0.83267352211252 0.00045007140503123 1.00000000
17102032 102.523078703704 0.825162432563345 0.000237932902910014 2.12823057
17102033 102.545659722222 0.818689269476286 0.00028290638078073 1.31426597
17102034 102.567939814815 0.819292268620091 0.000310033720102061 1.27089727
17102036 102.59619212963 0.815043864416016 0.000310199798893644 1.19908106
17102037 102.618657407407 0.815974202036822 0.000313716605829115 1.07005596
17102038 102.640324074074 0.814165960382652 0.000308389245630485 1.09979010
17102039 102.662002314815 0.816500268575835 0.000311157826215977 1.02243710
17102040 102.687048611111 0.818908762741704 0.000315794264437259 1.00000000
17102041 102.710428240741 0.820518744228399 0.00030784772749145 1.00000000
17102042 102.732106481481 0.821051914584445 0.000313233669910532 1.00000000
17102043 102.753888888889 0.712318983715421 0.000371049994707545 1.00000000
17102044 102.776041666667 0.827174463270107 0.000318359728460718 1.00000000
17102045 102.797847222222 0.828860559844911 0.000315194375916261 1.00000000
17102046 102.81962962963 0.829849239544826 0.000319542097172064 1.00000000
17102047 102.841446759259 0.82919656140991 0.000385351300966337 1.00000000
17103001 103.01130787037 0.821188988555521 0.000544429223539685 1.22585368
17103007 103.155474537037 0.8209879645484 0.000276250046575199 1.36317337
17103008 103.178657407407 0.817692583937503 0.000369519904111825 1.13641667
17103009 103.195486111111 0.816581213466684 0.00030437195798154 1.16568911
17103010 103.217152777778 0.819817931766398 0.000297580254022166 1.17706788
17103011 103.238726851852 0.816868863522465 0.000296855003274801 1.17020881
17103012 103.260405092593 0.816567430561317 0.0002968498430296 1.20529008
17103013 103.282488425926 0.812625311158227 0.000305867603520427 1.18705046
17103014 103.304282407407 0.807732342007435 0.000322525562379211 1.00000000
17103015 103.326006944444 0.810263195980731 0.000718778748578058 1.02538300
17103016 103.331215277778 0.783312613759184 0.000337452416230875 1.00000000
17103017 103.352766203704 0.685275884145493 0.000378070864493241 1.00000000
17103019 103.383368055556 0.738105311691505 0.000358882514680249 1.00000000
17103020 103.405289351852 0.824862822873873 0.000369371005308234 1.00000000
17103021 103.421481481481 0.82398048505605 0.000314938651315978 1.00000000
17103022 103.443275462963 0.822780051820852 0.000318301908449956 1.00000000
17103025 103.467731481481 0.824617916883353 0.000427259458115389 1.00000000
17103041 103.743125 0.674386744326825 0.000340429220423452 1.40390790
17103042 103.764849537037 0.819510919181373 0.000294116307745847 1.24582565
17103043 103.786585648148 0.819988971907971 0.000297024036640539 1.23833454
17103044 103.807974537037 0.819838499439891 0.00029414501984997 1.26145160
17103045 103.829479166667 0.817822766157049 0.000294700870084721 1.22478056
17103046 103.851111111111 0.817540294725923 0.000300987744053592 1.16660631
17103047 103.872766203704 0.815466153894859 0.000298584952427736 1.16164935
17103048 103.894305555556 0.815467402242277 0.000311954733204832 1.12187099
17103049 103.914768518519 0.815822638524777 0.00030073667080825 1.17427361
17103050 103.936446759259 0.816915038154463 0.0002968597725412 1.21297789
17103051 103.958715277778 0.740882232964413 0.000376873424703741 1.10050774
17103052 103.976863425926 0.650070860436787 0.000672893281378573 1.00000000
17103059 103.996458333333 0.638596380934419 0.00155503606867887 1.00000000
17103060 103.998506944444 0.645929174369778 0.00181039440421593 1.00000000
17103061 104.000763888889 0.657597497659677 0.000365016777113375 1.00000000
17104001 104.024479166667 0.6628221785828 0.000383829328753151 1.00000000
17104002 104.04724537037 0.66743064987447 0.000337926760623609 1.00000000
17104003 104.12125 0.606124318857422 0.000378623516734809 1.21873689
17104004 104.142986111111 0.615487741103022 0.000358595756713916 1.10247540
17104005 104.167175925926 0.6066231937301 0.000360910729429291 1.12172949
17104006 104.190601851852 0.61342459187396 0.000359839825812504 1.14596975
17104007 104.214375 0.614061079704428 0.000377291331313486 1.13613582
17104008 104.236412037037 0.628655735358479 0.000382266535556847 1.09934020
17104009 104.258171296296 0.607327203630107 0.000391962014083334 1.04612994
17104011 104.285451388889 0.625844687116549 0.000374001697184706 1.08512664
17104012 104.307164351852 0.609198215598134 0.000385092727105966 1.09757936
17104013 104.329166666667 0.612444572780241 0.000480299648768724 1.01747179
17104014 104.34369212963 0.621551689190901 0.00038599855292918 1.00000000
17104015 104.366145833333 0.61493822291457 0.000395179128635155 1.00000000
17104016 104.387743055556 0.630007134779577 0.000397415777426362 1.00000000
17104017 104.409270833333 0.639556998915368 0.000382161403241748 1.00000000
17104018 104.432361111111 0.626209884640392 0.000815221562836356 1.00000000
17104026 104.834108796296 0.796598984094818 0.000867117009116922 1.43649459
17104027 104.837349537037 0.801156556479562 0.00028999460395358 1.39297080
17104028 104.858819444444 0.791213486541448 0.00039301298843404 1.32455683
17104030 104.873819444444 0.800246778173841 0.00293849863163319 1.26897633
17104031 104.884768518519 0.789951758007736 0.00239153393582279 1.26082325
17104034 104.891793981481 0.787125280226993 0.000300557519218239 1.25969946
17104036 104.916284722222 0.798408182996059 0.000478205293869575 1.26481235
17104037 104.925601851852 0.789892904858314 0.000434024511539211 1.24820340
17104038 104.936886574074 0.788071327943265 0.000305005648250549 1.24776578
17104039 104.958530092593 0.796065825007133 0.000329446371881985 1.20904863
17104040 104.97806712963 0.791143743767439 0.00031010182515146 1.16881704
17104041 105.000243055556 0.79165445647296 0.000315784626559069 1.17076874
17105001 105.022210648148 0.790060894125479 0.000295153483809737 1.16499186
17105002 105.046539351852 0.799724438922604 0.000604608451884922 1.16316056
17105009 105.136805555556 0.810641300796254 0.000288760824027708 1.24795461
17105010 105.159733796296 0.81582871037535 0.000295201369399324 1.13248956
17105011 105.181064814815 0.813080454340999 0.000331945619210626 1.15102863
17105012 105.201689814815 0.812792481094485 0.0003021641505039 1.16767859
17105013 105.223506944444 0.813925276873533 0.000526795671208045 1.19071281
17105017 105.242407407407 0.814961303129205 0.00028380610746654 1.15992486
17105018 105.266863425926 0.81581421540851 0.000307282795987182 1.11738741
17105019 105.288645833333 0.814165229706013 0.00028401819549987 1.15138745
17105020 105.315347222222 0.815667595412695 0.000296779763099909 1.17177820
17105021 105.3378125 0.816922034491049 0.0003017369446042 1.08804059
17105022 105.36005787037 0.814156717503441 0.000484753404066944 1.20078433
17105042 105.678194444444 0.817535451247664 0.000708951706138856 1.30500793
17105044 105.685856481481 0.814833964999698 0.000294242385212415 1.29836607
17105045 105.707199074074 0.817649629985369 0.000306252759606064 1.27029562
17105046 105.802349537037 0.81652448902432 0.000533299693860043 1.31890893
17105047 105.820543981481 0.814631673939649 0.00125612957710735 1.18308318
17105048 105.823842592593 0.81661753655858 0.000298549989254183 1.21389496
17105049 105.845972222222 0.816660752342995 0.000298204485210661 1.15121830
17105050 105.8684375 0.816624096482107 0.000299515051912781 1.17359555
17105051 105.889953703704 0.816512221867177 0.000526512057404268 1.24240923
17105052 105.897835648148 0.812919783605058 0.000293277271874008 1.25563896
17105053 105.919664351852 0.814724688270932 0.000312251947065363 1.23722076
17105054 105.940659722222 0.813279816169174 0.000316432353184912 1.19922900
17105055 105.9603125 0.816658381736232 0.00032227264644736 1.20239830
17105056 105.979988425926 0.816936383360863 0.000342255150061489 1.18075788
17105057 106.000613425926 0.815219485098129 0.000308076073352535 1.18499553
17106001 106.022326388889 0.815244107526325 0.000286398139067863 1.18774927
17106002 106.047488425926 0.814836574568449 0.000290221516982982 1.17064297
17106003 106.073101851852 0.816396040325298 0.000311655597630167 1.17117476
17106004 106.094895833333 0.81687843269123 0.000300229312840119 1.10723555
17106005 106.117696759259 0.8173693175324 0.000641928080409806 1.00988483
17106006 106.168668981481 0.8175493319581 0.00028284050714861 1.36781812
17106007 106.191539351852 0.818080145153342 0.000283431833665733 1.23036790
17106008 106.215381944444 0.815213602213846 0.000302013269308086 1.22233760
17106009 106.236759259259 0.815225910737005 0.000306940307382438 1.18335116
17106010 106.25875 0.812944348927173 0.000308472727809742 1.16030109
17106011 106.280416666667 0.813487707534169 0.000312348933451949 1.15972412
17106012 106.305821759259 0.815025747218841 0.000311528408066736 1.16930532
17106013 106.329050925926 0.813207951192425 0.000302729034940829 1.20312643
17106014 106.351446759259 0.811837249813093 0.000307603674253121 1.21062374
17106015 106.373171296296 0.815736260118699 0.000304379134439062 1.17125821
17106016 106.394756944444 0.817502916984878 0.000305611516196923 1.14978564
17106017 106.416296296296 0.815342999336561 0.00030920440945449 1.03543913
17106018 106.438171296296 0.822364856416455 0.000743974363054377 1.00000000
17106019 106.446365740741 0.823017108311823 0.00030639542036134 1.00000000
17106020 106.468229166667 0.822459065212939 0.000302885699965032 1.00000000
17106021 106.489849537037 0.825835323561504 0.000740766984464367 1.00000000
17106048 106.800138888889 0.812698582223053 0.0005591394179324 1.00000000
17106055 106.977893518519 0.803824414471892 0.000309608760745036 1.08535326
17107001 107.002372685185 0.801336027843269 0.000870390829613744 1.07238209
17107002 107.006412037037 0.807130699459776 0.000308061749264531 1.05556369
17107003 107.029849537037 0.808358382361881 0.000308078607259985 1.10251033
17107004 107.051608796296 0.804397001996805 0.000302367905672629 1.11900032
17107006 107.075659722222 0.807051984774846 0.000279176896215824 1.17502189
17107007 107.100833333333 0.807302092254986 0.000358691163326985 1.18353200
17107008 107.122604166667 0.804415612720908 0.000284160451637756 1.20643365
17107009 107.146863425926 0.809946581409764 0.000290237742269155 1.17622614
17107010 107.16943287037 0.812227006155597 0.000287384344766011 1.19958043
17107011 107.192696759259 0.809965975663361 0.000287978231453869 1.23797834
17107015 107.218078703704 0.810991280078051 0.000293273373513205 1.20497084
17107016 107.240486111111 0.80776501632354 0.000265579542221542 1.15127516
17107020 107.272071759259 0.813904789972028 0.00030687384774332 1.00000000
17107022 107.309085648148 0.814674180264897 0.000538498310645813 1.00000000
17107027 107.361574074074 0.810759579056788 0.000300465639281899 1.05657363
17107028 107.385439814815 0.81281024798696 0.000302488530131498 1.09867406
17107029 107.4084375 0.809925592402934 0.000295535554226676 1.14221776
17107030 107.431608796296 0.814453967718738 0.000295713872034566 1.18921340
17107031 107.453831018519 0.814793768936439 0.000530355876212481 1.24942219
17107032 107.468854166667 0.812782106453281 0.00028435168560197 1.26879716
17107033 107.491574074074 0.811044632744911 0.00084330529261182 1.27780640
17107035 107.496180555556 0.811515069340767 0.000302838527531757 1.24937463
17107036 107.517523148148 0.810609267807503 0.000301314173052646 1.23212588
17107037 107.539340277778 0.813937389858028 0.000312325689777268 1.22963834
17107038 107.560983796296 0.813846487348402 0.00030517287480982 1.18336201
17107039 107.582638888889 0.810677157723295 0.000309623428305018 1.19719636
17107040 107.604247685185 0.811843617859848 0.000314530722252645 1.19208467
17107041 107.625983796296 0.814568217966117 0.000319107726088487 1.08172631
17107042 107.649074074074 0.816426094540268 0.000346928329707691 1.00000000
17107043 107.668576388889 0.819799034693228 0.000367618617244436 1.00000000
17107044 107.7315625 0.811466304308326 0.000301122425380255 1.20224226
17107045 107.753761574074 0.811899584094181 0.000312145407981624 1.13847029
17107046 107.775497685185 0.815552144366465 0.00030850693721077 1.15640032
17107047 107.797060185185 0.811467271398237 0.000415090276790565 1.18654573
17107048 107.809490740741 0.814773772106598 0.000306404573756411 1.17116880
17107049 107.831168981481 0.810197463593403 0.000334256323794075 1.18516433
17107050 107.851030092593 0.812354344954376 0.000290969725608023 1.14456737
17107051 107.87568287037 0.815237732075214 0.000304574527833196 1.16822147
17107052 107.897650462963 0.569589116860812 0.000709836697651893 1.18027067
17107054 107.912743055556 0.706780231648077 0.000436479946540409 1.18906319
17107055 107.929826388889 0.734387025346394 0.000458322009495809 1.18717039
17107056 107.945289351852 0.814313990452635 0.000301150352535868 1.17649460
17107057 107.966898148148 0.686485188446311 0.000617235085764102 1.15947187
17107058 107.977928240741 0.811987745178423 0.000286830906972099 1.14825332
17108001 108.001122685185 0.816034649421111 0.000300129758298439 1.07542586
17108004 108.025856481481 0.818466346303366 0.000374199700600209 1.00000000
17108007 108.118310185185 0.812101223314944 0.000293912238839697 1.05927026
17108008 108.143634259259 0.808639019032085 0.000292337891219995 1.03479373
17108010 108.169560185185 0.813596111354637 0.000277637619586501 1.09584844
17108011 108.196076388889 0.811067101734888 0.000294859658753928 1.13883495
17108012 108.218703703704 0.815879056941669 0.00028786192196991 1.17457521
17108013 108.241377314815 0.816408670784869 0.000411681013651704 1.17359221
17108024 108.492928240741 0.801691038313863 0.00228477566906603 1.24395657
17108025 108.494525462963 0.807955523407035 0.000296904646062149 1.20797527
17108026 108.516458333333 0.813750021400248 0.0002920066777209 1.17040730
17108027 108.538298611111 0.813962022414695 0.00033972004304868 1.18886220
17108028 108.567326388889 0.807463727528302 0.000297938071618135 1.17905211
17108030 108.59056712963 0.805764042328012 0.000300214006367356 1.24009156
17108031 108.612743055556 0.809290301553322 0.000301838993860275 1.14076614
17108032 108.634340277778 0.81213596553507 0.000303287810062272 1.12691724
17108033 108.656273148148 0.807939466180219 0.000302629993482871 1.11578608
17108034 108.678090277778 0.811768419615739 0.000804052444631695 1.00821459
17108035 108.6821875 0.811413644993558 0.000318551974171481 1.00000000
17108036 108.7046875 0.813183393695274 0.00114591239930045 1.00000000
17108037 108.707210648148 0.812579000073815 0.000315409751410242 1.00000000
17108038 108.728993055556 0.821076629756785 0.000314323201755842 1.00000000
17108039 108.750694444444 0.821449551722629 0.000311845035762282 1.00000000
17108040 108.772905092593 0.823940835720686 0.000605101541309606 1.00000000
17108041 108.854826388889 0.811548681148828 0.000317633319126252 1.01738119
17108042 108.876689814815 0.811127943066659 0.000313438044681187 1.07817245
17108043 108.898252314815 0.813883617189014 0.000310410150450382 1.09971046
17108044 108.919953703704 0.811865870298711 0.000348406120485195 1.15462494
17108047 108.951111111111 0.810209897157263 0.000311368774150268 1.18439746
17108048 108.971412037037 0.811994207343045 0.0032875279619952 1.20320690
17108052 109.000787037037 0.812827745565687 0.000293742025081343 1.18026888
17109002 109.024305555556 0.80640760147713 0.000297731506263857 1.15742528
17109003 109.046666666667 0.807194572234568 0.000433834734534685 1.16225743
17109004 109.059884259259 0.808782188520977 0.000307259762210518 1.17807102
17109005 109.081990740741 0.80167437731992 0.000310683099714056 1.10763168
17109009 109.109155092593 0.805673636604646 0.000319739439128736 1.00000000
17109010 109.132002314815 0.811717849044787 0.000310001632894355 1.00000000
17109011 109.156087962963 0.817815227709963 0.000395553183850078 1.00000000
17109015 109.228668981481 0.808323342189804 0.000314466261624552 1.04883444
17109016 109.250543981481 0.812238160244202 0.000313468168026261 1.07332194
17109017 109.272152777778 0.804678195140136 0.000318739412068462 1.12419617
17109018 109.29369212963 0.805688611117589 0.000325554846524786 1.14823508
17109048 109.663877314815 0.804298671017711 0.0007449798508954 1.42823899
17109049 109.667337962963 0.230162337662338 0.00205847614948346 1.35761595
17111020 111.387939814815 0.814807347866612 0.000398526530842056 2.77601528
17111023 111.401076388889 0.814982793379457 0.000254815263011099 2.77679873
17111024 111.422569444444 0.81754951155196 0.000325037436702216 2.49365830
17111028 111.475173611111 0.809869099085835 0.000246361043931697 2.82973623
17111029 111.499490740741 0.810731699493167 0.000997453416205179 1.23684680
17111030 111.502361111111 0.815020662956869 0.000273361080393306 1.24646378
17111031 111.525532407407 0.813702756203266 0.000281414361163058 1.25884771
17111032 111.547337962963 0.81458969980891 0.000264658000800203 1.27527690
17111033 111.571087962963 0.816904882055874 0.000663270062879325 1.29000831
17111034 111.575972222222 0.8106704465996 0.000280304089702636 1.28015518
17111035 111.597685185185 0.815210765907104 0.000273416954965531 1.29564798
17111036 111.619259259259 0.81492675193741 0.000405778915171488 1.30582547
17111037 111.629675925926 0.816587511382746 0.000278437553368738 1.33474278
17111038 111.651990740741 0.816247754208749 0.000310214447275779 1.28332055
17111039 111.67375 0.816812403920856 0.00030602668787918 1.32049227
17111040 111.695335648148 0.817764592272542 0.000384399884884725 1.25506866
17111041 111.708738425926 0.817253664181589 0.000303025298706469 1.19277573
17111042 111.730405092593 0.817150781604923 0.00029402508161607 1.11531591
17111043 111.75212962963 0.81632577767997 0.00030696333831928 1.02994907
17111044 111.773564814815 0.822332038229205 0.000293805698227867 1.00000000
17111045 111.796678240741 0.821718394716931 0.000540791774873243 1.00000000
17111055 111.843796296296 0.80941059916184 0.000291260557461225 1.32859337
17111056 111.865335648148 0.804452498058504 0.000765892662487455 1.26220071
17111057 111.870092592593 0.808317497212319 0.00138478639312177 1.26893866
17111059 111.87587962963 0.8094592 0.00124193357062664 1.27995276
17111060 111.878946759259 0.810532426125279 0.000309355839880158 1.25368488
17111064 111.906087962963 0.810973759163282 0.000493953260562349 1.22232580
17111065 111.957523148148 0.805874935153039 0.000312861786018619 1.27558768
17111066 111.978043981481 0.814867209886057 0.000298887715554828 1.14964199
17111067 111.999722222222 0.807832171122787 0.000303285510499593 1.16789329
17112001 112.021458333333 0.807509654674645 0.000307356810102426 1.18285763
17112002 112.043171296296 0.81076611477545 0.000266800903843645 1.21736121
17112003 112.069756944444 0.813375123087638 0.000291104313521594 1.26533258
17112004 112.091805555556 0.813968324235315 0.000290943735132373 1.26098228
17112005 112.113726851852 0.81319653878758 0.000475646496163801 1.19327366
17112007 112.140810185185 0.806850497344373 0.000299883745491665 1.21201277
17112008 112.162465277778 0.807309023227098 0.000299237475860467 1.20788765
17112009 112.184282407407 0.811271393694299 0.000296339471647559 1.21861064
17112010 112.206018518519 0.809975005354041 0.000295441562160437 1.20652509
17112011 112.228078703704 0.808928971951486 0.000291226253174706 1.20575690
17112012 112.251400462963 0.813804790692643 0.000315287365660826 1.22136438
17112013 112.270150462963 0.81195370942749 0.000387297622540073 1.20312762
17112041 112.714641203704 0.813953488372093 0.00334462634367673 1.13240016
17112043 112.71900462963 0.814017127858635 0.000662809136602134 1.10038161
17112044 112.726157407407 0.807947706622135 0.000360595820641679 1.06679678
17112052 112.760115740741 0.807571273354837 0.000307649977892532 1.11424756
17112053 112.7815625 0.812724219219039 0.00030149129007073 1.11948252
17112054 112.803020833333 0.810577313975481 0.000300620244623656 1.18880641
17112055 112.824467592593 0.81146918565399 0.00030050517601637 1.20906830
17112056 112.8459375 0.816702331910077 0.000290652088947861 1.18834734
17112057 112.867951388889 0.812023051026358 0.000305241708733258 1.16210520
17112058 112.889571759259 0.816670895101135 0.000300313736197628 1.14138591
17112059 112.911342592593 0.817671222739313 0.000298022370097185 1.17187071
17112060 112.933090277778 0.814940668160666 0.000305981530908345 1.16559291
17112061 112.954375 0.809992200787176 0.000306471494685383 1.14309132
17112062 112.975844907407 0.81511878052358 0.000299256226004314 1.14270198
17112063 112.9975 0.811157488209241 0.000301247008348032 1.12744379
17113001 113.021365740741 0.814118424182727 0.00032185917407093 1.06271148
17113002 113.085555555556 0.815019614651151 0.000307437071758583 1.05289733
17113003 113.151018518519 0.808506542600134 0.000368364419020248 1.06105363
17113005 113.192881944444 0.812107847091688 0.000309527299148848 1.13699949
17113006 113.21275462963 0.808540283583313 0.00147869024091134 1.16052878
17113008 113.223287037037 0.811721196051926 0.000381180185029919 1.14110816
17113010 113.290740740741 0.812706903154554 0.000292733739080497 1.23457241
17113011 113.311944444444 0.814138092489955 0.00117827968614043 1.18678606
17113012 113.318958333333 0.815302398657172 0.000408086361656157 1.12929368
17113013 113.331724537037 0.80873107901942 0.000393733834902774 1.07429123
17113014 113.345798611111 0.816185004932019 0.000312756031857443 1.02016795
17113015 113.367233796296 0.809709950734946 0.000880992627689335 1.00000000
17113036 113.775775462963 0.808118768249092 0.000298443777220256 1.12164092
17113037 113.797384259259 0.816524613639132 0.000314403557448581 1.03149104
17113038 113.819097222222 0.816162981934955 0.000302113587377983 1.06861126
17113039 113.840439814815 0.815840153539736 0.000323561815859312 1.05046964
17113041 113.863703703704 0.816492344464536 0.000555124397383172 1.08408642
17113042 113.870810185185 0.816911437472185 0.00349212649194402 1.09162140
17113043 113.871956018519 0.816453368171383 0.00030160805408824 1.09973013
17113044 113.893472222222 0.816118471587267 0.000300629510175937 1.09951901
17113045 113.916840277778 0.817552185695707 0.000301925291439252 1.08790815
17113046 113.938240740741 0.816271979195176 0.000384055079367318 1.08280814
17113047 113.951875 0.816445642766793 0.00030376935252018 1.08119774
17113048 113.973240740741 0.818078662556387 0.000298590767419987 1.08174610
17113049 113.994861111111 0.818856202733728 0.000299341043891701 1.06219292
17114001 114.016550925926 0.818082559751375 0.000311228607628159 1.01854181
17114002 114.038298611111 0.818007218528195 0.000300516500111404 1.05322623
17114003 114.060034722222 0.819042129802553 0.000303702342829437 1.03482342
17114004 114.082372685185 0.820037123479765 0.000296877324205772 1.00000000
17114005 114.150150462963 0.817512465180789 0.000292064317773908 1.12927389
17114007 114.173391203704 0.820374326015564 0.000306542700805416 1.05403650
17114008 114.195127314815 0.81981209225277 0.0003025702403808 1.05733740
17114010 114.217858796296 0.820005361871124 0.000297703104842693 1.08105004
17114011 114.240162037037 0.820855761976853 0.000273678737115398 1.11279547
17114013 114.2671875 0.819826208458844 0.000302394503627589 1.13080430
17114014 114.288773148148 0.819906868285758 0.000307488774557696 1.11299074
17114015 114.308703703704 0.820048528101759 0.000299893790149275 1.06224251
17114016 114.330613425926 0.819825776738965 0.000724279711825017 1.08247399
17114017 114.341527777778 0.819815538423628 0.000311341488413739 1.07291186
17114018 114.362835648148 0.818383829325043 0.000479690773189912 1.07275498
17114020 114.377083333333 0.820015574782052 0.000300947808888906 1.07543600
17114022 114.398564814815 0.820382145380359 0.000314131684630944 1.07763577
17114023 114.42037037037 0.82064601069516 0.000296662857448287 1.04551089
17114024 114.442789351852 0.8167266540483 0.000308264013775333 1.00826192
17114025 114.464074074074 0.819164851856596 0.000336088883840427 1.00000000
17114030 114.57505787037 0.818818252545838 0.00030493567094274 1.00507951
17114031 114.597418981481 0.819610873196978 0.00030808049803106 1.02172887
17114032 114.619016203704 0.814146776122289 0.000298989510712726 1.03586185
17114033 114.642337962963 0.814667593261723 0.000316524442708681 1.04416108
17114034 114.663877314815 0.819662795704667 0.000305519548315699 1.05720258
17114035 114.685474537037 0.818718582128126 0.000304593813934616 1.08655584
17114036 114.707303240741 0.818088836336881 0.000309076279712848 1.06723344
17114037 114.728738425926 0.818201885887074 0.000313902747198243 1.01595879
17114038 114.750127314815 0.817466436388319 0.000309382366043436 1.05707765
17114039 114.771481481481 0.8196599845819 0.000308331147685223 1.05887675
17114040 114.792858796296 0.81996826091715 0.000307118182790099 1.07056093
17114043 114.820081018519 0.8100019077829 0.000499576942808965 1.75583744
17114044 114.826597222222 0.724685755690785 0.000347243645352514 1.01605880
17114045 114.849918981481 0.669162008610077 0.00042202066207183 1.58414793
17114046 114.862650462963 0.667709779233401 0.000396294663422652 1.00000000
17114047 114.884293981481 0.655867038264671 0.0004078281350063 1.00000000
17114049 114.943090277778 0.640835740145897 0.000389311277046504 1.00000000
17114050 114.965439814815 0.652911495485095 0.000382097494804441 1.00000000
17114051 114.987152777778 0.6259098526305 0.000397285293664837 1.00000000
17115001 115.008819444444 0.678543114632341 0.000374192808918538 1.00000000
17115002 115.030497685185 0.70355946074699 0.000364102004631021 1.06761289
17115003 115.052268518519 0.651373061462742 0.000388109979854743 1.00000000
17115004 115.073877314815 0.645539677961426 0.000594060471981137 1.01636660
17115005 115.086446759259 0.621907779556536 0.000391415980401051 1.00000000
17115007 115.109074074074 0.632835991050689 0.00038795280424514 1.00000000
17115008 115.131701388889 0.673301941885078 0.000377166972443475 1.00000000
17115009 115.153414351852 0.663166997466351 0.000377569056962776 1.00000000
17115010 115.176157407407 0.65445058439728 0.000400215508851213 1.00000000
17115012 115.201423611111 0.688340186364495 0.000745067606158213 1.00000000
17115013 115.210671296296 0.661507696207523 0.000671173845868663 1.00000000
17115014 115.221412037037 0.666565207686532 0.000530916645762307 1.00000000
17115016 115.274212962963 0.643224447107861 0.000410621877262748 1.03902149
17115018 115.297476851852 0.670812818343374 0.000382750325480413 1.02436936
17115019 115.318657407407 0.638481303820219 0.000379881633778145 1.00412536
17115021 115.343263888889 0.625058956718156 0.000398232624658123 1.00000000
17115022 115.364386574074 0.66298034847641 0.000379483450923329 1.02019548
17115023 115.386539351852 0.815413522622208 0.000670005495036917 1.00000000
17115024 115.394236111111 0.766388596695004 0.000330970602462339 1.06652844
17115025 115.415300925926 0.679625358715593 0.000369831879645798 1.07288444
17115026 115.438668981481 0.690942670711031 0.000745462233339312 1.61660326
17115028 115.446331018519 0.696073709458353 0.000319634166579506 1.66220140
17115029 115.467372685185 0.659174789438819 0.00259346492035932 1.58036244
17115030 115.468726851852 0.699502927400865 0.000377213918432007 1.00000000
17115031 115.490277777778 0.694455003876333 0.000377871893942988 1.01236773
17115032 115.511608796296 0.690763905953533 0.000392339668132292 1.00000000
17115033 115.533240740741 0.682892840514238 0.000376046290490183 1.00000000
17115035 115.556134259259 0.680423617318031 0.000378587390618768 1.00000000
17115037 115.579861111111 0.69535616656493 0.000374903800414479 1.00000000
17115038 115.602326388889 0.732699096378855 0.00147448196793158 1.00000000
17115044 115.647592592593 0.814585221493897 0.000319377416278694 1.00000000
17115045 115.668819444444 0.818814060333632 0.00031653116515427 1.00000000
17115046 115.690335648148 0.813733008870317 0.000309092548776498 1.02243364
17115047 115.711666666667 0.817386698674056 0.000309467175016348 1.04627228
17115048 115.73318287037 0.808503887149048 0.00031883166967596 1.06683278
17115049 115.754236111111 0.808285266099119 0.000312902509803986 1.07757211
17115050 115.775856481481 0.787403530141325 0.000332426567801818 1.05076170
17115051 115.797222222222 0.785993625601409 0.000325877203667175 1.03810775
17115052 115.81869212963 0.815705409068343 0.000313041369261547 1.07114458
17115053 115.839791666667 0.81646016308488 0.000313927456958031 1.03888607
17115054 115.861215277778 0.817986538835275 0.000308967433819634 1.07104182
17115056 115.883912037037 0.818017377456708 0.000304140209020527 1.07141352
17115058 115.907766203704 0.817644769158167 0.000318293355872467 1.01391172
17115060 115.930636574074 0.819713145370427 0.000311621880593802 1.03071225
17115061 115.952256944444 0.817746892503256 0.000312079718026211 1.00000000
17116001 116.026064814815 0.822214780127811 0.000294831278931813 1.07887459
17116002 116.048344907407 0.822358483633662 0.000435589251264774 1.04772055
17116003 116.061076388889 0.79242001187096 0.000320582918446624 1.04854620
17116004 116.082905092593 0.765999447009242 0.000377022848054006 1.05653393
17116005 116.099490740741 0.756027663437837 0.000328678959840491 1.07610548
17116006 116.12119212963 0.754597068802222 0.000328061134895836 1.09812677
17116008 116.143981481481 0.812019895345358 0.000305150281089938 1.08265412
17116009 116.165659722222 0.79537035368672 0.00031639163364898 1.08502269
17116010 116.187662037037 0.804178733697251 0.00030618682558836 1.09811342
17116015 116.215532407407 0.81139632585674 0.000308162705477632 1.07020116
17116016 116.237615740741 0.812121342910255 0.000269384376870419 1.05521345
17116017 116.264085648148 0.803533832205627 0.000317046521089954 1.05810714
17116018 116.285902777778 0.80990897494945 0.000291759379501044 1.00000000
17116019 116.310347222222 0.814743379915229 0.000355925668285727 1.00000000
17116020 116.326828703704 0.812090046318264 0.000278284519722807 1.00000000
17116021 116.353888888889 0.820936415810123 0.000302755800656027 1.00000000
17116022 116.376412037037 0.82063851923872 0.000578245762469759 1.00000000
17116042 116.637037037037 0.815390286654229 0.00028047537720492 1.16016722
17116044 116.661689814815 0.805189842343241 0.000307969229845117 1.00000000
17116045 116.683206018519 0.759672713664422 0.000364018191130884 1.00118065
17116046 116.701585648148 0.727206965718809 0.000354496229686811 1.02505481
17116047 116.722916666667 0.711850344554616 0.000353853154003749 1.03910255
17116048 116.744201388889 0.704812197034012 0.000358694971050396 1.01090121
17116049 116.765810185185 0.727015059539003 0.000658939410391928 1.01449776
17116050 116.772303240741 0.702015461418225 0.000371408801710757 1.00311720
17116052 116.795763888889 0.690022046665442 0.000626868997845299 1.00000000
17116053 116.808391203704 0.697808823057075 0.000375637019650011 1.00000000
17116054 116.829768518519 0.6881286980324 0.000373630509825336 1.00000000
17116056 116.852418981481 0.647957422756216 0.00106817141948631 1.00000000
17116057 116.857013888889 0.653913981315494 0.000642100665464825 1.00000000
17116058 116.866284722222 0.636463553386429 0.000392823844903581 1.00000000
17116059 116.887280092593 0.618186280410953 0.00039621338457389 1.00000000
17116061 116.909525462963 0.6110583794708 0.000393752716111414 1.00000000
17116062 116.930671296296 0.59730413839671 0.000416778877826388 1.00000000
17116063 116.949490740741 0.600256702795208 0.00146242188353693 1.00000000
17116065 116.956689814815 0.591500031008851 0.000654328911924739 1.00000000
17117003 117.009282407407 0.59198477348245 0.000393697613133836 1.00000000
17117006 117.032685185185 0.573706816999715 0.00082698005018175 1.00000000
17117007 117.039537037037 0.586766280481106 0.000397029386549389 1.00000000
17117008 117.061388888889 0.580684787126655 0.000548826660419409 1.00000000
17117010 117.075706018519 0.584124566534718 0.000398148733137257 1.00000000
17117011 117.097430555556 0.596775393159073 0.000391112459778392 1.00000000
17117012 117.119224537037 0.599597005612913 0.000387420278675862 1.00000000
17117013 117.141099537037 0.596694267174867 0.00038266150110416 1.00000000
17117014 117.164074074074 0.586880291363619 0.000407254542539286 1.00000000
17117015 117.187280092593 0.587838390422225 0.000385981687196886 1.00000000
17117019 117.214270833333 0.604511571507986 0.000394261419234965 1.00000000
17117020 117.23599537037 0.590062118541799 0.000362287518047539 1.00000000
17117021 117.262233796296 0.600592195322965 0.00038296403818446 1.00000000
17117023 117.285381944444 0.587731602835674 0.000478411629828484 1.00000000
17117028 117.305543981481 0.578254525288543 0.00039114200782784 1.00000000
17117029 117.327731481481 0.574707435281138 0.000895854239344723 1.00000000
17117035 117.463356481481 0.814312801395837 0.000493337569160997 1.00000000
17117036 117.472696759259 0.812426654727922 0.000306552063844815 1.00000000
17117038 117.495335648148 0.814359442164239 0.000306709566082563 1.00000000
17117039 117.517013888889 0.815872686677922 0.000312027031482513 1.00000000
17117040 117.538206018519 0.81623533443643 0.00031685957912759 1.00000000
17117041 117.560023148148 0.818912393638726 0.000302091834386767 1.05920017
17117042 117.586585648148 0 7.63618840829879e-07 1.02053368
17117045 117.614976851852 0.815592152730168 0.000300089212580931 1.00000000
17117046 117.639537037037 0.816825807682903 0.000314881097433076 1.00000000
17117047 117.661388888889 0 0.000306316888378191 1.00000000
17117048 117.664247685185 0.817606040482801 0.000349010170915471 1.00000000
17117049 117.683263888889 0.815239523525576 0.000316431721915687 1.00000000
17117050 117.704618055556 0.817198695283092 0.000310268078264617 1.01252520
17117051 117.726423611111 0.821085779553066 0.000307891043529561 1.00000000
17117052 117.747951388889 0.82156419026067 0.000396327197377477 1.00000000
17117053 117.760891203704 0.82227136838912 0.000422803048759941 1.00000000
17117054 117.771944444444 0.822215712639262 0.000374690309085924 1.00000000
17117055 117.878900462963 0.820744786659152 0.000748548677073938 1.08811545
17117057 117.886689814815 0.82025161458727 0.000293916342529437 1.08394647
17117058 117.908460648148 0.821951104368607 0.00030074299947646 1.03225279
17117059 117.9296875 0.821457156015634 0.000300496757695419 1.03749645
17117060 117.95125 0.821973653363205 0.000351746501147597 1.07889819
17117061 117.9675 0.822266827503016 0.000298405390050586 1.05587399
17117063 117.99025462963 0.820884516339331 0.000297474408520506 1.05989861
17118001 118.012013888889 0.822078445605431 0.000301520200775451 1.07731497
17118002 118.033912037037 0.820709691482336 0.000305214231101537 1.02778208
17118003 118.055648148148 0.821676317331908 0.00047363714700814 1.05173659
17118008 118.083576388889 0.816069874035684 0.000298585385132234 1.03360724
17118009 118.105439814815 0.82035322545197 0.000297814300006715 1.01723289
17118010 118.127291666667 0.820512021479549 0.000301787198088391 1.00780869
17118011 118.148946759259 0.819540387275895 0.000295447634726102 1.00000000
17118012 118.1709375 0.823139662681905 0.000302115202941255 1.00000000
17118013 118.193020833333 0.825941981072321 0.000298055377692694 1.00000000
17118014 118.214849537037 0.826786320621699 0.000302615491784127 1.00000000
17118015 118.236631944444 0.828620157858862 0.000263510809394417 1.00000000
17118016 118.265208333333 0.829787931549462 0.000717266795091443 1.00000000
17118051 119.000381944444 0.675023626378259 0.000377210552169761 1.00000000
17119001 119.023541666667 0.673510813840294 0.000380438218225671 1.00000000
17119002 119.045347222222 0.666756886931985 0.000397295961533207 1.00000000
17119003 119.067164351852 0.68359460752966 0.000384005568793031 1.00000000
17119004 119.088842592593 0.679587095870352 0.000382963528408583 1.00000000
17119005 119.1109375 0.659847447808964 0.00038114279411692 1.00000000
17119006 119.132638888889 0.64236611669677 0.000376770255577178 1.00000000
17119007 119.156238425926 0.652056681666372 0.000383243598406556 1.00000000
17119009 119.179108796296 0.642783442696876 0.00037869623273714 1.00000000
17119010 119.200925925926 0.645689903213365 0.000529248725439947 1.00000000
17119011 119.216724537037 0.646267927729217 0.000385328900702804 1.00000000
17119012 119.240173611111 0.64656386396163 0.000362125216487714 1.00000000
17119013 119.265821759259 0.634696296564392 0.00144839249896605 1.00000000
17119014 119.270833333333 0.61270922645157 0.000399247381736808 1.00000000
17119015 119.293275462963 0.605014651159866 0.000408610761573818 1.00000000
17119016 119.314270833333 0.585674135554902 0.000685341741349269 1.00000000
17119066 119.563125 0.82242930927697 0.000300950484646838 1.09623277
17119067 119.584791666667 0.823113361855857 0.000303791517961518 1.06411326
17119068 119.60587962963 0.821985047244778 0.000290650351477501 1.10645962
17119069 119.62818287037 0.822557550876486 0.000288205532072628 1.10643244
17119072 119.652708333333 0.821423538070457 0.000309368939310919 1.00000000
17119073 119.676053240741 0.821733643513788 0.000307585738791939 1.00000000
17119077 119.701145833333 0.827830004223303 0.00047216476243942 1.00000000
17119078 119.7125 0.833876362682995 0.000382681578861862 1.00000000
17119092 119.76818287037 0.811522105813318 0.000852491326478438 1.00000000
17119093 119.771678240741 0.815777640343757 0.000311153569657007 1.00000000
17119094 119.793171296296 0.814708991929394 0.000314851316292899 1.00000000
17119095 119.81474537037 0.813484742198091 0.0003202172310737 1.00000000
17119096 119.841365740741 0.809326629514755 0.000399845073932698 1.01933157
17119097 119.85443287037 0.81521528727737 0.0003034792828601 1.05888331
17119098 119.87599537037 0.812862740719642 0.000301216410467741 1.06356192
17119099 119.898263888889 0.813229661159728 0.000301423953038739 1.03547931
17119100 119.919710648148 0.807901094235561 0.000316047624785446 1.05377197
17119101 119.941018518519 0.80976390376561 0.000305568137560368 1.05817699
17119102 119.9625 0.815232930191622 0.000296805512728676 1.05089736
17119103 119.984953703704 0.811991499403608 0.000305661396451348 1.05066824
17120001 120.006678240741 0.813390559647986 0.000303698204883244 1.02336431
17120002 120.029375 0.812256734978545 0.000346664268263787 1.00000000
17120009 120.084756944444 0.808428360165126 0.000279150550722774 1.16079187
17120010 120.109467592593 0.812757730706831 0.000299803339806571 1.09658742
17120011 120.131388888889 0.81561301007154 0.000296281522856672 1.06984425
17120012 120.153171296296 0.814978626243061 0.000300046585295122 1.07424009
17120013 120.175023148148 0.804435702570067 0.000310764939518737 1.06447947
17120014 120.196701388889 0.807273919712821 0.000307069530973144 1.06301475
17120015 120.218449074074 0.806404532491412 0.000300864969918615 1.06163478
17120016 120.240740740741 0.805556322634478 0.000284330870305249 1.04909289
17120017 120.26693287037 0.809417881537364 0.000319741907448925 1.02550948
17120019 120.289641203704 0.810586522568991 0.000306847987928925 1.04303265
17120024 120.331111111111 0.806022274550928 0.000855541535218442 1.00000000
17120025 120.334953703704 0.813303614145602 0.000307555276208429 1.00000000
17120026 120.357152777778 0.814796406515986 0.00136932634563668 1.00000000
17120062 120.924479166667 0.797247653771079 0.000297835426050877 1.25997162
17120063 120.946053240741 0.807768837109806 0.000296639409029025 1.16149318
17120064 120.967650462963 0.806296150858881 0.000296651807292287 1.09923196
17120065 120.989456018519 0.810647689397351 0.00030362837517107 1.07904863
17121001 121.011435185185 0.813650360611135 0.000305642286073763 1.00000000
17121002 121.033252314815 0.820127325910688 0.000300706243942553 1.00000000
17121003 121.055138888889 0.819897535984386 0.000453713357632348 1.00000000
17121004 121.103217592593 0.809296838471533 0.000272433945092467 1.24969780
17121005 121.127835648148 0.810049577096045 0.000298896124861364 1.07771170
17121006 121.149733796296 0.800757321783405 0.000306799419373899 1.08859670
17121007 121.171585648148 0.804926908032777 0.00112352325099178 1.07406402
17121009 121.178333333333 0.803958850489721 0.00032999197589355 1.06171238
17121010 121.198159722222 0.801436131605465 0.000746166521085842 1.00706291
17121011 121.202951388889 0.807950655198377 0.000309708211031201 1.00000000
17121012 121.224918981481 0.806808716400383 0.000299540773048065 1.00000000
17121013 121.248888888889 0.817443684762032 0.00037945825601185 1.00000000
17121016 121.301666666667 0.812627187260885 0.000292461728804486 1.16520572
17121017 121.323402777778 0.803633752044789 0.000318955851571677 1.13330841
17121018 121.345532407407 0.796985974546661 0.000324884371443311 1.08202648
17121019 121.3671875 0.799785021832286 0.000312830067118844 1.07309473
17121020 121.389328703704 0.811097044528875 0.00031634979731555 1.06848919
17121021 121.410763888889 0.805051254557735 0.000324125159568848 1.01509500
17121022 121.431701388889 0.805214322832023 0.000325556038765679 1.00000000
17121023 121.453472222222 0.814360231498557 0.000373822989757004 1.00000000
17121025 121.476770833333 0.818784111727717 0.000273237208842526 1.00000000
17121029 121.546168981481 0.818440064106432 0.00028781384410888 1.13948298
17121030 121.56818287037 0.815632612056946 0.000300050727242402 1.08466136
17121031 121.590023148148 0.817675472129531 0.000493967281247462 1.09142399
17121032 121.641944444444 0.810711829031305 0.000310557658350192 1.04039145
17121033 121.663969907407 0.815337341314005 0.000313905191874105 1.01102865
17121034 121.685416666667 0.812437906196961 0.000307478420898614 1.04251635
17121035 121.707164351852 0.812868905363431 0.000310340013995725 1.08677518
17121036 121.728356481481 0.818423939321289 0.000311639133018568 1.02471399
17121037 121.749722222222 0.810876032886805 0.000388661275097804 1.05057263
17121038 121.763402777778 0.814390241829343 0.000305830342994784 1.05665207
17121039 121.784849537037 0.817630328270134 0.000308470890983694 1.02837491
17121040 121.806944444444 0.814921669400948 0.000307196719653737 1.00000000
17121041 121.828171296296 0.821446150786107 0.00030384442466937 1.00000000
17121042 121.849479166667 0.8245021427419 0.000304976581702027 1.00000000
17121043 121.909479166667 0.813802890234769 0.00029976349171543 1.00000000
17121044 121.933171296296 0.807243156766562 0.000312199306892859 1.00000000
17121045 121.954791666667 0.813105024646718 0.000312188160356083 1.00000000
17121046 121.976099537037 0.80931900615908 0.000316041561203422 1.00000000
17121047 121.998032407407 0.811678775262534 0.000309865047429735 1.00000000
17122001 122.019780092593 0.811103875762042 0.000299439284646566 1.02743745
17122002 122.042638888889 0.81186241669786 0.000312624040432011 1.00000000
17122003 122.064456018519 0.809375159986495 0.000316204258238666 1.00000000
17122004 122.086388888889 0.816452800663368 0.000312065897793171 1.00000000
17122005 122.108125 0.812304229927368 0.000318055330534879 1.00000000
17122006 122.129895833333 0.821891363952556 0.000390727198629705 1.00000000
17122039 122.868483796296 0.81992056819421 0.000359510940040675 1.33955586
17122040 122.883206018519 0.821178572510069 0.00027742698247322 1.15550864
17122041 122.905104166667 0.818012351438554 0.000296248114189799 1.10677016
17122043 122.927060185185 0.820275264534063 0.000298331264889381 1.10261428
17122044 122.948125 0.820129826200409 0.00029864851898985 1.06563449
17122045 122.969502314815 0.819645790439352 0.00029921164237315 1.05743110
17122046 122.991215277778 0.82080188638116 0.000299061862533315 1.02425599
17123001 123.013101851852 0.822903433037476 0.000289767911967251 1.00000000
17123002 123.036423611111 0.678254743880757 0.000493978293702678 1.00000000
17123005 123.069166666667 8.95671443829831e-06 2.69113968598747e-06 1.00000000
17123006 123.096180555556 1.94878063171889e-05 3.29273195875501e-06 1.00000000
17123007 123.131284722222 0.83503107900932 0.00047001224665953 1.00000000
17123008 123.175300925926 0.820400086045686 0.000277405315841522 1.26343739
17123009 123.197222222222 0.82048048048048 0.000286387565030281 1.14743865
17123010 123.219074074074 0.820025296855335 0.000287347071488529 1.12142730
17123011 123.240891203704 0.821203462884987 0.000268222134719321 1.10400271
17123012 123.266469907407 0.820046180476588 0.000268824600644086 1.07503128
17123013 123.291979166667 0.821132171630386 0.000307018256134331 1.05041146
17123014 123.313159722222 0.822205287464332 0.000289413953497573 1.00000000
17123015 123.336875 0.824796929520289 0.000304953532372855 1.00000000
17123016 123.357974537037 0.827551247735866 0.00030356881087272 1.00000000
17123017 123.379282407407 0.82852773566163 0.00136269026178647 1.00000000
17123018 123.382453703704 0.830147980111051 0.00030493226322184 1.00000000
17123019 123.403981481481 0.830769144726376 0.000295578470809674 1.00000000
17123020 123.42724537037 0.834842279644613 0.000326934979982528 1.00000000
17123021 123.446655092593 0.83800262534933 0.000250581538148189 1.00000000
17123022 123.479143518519 0.84142478109279 0.000639373385971644 1.00000000
17123040 123.696840277778 0 5.76053035377667e-07 1.15822852
17123041 123.720428240741 0 3.528997597359e-06 1.12422669
17123042 123.724849537037 0 1.15586873487968e-06 1.11849093
17123045 123.738333333333 0.817628856946539 0.000308715756217049 1.03071642
17123046 123.759872685185 0.815525501547061 0.000314306172203272 1.00000000
17123047 123.781689814815 0.817141605339555 0.000302802206100249 1.00000000
17123048 123.802881944444 0.817583526721065 0.000303549092225412 1.04454875
17123049 123.824849537037 0.820278193268333 0.000297466971496093 1.00000000
17123050 123.846967592593 0.824619100400697 0.000296697566260699 1.00000000
17123051 123.868888888889 0.826003964917234 0.000297003481770671 1.00000000
17123052 123.891064814815 0.829907028333303 0.000306470302179153 1.00000000
17123053 123.946921296296 0.819450790429745 0.000282383263586463 1.21455348
17123054 123.96912037037 0.819173214661758 0.000286663152701821 1.14336026
17123055 123.990891203704 0.81855378227438 0.00029131578852401 1.10403740
17124001 124.012743055556 0.816573890742224 0.000290943755595567 1.08668864
17124002 124.034930555556 0.818162399457883 0.000509292497986693 1.05619431
17124003 124.044675925926 0.816955061161143 0.000288476057396438 1.08982682
17124004 124.066331018519 0.816832013854527 0.000296013638776333 1.05609381
17124005 124.088032407407 0.819273208007957 0.000299335108219394 1.01704526
17124006 124.109722222222 0.820263705759889 0.000661233092646172 1.00000000
17124007 124.115833333333 0.820687531784597 0.000303775014218618 1.00000000
17124008 124.137696759259 0.82214890550131 0.000295974112342385 1.00000000
17124009 124.160081018519 0.825459608265038 0.000305023768790794 1.00000000
17124010 124.181655092593 0.828123770569416 0.000308075050005215 1.00000000
17124011 124.203368055556 0.830522280336689 0.000363227109633646 1.00000000
17124012 124.262291666667 0.818980673847888 0.000272817742643176 1.13516271
17124013 124.28505787037 0.818609655103394 0.000329746992687373 1.13891196
17124014 124.301134259259 0.816585365853658 0.000936266267626049 1.08948362
17124015 124.30412037037 0.816786913733673 0.000281766908887273 1.09767735
17124016 124.326365740741 0.817608691149109 0.000288835708707712 1.08901775
17124017 124.34875 0.817724142944935 0.000296417222353589 1.05411232
17124026 124.398680555556 0.818161749772625 0.00113769496168957 1.01493287
17124027 124.402743055556 0.815805068310132 0.000295973432601391 1.02679062
17124028 124.424525462963 0.821866519820634 0.00030869881169108 1.00000000
17124029 124.446296296296 0.824414386983029 0.000299613825595664 1.00000000
17124030 124.468217592593 0.827265543091207 0.000299968108893198 1.00000000
17124031 124.490034722222 0.829582981188857 0.000302353274518283 1.00000000
17124032 124.511678240741 0.830962243873048 0.00031117796481588 1.00000000
17124033 124.533599537037 0.832457697381355 0.000257350299566642 1.00000000
17124034 124.564814814815 0.838823346286794 0.000425932412482745 1.00000000
17124039 124.603055555556 0.841590292915797 0.000322741651098155 1.00000000
17124040 124.625127314815 0.843818450036615 0.000327646782191022 1.00000000
17124041 124.647372685185 0.845268815342074 0.000434463981231645 1.00000000
17124050 124.7378125 0.82259664541051 0.00032533100238731 1.90764296
17124051 124.750462962963 0.817733738820106 0.000275132942471034 1.27157569
17124052 124.772268518519 0.81377796399129 0.000426146797786576 1.23110104
17124056 124.906666666667 0.817548968260772 0.000290262113654303 1.27544212
17124057 124.927789351852 0.818667641845071 0.000294658121355668 1.05976450
17124058 124.949907407407 0.816075853963469 0.000298760189257355 1.06773865
17124059 124.971770833333 0.816206841819678 0.00030379087688361 1.00000000
17124060 124.993530092593 0.815775300797249 0.000309860579402848 1.00000000
17125001 125.01525462963 0.817211518793644 0.000310952226873958 1.00000000
17125002 125.036840277778 0.819084786905367 0.000303386900395776 1.00000000
17125003 125.059074074074 0.821592467880778 0.000306379838481922 1.00000000
17125004 125.080798611111 0.82349521735491 0.000310746862519658 1.00000000
17125005 125.102546296296 0.825703314597959 0.000310744985963156 1.00000000
17125006 125.124641203704 0.82881682637039 0.000313929492014697 1.00000000
17125007 125.14662037037 0.831381424201237 0.000333707048700684 1.00000000
17125008 125.166724537037 0.834738232565825 0.000351962344279436 1.00000000
17125021 125.376400462963 0.819965684799605 0.000290554968423054 1.17701232
17125022 125.398310185185 0.818617652823885 0.000292299343610011 1.08485973
17125023 125.420740740741 0.81585355753612 0.000302070454006341 1.09970069
17125024 125.442372685185 0.815029768264499 0.000314836540800409 1.00000000
17125025 125.464201388889 0.814941074844203 0.000318033477563628 1.00000000
17125026 125.486053240741 0.813462959433314 0.000314718707117755 1.00000000
17125027 125.507916666667 0.814911202309703 0.000458773062331438 1.00000000
17125030 125.531215277778 0.817233326637204 0.000612419389229579 1.00000000
17125034 125.546875 0.819582661407838 0.000309458197311192 1.00000000
17125035 125.568796296296 0.822978933407359 0.000670337540518885 1.00000000
17126051 126.812962962963 0.821126678186894 0.000355440927828098 1.23628819
17126052 126.829768518519 0.817712063527963 0.000286939216888574 1.13738191
17126053 126.85212962963 0.816797569674445 0.000301340306160508 1.07543933
17126054 126.873865740741 0.816629406356978 0.000313268557546803 1.00125933
17126055 126.895613425926 0.815467072381603 0.000361286240281494 1.00000000
17127006 127.104016203704 0.820599883621788 0.00026183582394011 2.01858497
17127007 127.122291666667 0.81813311767751 0.000309521033813904 1.00000000
17127008 127.14380787037 0.817456885100662 0.000298217156525849 1.03664553
17127009 127.166064814815 0.816582542700794 0.00031075240052578 1.02939832
17127010 127.188055555556 0.816837603639634 0.000321972961270965 1.00000000
17127011 127.209594907407 0.815382567353407 0.000308910259096299 1.00000000
17127012 127.232268518519 0.817782319113107 0.000318286066796735 1.00000000
17127013 127.253761574074 0.818279604897277 0.000317568442986234 1.00000000
17127014 127.275162037037 0.820069498404271 0.000350740767531752 1.00000000
17127015 127.303344907407 0.824694077245261 0.000300943533257825 1.00000000
17127016 127.326284722222 0.82670760546086 0.000311922437970633 1.00000000
17127017 127.347719907407 0.829273738188523 0.00030446191446476 1.00000000
17127018 127.370798611111 0.831929419245108 0.000271510970893735 1.00000000
17127025 127.491828703704 0.820641502838714 0.00027372610720007 1.34115827
17127026 127.514224537037 0.819761650052126 0.000293312307871519 1.17022514
17127027 127.535625 0.820032167908422 0.000294138769873316 1.01089060
17127028 127.558831018519 0.818003417277179 0.000312301595373481 1.01402605
17127029 127.580578703704 0.817587210191145 0.00029545213128556 1.04476130
17127030 127.603263888889 0.817768612432137 0.000317985438462923 1.00042069
17127031 127.625034722222 0.815748352179647 0.00030271625389479 1.00000000
17127032 127.648888888889 0.817659066863602 0.000312428499232936 1.00000000
17127033 127.670706018519 0.818508394430811 0.000314363099722055 1.00000000
17127034 127.692280092593 0.8214682472085 0.000313003162829388 1.00000000
17127035 127.71400462963 0.823578053270654 0.000321553745191752 1.00000000
17127036 127.735474537037 0.826686342776772 0.000319750887168104 1.00000000
17127037 127.756967592593 0.828004637205594 0.000349578941391052 1.00000000
17128001 128.037094907407 0.817287486334737 0.000282807260240121 1.24992442
17128002 128.058483796296 0.814443611600016 0.000301531124952663 1.06304419
17128003 128.080219907407 0.813286520178311 0.000384835543262016 1.03715408
17128006 128.101956018519 0.813294784273058 0.000430665923409188 1.00000000
17128007 128.116388888889 0.812857812395997 0.000323087116402649 1.00000000
17128008 128.138090277778 0.813280121563291 0.000503559438070717 1.00000000
17128009 128.148530092593 0.811900456956993 0.000294531139723941 1.53845453
17128010 128.167060185185 0.813437915981198 0.000316391711659623 1.00000000
17128011 128.188587962963 0.815464094181654 0.000317375022279703 1.00000000
17128012 128.210277777778 0.819666930898473 0.000318231271136288 1.00000000
17128013 128.231724537037 0.821875567088575 0.000315434770933695 1.00000000
17128014 128.253576388889 0.824670820955683 0.000311274297058451 1.00000000
17128015 128.276273148148 0.825034240044382 0.000316392452032789 1.00000000
17128016 128.298900462963 0.831161045718334 0.00032715600900253 1.00000000
17128017 128.320613425926 0.832227948349049 0.00078861706276343 1.00000000
17128018 128.33806712963 0.83473672061861 0.000331363806905351 1.00000000
17128019 128.35974537037 0.836405364699132 0.000508186528461873 1.00000000
17128025 128.411643518519 0.819251685441689 0.00028231995915279 1.21332228
17128026 128.432962962963 0.816740297447466 0.000298597855401706 1.09579122
17128027 128.454502314815 0.816973004539555 0.00028550329688673 1.06913388
17128028 128.478530092593 0.816322007451517 0.000306328329155697 1.01766086
17128029 128.5 0.815501266887404 0.000249450620424105 1.83539891
17128030 128.521423611111 0.816732308558499 0.000310772903548705 1.02898836
17128031 128.542835648148 0.816844568589551 0.000296049022565577 1.00317383
17128032 128.565752314815 0.816912694213164 0.000307312844237127 1.00000000
17128033 128.587233796296 0.818412520260501 0.000303735601337473 1.00000000
17128034 128.609305555556 0.820919712189214 0.000572086894875173 1.00000000
17128035 128.620138888889 0.822064049703014 0.000314877115784497 1.00000000
17128036 128.64150462963 0.82323482182214 0.000302065956852717 1.00000000
17128037 128.665081018519 0.825476787023684 0.000282465157720335 1.00000000
17128041 128.745555555556 0.815060233994058 0.000310585120203717 1.00441766
17128042 128.767210648148 0.815846810841768 0.000313767484875761 1.00000000
17128043 128.788935185185 0.815266724499931 0.000688021673017041 1.00000000
17128045 128.800046296296 0.815559844709785 0.000606609289282536 1.00000000
17128047 128.817789351852 0.816226735258287 0.000313609014474917 1.00000000
17128048 128.839606481481 0.815398226213764 0.000311320966014726 1.00000000
17128049 128.861458333333 0.814328538394982 0.000315651291933912 1.00000000
17128050 128.883287037037 0.813704852575433 0.000314898829054811 1.00000000
17128051 128.904456018519 0.815308704738188 0.00031571668234127 1.00000000
17128052 128.926296296296 0.818707069606295 0.000314050750663534 1.00000000
17128053 128.947916666667 0.820357215672878 0.000315423845871341 1.00000000
17128054 128.969652777778 0.82225996215506 0.00032105228037827 1.00000000
17128055 128.99125 0.82564021042941 0.000354597253218225 1.00000000
17129001 129.009652777778 0.829714496223982 0.000589064250904448 1.00000000
17129002 129.216793981481 0.819130046345413 0.000379201864974121 1.15063322
17129006 129.249085648148 0.816654155024036 0.000308498654735641 1.00344074
17129007 129.270740740741 0.815745935722008 0.000309439550900951 1.00000000
17129008 129.292581018519 0.816437438536933 0.000316529528240154 1.00000000
17129009 129.314016203704 0.814967985368618 0.000319898318440537 1.00000000
17129010 129.335763888889 0.813713700843777 0.000309087961346236 1.00000000
17129011 129.35744212963 0.814599946732676 0.000280839004931045 1.00000000
17129012 129.38412037037 0.816620619142748 0.000317589629572551 1.00000000
17129013 129.405590277778 0.818741015051862 0.000309236680091041 1.00000000
17129014 129.427280092593 0.821957425044264 0.000345233151855171 1.00000000
17129016 129.447951388889 0.766490633354373 0.000660440098382592 1.00000000
17129018 129.455613425926 0.771752648565165 0.000496412700730523 1.00000000
17129020 129.46775462963 0.763852970352022 0.000342314584055124 1.00000000
17129022 129.489212962963 0.790063718095207 0.000474144580268375 1.00000000
17129032 129.701168981481 0.817665731727438 0.0002890894269445 1.17732215
17129033 129.722800925926 0.813973692898473 0.000312164844794938 1.00000000
17129034 129.744583333333 0.814338921857493 0.000313106079413671 1.00000000
17129035 129.769201388889 0.81445403846488 0.0003240651739774 1.00000000
17129036 129.790625 0.813214327774925 0.000325347761781767 1.00000000
17129037 129.812094907407 0.813810632206972 0.000318351458792872 1.00000000
17129038 129.833935185185 0.812516607502602 0.000309342390818144 1.00000000
17129039 129.856215277778 0.814616856081917 0.00031803837936548 1.00000000
17129040 129.877858796296 0.815875302234199 0.000313189943104509 1.00000000
17129041 129.899537037037 0.818016255729548 0.000318534343959118 1.00000000
17129042 129.921481481481 0.822146398214952 0.000312498228918527 1.00000000
17129043 129.943229166667 0.822448591708883 0.000326721813132858 1.00000000
17129044 129.96494212963 0.153028811908352 0.000285582239339598 1.00000000
17130001 130.026875 0.81977642580003 0.000296193934421588 1.15913379
17130002 130.048368055556 0.818179901806106 0.000298315325186159 1.10119152
17130003 130.069918981481 0.817121240679116 0.000298246895281344 1.05900228
17130004 130.091412037037 0.816114734164603 0.000304969696548396 1.03591406
17130005 130.113356481481 0.816579856760442 0.000307510120073844 1.01774907
17130006 130.13505787037 0.81603846218545 0.000310800360664007 1.00547493
17130007 130.156446759259 0.81649513724713 0.000459758070216484 1.00345457
17130008 130.177824074074 0.816719016333758 0.000314781695609588 1.00000000
17130009 130.199421296296 0.818199914193282 0.000309553167546591 1.00000000
17130010 130.221331018519 0.821549947182472 0.000310919585177659 1.00000000
17130011 130.243530092593 0.823152033596797 0.000310674036862465 1.00000000
17130012 130.264976851852 0.827863500565235 0.000458297672545718 1.00000000
17130013 130.279259259259 0.805808402613427 0.000513587225077131 1.00000000
