17041033 41.8138773148148 0.676463112068996 0.000466052326532384 1.20247424
17041035 41.8317939814815 0.65919389713149 0.000480492182527895 1.03849936
17041037 41.8604976851852 0 8.60703507068814e-07 1.03577423
17041038 41.8817361111111 0 1.12428638338094e-06 1.00172436
17041039 41.8969444444444 0 8.81079780892738e-07 1.00000000
17041040 41.9165277777778 0 1.06585823667421e-06 1.02234948
17041042 41.9337847222222 0.696155562174132 0.000489988480745849 1.03714931
17041044 41.9510648148148 0 8.73629899188785e-07 1.04204941
17041045 41.9708796296296 0.69589589393509 0.000575899553279855 1.04157436
17041046 41.982650462963 0.699954294535263 0.000425770177645013 1.03017449
17042001 42.0020601851852 0.708271558655139 0.000510210057081257 1.03682446
17042009 42.0569212962963 0.720773417747771 0.00040809491175045 1.13919938
17042012 42.1411111111111 0.704088742175048 0.000553199426871479 1.20697415
17042013 42.1530324074074 0.718110516819591 0.000543453442318 1.10022426
17042016 42.1656365740741 0.703839538189615 0.000373724392838863 1.04099929
17042017 42.1875462962963 0.69107801061053 0.000379342801464139 1.04999936
17042019 42.2126736111111 0.682417073018533 0.000430185990237065 1.04397428
17042021 42.2310069444444 0.70255443666847 0.00107215264327802 1.05754936
17042022 42.2347106481481 0.703351063911631 0.000393878841306079 1.03467441
17042023 42.2564930555556 0.644372408468885 0.000682175492039851 1.02192438
17042024 42.2652199074074 0.690841305382107 0.000517776175920981 1.07069945
17042026 42.3104976851852 0.70650312332328 0.00028316820829606 1.21074927
17042027 42.3475810185185 0.69550960925403 0.00176199402438261 1.03547430
17042028 42.3493865740741 0.71417805461773 0.000416290546640338 1.04679930
17042029 42.367974537037 0.700483740076981 0.000435530854905393 1.00289941
17042030 42.3867476851852 0.703081031403107 0.000385203177290771 1.00000000
17042031 42.4108449074074 0.702748239666538 0.000382880284553469 1.01687443
17042032 42.4349652777778 0.69882182405192 0.000914328587993643 1.03674936
17042074 42.7657060185185 0.697925087141813 0.000525922704086753 1.23229921
17042075 42.7790509259259 0.686592651271143 0.000522420325065085 1.05679941
17042076 42.790775462963 0.649993160563985 0.000443801503411324 1.00000000
17042077 42.8077314814815 0.69158767899986 0.00043730125341292 1.00000000
17042078 42.8245023148148 0.677617308163334 0.000438711811392982 1.00000000
17042079 42.8434953703704 0.670773932723369 0.000440646893219573 1.00000000
17042080 42.8613888888889 0.690082814593501 0.000432625397315994 1.00000000
17042081 42.8791319444444 0.685019003473328 0.000440514053973008 1.00000000
17042082 42.8970717592593 0.690485926287271 0.000505492451661334 1.00000000
17042083 42.9112962962963 0.695659545304494 0.000435798294774325 1.00000000
17042084 42.9303935185185 0.692515246843112 0.000421691994151838 1.00000000
17042085 42.9495486111111 0.67397940486825 0.000443706652762402 1.00000000
17043001 43.0281018518519 0.688218110314193 0.000359251329865267 1.17597413
17043002 43.0498263888889 0.693698740396085 0.000425639644366638 1.00000000
17043003 43.0682060185185 0.690569194094768 0.000385931767547187 1.00000000
17043004 43.0897916666667 0.670233381013887 0.000406102990648852 1.00000000
17043005 43.1120601851852 0.663239658614444 0.000398845888558934 1.00000000
17043006 43.133912037037 0.672307842758934 0.000763078829452196 1.00000000
17043007 43.1408912037037 0.701133451216779 0.000444183876197227 1.00000000
17043008 43.160162037037 0.693808573142727 0.000427927747620327 1.00000000
17043009 43.1808680555555 0.702456993223337 0.00036783980177847 1.03664947
17043010 43.2086458333333 0.716905145222762 0.000393154045368286 1.07849944
17043015 43.3161689814815 0.699336818968524 0.000379910589924179 1.19837427
17043016 43.3357986111111 0.689099542497343 0.000377939928880789 1.00000000
17043018 43.3608101851852 0.697391276295202 0.000311864108310631 1.00000000
17043019 43.3931365740741 0.686290782109031 0.000346634336763138 1.00000000
17043020 43.4224305555556 0.70623363366029 0.000479793631709456 1.00000000
17043021 43.4398148148148 0.690477417841043 0.000423092004799091 1.06112444
17043044 43.6908101851852 0.706129514781761 0.00097217779388418 1.23002434
17043045 43.6950578703704 0.714819523929582 0.000394778622964064 1.18199921
17043046 43.7133564814815 0.674332944448428 0.000445354521239624 1.03092432
17043047 43.7330092592593 0.700178506598204 0.000419541250138129 1.00000000
17043048 43.7541550925926 0.695703706486469 0.00044589764792564 1.00000000
17043050 43.7779050925926 0.681166508300263 0.00141522215634476 1.51517844
17043051 43.7800231481481 0.690811628001701 0.000449415432189771 1.00172436
17043052 43.7976041666667 0.69795287415136 0.00045458526279518 1.00000000
17043053 43.8156365740741 0.693530200408189 0.000480738905967816 1.00000000
17043054 43.834849537037 0.704592772443365 0.000456223729841745 1.00000000
17043055 43.8551736111111 0.704923962510351 0.000464308932763012 1.00000000
17043056 43.8746064814815 0.70433477869529 0.000440952768605426 1.00000000
17043057 43.8958796296296 0.715713817716141 0.00142120654064239 1.00000000
17043060 43.9328240740741 0.704344216223326 0.000430332380834666 1.15549934
17043061 43.948900462963 0.714445001170992 0.000429252559728997 1.03309941
17043063 43.9698958333333 0.684523775611553 0.000452829232939267 1.00000000
17043064 43.9884143518519 0.677687716476074 0.000464859383938583 1.00000000
17044001 44.0057060185185 0.692598033347031 0.000586896688473891 1.00000000
17044002 44.0189351851852 0.666434963247044 0.000471184325782411 1.00000000
17044003 44.0377314814815 0.687837118902735 0.000408364948709103 1.00000000
17044004 44.0597337962963 0.685307951787053 0.000408896992629617 1.00000000
17044009 44.2030439814815 0.687993434406177 0.000404344520620272 1.28429914
17044010 44.2202199074074 0.688197647400419 0.000388254340576957 1.01304948
17044011 44.2422106481482 0.687369635855402 0.000712876541033982 1.00000000
17044012 44.2495601851852 0.694310582218725 0.00114218454686107 1.00000000
17044023 44.5970717592593 0.709767974792323 0.0005272710088956 1.08844936
17044024 44.6086458333333 0.685515470882313 0.000492687870466605 1.00000000
17044025 44.6229398148148 0.676808247903908 0.000510364361168682 1.00000000
17044026 44.6376157407407 0.694709848963554 0.000373242779082004 1.00000000
17044027 44.6653935185185 0.699650263017458 0.00037820522724077 1.00000000
17044028 44.6905671296296 0.695723553311045 0.000373147266121782 1.00000000
17044029 44.7160069444444 0.680066681432951 0.000411210217130716 1.00000000
17044030 44.739375 0.68613158833707 0.000380764910855067 1.00000000
17044032 44.7721064814815 0.700604296847066 0.000410531191994501 1.00000000
17044033 44.7946875 0.697167071644998 0.000376034360961492 1.00000000
17044034 44.823599537037 0.698233447263042 0.00037097044284905 1.00000000
17044035 44.8525578703704 0.697735396399593 0.000366539779360691 1.00000000
17044036 44.8818981481481 0.704382195513338 0.000864587929587442 1.00000000
17044039 44.9254282407407 0.718114473081917 0.00126571858147576 1.18034935
17044040 44.929537037037 0.713747096403422 0.000404222091081176 1.11584926
17044041 44.9482291666667 0.692258103403665 0.000395722827383014 1.00000000
17044042 44.9714236111111 0.698346472063708 0.000375273535825129 1.00000000
17044043 44.9976388888889 0.694990390705977 0.00043672276365236 1.00000000
17045001 45.0176157407407 0.695956670535178 0.000411961602442411 1.00000000
17045002 45.039375 0.697488767957873 0.000401864175527917 1.00000000
17045003 45.0620486111111 0.692853104589545 0.000410780720640516 1.00000000
17045004 45.0841898148148 0.67273501187471 0.000413909709876441 1.00000000
17045005 45.1068287037037 0.696270011579027 0.000407863103710051 1.00000000
17045006 45.1299537037037 0.697757814603579 0.000718483365358406 1.00000000
17045007 45.1401736111111 0.695911367928065 0.000429525034798939 1.00000000
17045008 45.1620486111111 0.685026634759925 0.000442158358978974 1.00000000
17045009 45.1839236111111 0.704298076026141 0.000436417591028729 1.00000000
17045010 45.206712962963 0.706678781208809 0.00094031872241863 1.00000000
17045039 45.8744328703704 0.717210039580559 0.000360588948020788 1.04502428
17045040 45.8992013888889 0.700622428640963 0.000377609760224601 1.00000000
17045041 45.9259375 0.687305202672297 0.000545504300785442 1.00000000
17045044 45.9488078703704 0.689847360413705 0.000390926591089434 1.00000000
17045045 45.9753819444445 0.694440361278521 0.000396901071811849 1.00000000
17045046 46.000474537037 0.691633582580315 0.000455834796372913 1.00000000
17046001 46.0189236111111 0.690838512392111 0.000411339233633644 1.00000000
17046002 46.0408101851852 0.690934054968828 0.000412874634982083 1.00000000
17046004 46.0649537037037 0.690540532594333 0.000423684760288582 1.00000000
17046005 46.0869791666667 0.698553124374876 0.000493445764868427 1.00000000
17046006 46.1036342592593 0.710417928011665 0.00132448553636728 1.00000000
17046007 46.1065046296296 0.709772829863845 0.000735266012831635 1.00000000
17046008 46.1163194444444 0.696583346932855 0.000692135810008023 1.00000000
17046009 46.1992939814815 0.717564332734889 0.000362449449228395 1.18362427
17046010 46.2203125 0.69483603142069 0.000390330589222303 1.01912427
17046011 46.2420023148148 0.681955757953404 0.000404253189557482 1.00000000
17046012 46.2635185185185 0.69915222048905 0.000393863636676168 1.00000000
17046013 46.2856944444444 0.696406204836689 0.00039892811940925 1.00000000
17046014 46.3077662037037 0.663413943976282 0.000399449939327675 1.00000000
17046015 46.3313541666667 0.690531524853245 0.000365778202218743 1.00000000
17046016 46.3589699074074 0.699170363968401 0.000557915399899935 1.00000000
17046017 46.3720601851852 0.698974470045449 0.000601400844060072 1.00000000
17046022 46.523587962963 0.695866764380374 0.000352976877291209 1.15049934
17046023 46.5552777777778 0.684924593107142 0.00045591146597274 1.00000000
17046029 46.6625 0.721686562748951 0.000366229389683337 1.00000000
17046030 46.6885416666667 0.704927655650453 0.000366497790513468 1.00000000
17046031 46.7132060185185 0.688511968870514 0.000386031767535801 1.00000000
17046032 46.737349537037 0.67262053616458 0.000362525992783701 1.00000000
17046033 46.7631597222222 0.692697027688931 0.000377409267436375 1.00000000
17046034 46.7874189814815 0.694770442752914 0.000370473998186091 1.00000000
17046035 46.8186574074074 0.686416080900246 0.000600417213257962 1.00000000
17046036 46.8311111111111 0.69830684885086 0.000532258947973468 1.00000000
17046037 46.8453356481482 0 7.22706274824772e-07 1.00000000
17046039 46.8691550925926 0.691930684998506 0.000425440167607466 1.00000000
17046040 46.8904861111111 0.703213502530685 0.0007363834318191 1.00000000
17046044 46.9452430555556 0.700487374506925 0.000640379215176337 1.09027421
17046045 46.955462962963 0.702194094985225 0.000697276219650267 1.00000000
17046046 46.9658680555556 0.697968847309848 0.000597293151685644 1.00000000
17046047 46.9772106481481 0.653142147158662 0.000386837187127945 1.00000000
17047001 47.0049074074074 0.671520550681996 0.000500390432081152 1.00000000
17047002 47.0198611111111 0.66152040753509 0.000415093526671206 1.00000000
17047003 47.041412037037 0.66552750906455 0.000802581633844984 1.00000000
17047004 47.0479398148148 0.663304174592951 0.00040897654949335 1.00000000
17047005 47.0694328703704 0.674628376633438 0.0006734217609477 1.00000000
17047010 47.0865509259259 0.69263966220272 0.00066381116506567 1.00000000
17047011 47.0948263888889 0.666537341795744 0.000411198952319515 1.00000000
17047012 47.1168402777778 0.700516763983014 0.000400972595691221 1.00000000
17047013 47.1384490740741 0.701439443693259 0.000568874506672031 1.00000000
17047014 47.1499537037037 0.699491827058252 0.000409758539628591 1.00000000
17047015 47.1716435185185 0.693054250715346 0.000419071183173795 1.00000000
17047016 47.1929861111111 0.714852634432044 0.000774939450541477 1.00000000
17047017 47.2021990740741 0.717228796762396 0.000410112526011093 1.00000000
17047019 47.2625115740741 0.678244083019012 0.00039529077701934 1.11042428
17047020 47.2841087962963 0.695473248056125 0.000391137939514562 1.00000000
17047021 47.3055787037037 0.703302416136244 0.00039198736188955 1.00000000
17047022 47.3276967592593 0.684577667268955 0.000406510782151528 1.00000000
17047023 47.350462962963 0.686402320770811 0.000562150633236089 1.00000000
17047024 47.3611805555556 0.682807749961474 0.00123168759847237 1.00000000
17047040 47.540775462963 0.70168736196835 0.000357238719632124 1.07777429
17047041 47.5655671296296 0.685087128209162 0.000390981657229903 1.00000000
17047042 47.5882407407407 0.66860592470811 0.000417086737241792 1.00000000
17047043 47.6104398148148 0.670575128891228 0.000457261243773136 1.00000000
17047044 47.643587962963 0.669994095858797 0.000449181725712387 1.00000000
17047045 47.6612731481482 0.676470862701775 0.00039636318310886 1.00000000
17047046 47.6829976851852 0.677754157617246 0.00057898423693592 1.00000000
17047047 47.6943518518518 0.685098668667067 0.000629806197359706 1.00000000
17047048 47.7029282407407 0.681333981901043 0.000595315533024311 1.00000000
17047049 47.7136226851852 0.682276470153872 0.000376371214410088 1.00000000
17047050 47.7382407407407 0.68720208500401 0.0004151839185521 1.00000000
17047051 47.7602777777778 0.700108822992301 0.000473518924722828 1.00000000
17047052 47.7762847222222 0.689700086060514 0.00040661177427405 1.00000000
17047053 47.7981597222222 0.696874657148499 0.000555885216113325 1.00000000
17048001 48.0234837962963 0.693723616220606 0.000595267577737093 1.09909928
17048002 48.0361226851852 0.707248233043071 0.000393261795161521 1.04554939
17048003 48.0561342592593 0.70241996637104 0.000479287163323425 1.00000000
17048004 48.0779282407407 0.68674703486819 0.000409318994283796 1.00000000
17048005 48.100162037037 0.682044219157362 0.000392979297564612 1.00000000
17048006 48.1216550925926 0.692142324138013 0.000397165627560072 1.00000000
17048007 48.1438773148148 0.663992233329379 0.000424321808174986 1.00000000
17048008 48.1657291666667 0.671722456880934 0.000431560050441656 1.00000000
17048009 48.1854976851852 0.70421540579946 0.000376626671978071 1.00000000
17048010 48.2074537037037 0.687357052873619 0.000393203694665544 1.00000000
17048011 48.2297569444445 0.705658928452365 0.000394788793803767 1.02132452
17048012 48.2512615740741 0.6954478350497 0.000397589872957086 1.00000000
17048013 48.2729166666667 0.71459761218146 0.000393741497398504 1.08669937
17048014 48.2944560185185 0.716904642020704 0.00041894036667358 1.06832445
17049005 49.072650462963 0.68480909829407 0.0120540892342861 1.20482421
17049007 49.0798958333333 0.714807530205114 0.000398869191572956 1.14294922
17049013 49.1225925925926 0.690183966270428 0.000369663027082593 1.08314931
17049014 49.1448263888889 0.701656132490599 0.000407649117666876 1.11982429
17049015 49.2046759259259 0.709532226241368 0.00189464149973508 1.17994928
17049016 49.2065393518519 0.673832459889177 0.000363563354803781 1.13552427
17049017 49.2287268518519 0.703918396050444 0.000377895975675172 1.04302442
17049018 49.2511805555555 0.671902339834342 0.000396869564778499 1.00000000
17049019 49.2728703703704 0.698517647245192 0.000372828891898639 1.00000000
17049020 49.294525462963 0.703435158191939 0.000383924966240355 1.00000000
17049021 49.3150694444444 0.693287037941334 0.000394693094551037 1.06647432
17049022 49.3367708333333 0.699860878873517 0.000615847881515636 1.05117440
17049023 49.3564467592593 0 6.01769348275828e-07 1.04839933
17049024 49.3788078703704 0 6.10960756584477e-07 1.08587432
17049025 49.4004282407407 0 1.28570926735625e-06 1.10004938
17049026 49.4134953703704 0.697176732380654 0.00098697552630748 1.88386965
17049027 49.4184375 0.70732012475759 0.000362605593549123 1.08237433
17049028 49.4400810185185 0.692071359406542 0.000693182831022272 1.45577681
17049029 49.4479976851852 0.181225081551287 0.00543042145258865 1.82364976
17050025 50.4912037037037 0.655530269443364 0.000351588272398431 1.38204181
17050026 50.5137268518518 0.68233811899864 0.000366886559188171 1.14619410
17050027 50.5358796296296 0.686307060565308 0.000378403058949157 1.00000000
17050028 50.5573842592593 0.683205474787103 0.000408863466277279 1.00662446
17050030 50.6653240740741 0.699163179916318 0.000286023146437855 2.13441253
17050031 50.6854861111111 0.703923837082113 0.000302209185570501 1.53135681
17050032 50.7128935185185 0.694693436761078 0.000331172477295615 1.25657117
17050033 50.7408449074074 0.675204133931518 0.000820572965497356 1.14333475
17050034 50.7475115740741 0.680318426058828 0.00034730945617846 1.16625214
17050035 50.776087962963 0.673584937496177 0.00033607228570061 1.02645111
17050036 50.8047569444444 0.667484258556155 0.00109822339780687 1.23660481
17050037 50.8115162037037 0.676327476813643 0.000327500031262123 1.20361137
17050038 50.8393981481481 0.67361232480105 0.000328909933231354 1.26401782
17050039 50.8657291666667 0.683179268528119 0.000306870511540762 1.34874213
17050040 50.8940046296296 0.676870390172264 0.000337081194042724 1.31606221
17050041 50.9195486111111 0.696433084898507 0.000279128904325838 1.16047275
17050047 50.9912731481481 0.69180147805012 0.00050191549513504 2.02091551
17050048 50.9986226851852 0.698209556008385 0.000337927064139666 1.54416335
17051001 51.0190972222222 0.684398911871542 0.000349114119443079 1.49394155
17051002 51.0404861111111 0.651955225165583 0.000372165833191638 1.21588993
17051003 51.0632175925926 0.697493892904466 0.000368914583727922 1.21696305
17051004 51.0845949074074 0.676140918495193 0.000383891904114732 1.18876100
17051005 51.1066782407407 0.681800168351422 0.000360510939642057 1.24344873
17051006 51.1290856481481 0.677628627653274 0.000372151991160455 1.20538235
17051007 51.1505324074074 0.654893072303421 0.000368211547476789 1.21449661
17051008 51.1729166666667 0.670629494133973 0.00092924981588153 1.29077137
17051011 51.1801388888889 0.687031826726078 0.000574319785847311 1.31195259
17051012 51.1909837962963 0.6635895481059 0.000771206938277575 1.34978271
17051013 51.3514930555556 0.683699767870855 0.000304256308726257 2.06186032
17051014 51.3707986111111 0.681506719940714 0.000346069237803034 1.45672321
17051015 51.3926851851852 0.689579749405697 0.000372202048403836 1.28164601
17051016 51.4145138888889 0.693077419756607 0.000368039628031116 1.28680968
17051017 51.4361342592593 0.680463057772211 0.000365139563613296 1.25459516
17051018 51.457974537037 0.654387271871672 0.000359612539420571 1.24316835
17051019 51.4819328703704 0.680309855846086 0.0003649658129197 1.27016044
17051020 51.5037731481481 0.652916870254307 0.000354766821325787 1.33500230
17051021 51.5267939814815 0.658449144293335 0.000363373591789475 1.34025013
17051022 51.5485763888889 0.66086539336438 0.000476109004179267 1.36307204
17051023 51.5630324074074 0.688288655831227 0.000527185464505495 1.30139983
17051024 51.574537037037 0.669862262913413 0.000362950808219978 1.25693262
17051025 51.5972453703704 0.667917262964984 0.000372826209264216 1.09527755
17051026 51.6189236111111 0.684876655655119 0.00037903344383196 1.02490127
17051031 51.6710185185185 0.707988978397086 0.000287562422292971 2.10474682
17051032 51.6913425925926 0.680789198452601 0.00069389532142317 1.42181742
17051033 51.6987268518519 0.694405139034238 0.000334325922419725 1.41613889
17051034 51.7230671296296 0.696710887507177 0.000353812028096868 1.17752433
17051035 51.7477777777778 0.686506690841192 0.000343804719911108 1.23178029
17051036 51.7728472222222 0.677664183945194 0.000357529837358003 1.21539521
17051037 51.8000810185185 0.678820177455019 0.000369662491061942 1.24747121
17051038 51.8223726851852 0.667438243506208 0.000347792807681452 1.21498418
17051039 51.8476967592593 0.668223920959053 0.000865906770248828 1.25920177
17051040 51.8571527777778 0.665145780404763 0.00171098532137838 1.31486082
17051041 51.8604398148148 0 1.53366169536e-06 1.28818440
17051042 51.8697800925926 0.672975997530292 0.00168851573630824 1.48932922
17051043 51.8719675925926 0 1.11531751070263e-06 1.46934664
17051044 51.8809375 0 1.01774285003325e-06 1.34702730
17051045 51.8935069444444 0.656271269247616 0.000384681442235921 1.28406429
17051046 51.9135185185185 0.656062929019534 0.000363570894996405 1.16733491
17051049 51.9665972222222 0.68793680237207 0.000422200699329579 1.00000000
17051050 51.9842361111111 0.677315359595373 0.00046547504571992 1.00000000
17052003 52.0331134259259 0.684440171811629 0.000569193416417221 2.15783167
17052004 52.0404398148148 0.687235507878262 0.00033553387576126 1.69879365
17052005 52.0614236111111 0.70510659274943 0.000346046588902418 1.40324342
17052006 52.0830787037037 0.682155023566195 0.000368863040471517 1.23940814
17052007 52.1047800925926 0.656669776787836 0.000375087053393088 1.20871270
17052008 52.12625 0.664111970154004 0.000350914125606745 1.26985681
17052009 52.151412037037 0.649378451857805 0.000782420198390274 1.27190208
17052010 52.1578240740741 0.679905034404175 0.000368017042482933 1.26450801
17052011 52.1794907407407 0.679518633024168 0.0003580004613486 1.25525391
17052012 52.2011342592593 0.689279705430734 0.000355410568391459 1.31157863
17052013 52.2225694444444 0.671706705057088 0.000355186595792208 1.35875487
17052014 52.244212962963 0.673822267589241 0.000365227001017871 1.24124277
17052015 52.2657060185185 0.670817104399098 0.000376676852193678 1.08150482
17052016 52.2875810185185 0.67474175260118 0.000373041128642743 1.00000000
17052017 52.3098032407407 0.672475125019333 0.000397124191285364 1.00000000
17052018 52.3304976851852 0.684505373949563 0.00038408405717322 1.00000000
17052019 52.3523726851852 0.672433628318584 0.00139614465566831 1.00000000
17052026 52.3861342592593 0.697844380183364 0.000288211441660021 2.20303798
17052030 52.4134027777778 0.694312375945366 0.000348602443230559 1.41436338
17052051 52.6036921296296 0.710944830421811 0.000313623998523223 1.83554614
17052052 52.6254861111111 0.70054777458631 0.000989012316832194 1.36286235
17052053 52.6330439814815 0.664065529274913 0.000389623507444139 1.36971366
17052054 52.6563425925926 0.6833699787807 0.000398542753396436 1.13713729
17052055 52.6786111111111 0.668898551266374 0.000358573366232175 1.14977646
17052056 52.7041666666667 0.637546691526694 0.000372948593440449 1.16627300
17052057 52.7280324074074 0.665656667389755 0.00037637394396918 1.21718800
17052058 52.749837962963 0.657218563595985 0.000344477987487517 1.21713603
17052059 52.7752662037037 0.641379068694276 0.000349255923183049 1.24664319
17052060 52.8001041666667 0.66965566282195 0.000326392258319261 1.39039874
17052061 52.826087962963 0.677249404766213 0.00035307689948175 1.26890218
17052062 52.8497106481481 0.686071008421975 0.000341530375227259 1.13609648
17052063 52.8745023148148 0.703739569358968 0.000348117856466997 1.00000000
17052064 52.8984027777778 0.695784841386298 0.00038222004127577 1.00000000
17052065 52.9191550925926 0.687706181500407 0.000510555140606409 1.00000000
17052067 52.9732060185185 0.683381803225583 0.000591986970836674 2.24724197
17052068 52.9788888888889 0.709077083556743 0.000294601954263958 1.78240502
17053001 53.0051967592593 0.694705036518082 0.000442063343867656 1.37495601
17053002 53.0190625 0.696471272112348 0.000596731861704289 1.30718160
17053003 53.0296296296296 0.671763209305751 0.000499495266775267 1.27609050
17053004 53.0453356481482 0.662918716500094 0.000382340587545705 1.12948227
17053005 53.066875 0.683283201941516 0.000376761083840109 1.18891406
17053006 53.0887384259259 0.675275880496643 0.000378478127824172 1.19423985
17053007 53.1105092592593 0.668311099163813 0.000376678022905866 1.24252141
17053008 53.1316898148148 0.6795417160019 0.000360624280402938 1.23683560
17053009 53.1537268518519 0.629383556456041 0.000375969890207269 1.30195987
17053010 53.1753819444444 0.611438299197555 0.00036650290503208 1.32409132
17053011 53.1975694444444 0.669132026026009 0.000352530017232294 1.36028767
17053012 53.2192476851852 0.663476467279205 0.000362684073382081 1.27312708
17053013 53.2405902777778 0.687336663018938 0.000363570690215283 1.13393700
17053014 53.2619444444444 0.670295967410095 0.000386237964524602 1.03143823
17053016 53.2940162037037 0.626818571434062 0.000948212985880808 1.00000000
17053020 53.3373842592593 0.608641119325662 0.000979564364785879 1.93386328
17053022 53.3412731481482 0.621324209775627 0.000561629515216679 1.68337417
17053023 53.3494444444444 0.679226516743724 0.000342620196642551 1.50206482
17053024 53.3716203703704 0.679081882380799 0.000355300849916587 1.24628234
17053025 53.3938888888889 0.626418355295296 0.00038616603633128 1.21297002
17053026 53.4157175925926 0.641854263199744 0.000374416368376773 1.25733399
17053027 53.4378009259259 0.686522798124728 0.00036654476368826 1.27582240
17053030 53.4626041666667 0.656861715496724 0.000457864912918035 1.26866400
17053032 53.4872569444444 0.664937627063279 0.000360954411829165 1.22497964
17053033 53.5084606481481 0.637569798563981 0.000362039838955443 1.25626361
17053034 53.5299884259259 0.630631503968237 0.000367733118939594 1.21002793
17053035 53.5515625 0.666677328275968 0.000350048901175146 1.13735580
17053036 53.5754166666667 0.645726488530146 0.00037772476647024 1.00000000
17053037 53.5970486111111 0.686180930226352 0.000365348839537477 1.02507436
17053038 53.618912037037 0.674415676065224 0.000357330697664659 1.07207441
17053039 53.6422569444444 0.697465212886234 0.000403130234845962 1.11462438
17053041 53.7421875 0.695522658884369 0.000641302568152598 1.94652581
17053042 53.748275462963 0.674185690921647 0.0003061311736369 1.54012406
17053043 53.777037037037 0.689698015857961 0.000349811347124061 1.18483591
17053044 53.8015625 0.688241818975879 0.000371768473451083 1.00000000
17053045 53.82625 0.65515873234547 0.00111578002078676 1.00000000
17054006 54.1313310185185 0.697190685810805 0.000289365423635112 2.04550266
17054007 54.1531365740741 0.669269957975744 0.000368364552356218 1.15679669
17054008 54.174849537037 0.676953622194276 0.000390018945636679 1.09572423
17054009 54.196412037037 0.683517489300342 0.000376835807691346 1.09610784
17054010 54.2180902777778 0.681603089458349 0.000383435100357029 1.06510448
17054011 54.2399652777778 0.668516810354219 0.00039638215651376 1.02438819
17054012 54.2616319444444 0.681227795230825 0.0003764870297499 1.00000000
17054013 54.2834259259259 0.67028990401573 0.000378839359637615 1.15561604
17054014 54.3039236111111 0.67555712996742 0.000371360804325436 1.00000000
17054015 54.3267476851852 0.667899545649994 0.000362820826301916 1.06078994
17054016 54.3504976851852 0.645186519166452 0.00140198493704019 1.19848979
17054017 54.3534837962963 0.603972602739726 0.0049066871325452 1.36056602
17054020 54.3596412037037 0.632039000194515 0.00157362792356196 1.14172494
17054021 54.3630555555556 0.615679315827459 0.000611255370107008 1.14551091
17054022 54.3713310185185 0.686254916677399 0.000383595972561763 1.08306313
17054023 54.3912615740741 0.669955732437163 0.000371507219479121 1.00000000
17054026 54.4193171296296 0.663744665753791 0.000385076761615096 1.00000000
17054027 54.4415046296296 0.614640219165391 0.000917064083123013 1.01922441
17054028 54.4465856481482 0.662359471116453 0.000456137821065556 1.00000000
17054040 54.6328935185185 0.685742394675261 0.000274160184491289 2.32152963
17054041 54.6544675925926 0.703744420837657 0.000344815717131888 1.44399786
17054043 54.6767361111111 0.710205462056875 0.000329059045864511 1.20382524
17054044 54.7010185185185 0.696162914387775 0.000315317470671641 1.13662517
17054045 54.7300231481481 0.658449791696782 0.000382674142484091 1.00000000
17054046 54.7519097222222 0.677074861370551 0.00035564047600733 1.01512861
17054047 54.7756481481482 0.681407770228418 0.000314771200001219 1.04396248
17054048 54.8053819444444 0.664209603208323 0.000380071197669434 1.00000000
17054049 54.827337962963 0.661515136408025 0.000346057112121445 1.09662914
17054050 54.851724537037 0.66933975969509 0.000355092932167518 1.00000000
17054051 54.8766782407407 0.665495848645239 0.000308852454428965 1.00000000
17054052 54.9096180555556 0.696466846332097 0.000398034733069147 1.00000000
17054053 54.9285763888889 0.684106759656652 0.000371508864686637 1.00000000
17054054 54.9519097222222 0.679937959169487 0.000687559511337399 1.00000000
17055002 55.0421759259259 0.708682400816122 0.000321579278113619 1.40262139
17055003 55.0634259259259 0.648558082022395 0.000365569674712588 1.17162752
17055004 55.0851388888889 0.68286595213625 0.000372263041383481 1.05247176
17055005 55.1068055555556 0.650067634371684 0.000383154607152014 1.00000000
17055006 55.1285069444444 0.639883949814949 0.000385827225324815 1.00000000
17055007 55.1503587962963 0.661567934636087 0.000376867533126605 1.00000000
17055008 55.1724189814815 0.684439104818672 0.000352247951445869 1.02463877
17055009 55.197349537037 0.661235377131721 0.000373189188011885 1.03930581
17055010 55.2189814814815 0.69746484792656 0.000358830604486724 1.08292592
17055011 55.2406712962963 0.653616275032057 0.000372575671959442 1.05465400
17055012 55.2623032407407 0.665779727331449 0.000376492803493167 1.00000000
17055013 55.2840393518518 0.665311244404906 0.000376426466740745 1.00000000
17055014 55.3057986111111 0.681476006002517 0.000517992019027721 1.00000000
17055015 55.3179861111111 0.701156180073351 0.000499264740740179 1.00000000
17055033 55.9594444444445 0.652734003874999 0.000366250796546176 1.16846073
17055034 55.9834027777778 0.680603832965381 0.000564883201976527 1.00000000
17055035 55.9941319444444 0.644421223986977 0.000502032743435138 1.00000000
17056007 56.0231365740741 0.598636096253027 0.000573315977541027 1.00000000
17056019 56.269837962963 0.673390022026173 0.000364362867053175 1.14350879
17056020 56.2926273148148 0.697648955975887 0.000376753214422591 1.02848756
17056022 56.3162037037037 0.667857401772373 0.000377244057132478 1.00000000
17056023 56.3395023148148 0.675290885262936 0.000388187789193083 1.00000000
17056024 56.3624652777778 0.666444287375755 0.000383378692504035 1.00000000
17056025 56.3871412037037 0.672514422661442 0.000481777630269993 1.00000000
17056026 56.4024768518519 0.686561436867848 0.000392505684210922 1.00000000
17056027 56.4250925925926 0.664393266103057 0.000444493409371949 1.00000000
17056028 56.4436111111111 0.667593363910997 0.00149236512707501 1.00000000
17056036 56.4834143518518 0.678164483895921 0.000606491688054551 1.00000000
17056050 56.9624768518518 0.644466867408966 0.000360526371493719 1.87630379
17056051 56.9798263888889 0.636124476612825 0.000389757145441716 1.05962074
17057001 57.0025231481481 0.636399742784734 0.000493081991820646 1.00000000
17057002 57.0191550925926 0.634229520910606 0.000427595954157103 1.00000000
17057003 57.0409953703704 0.633395696913003 0.00269072068009804 1.00000000
17057006 57.0462731481481 0.628126178207867 0.00541716901004364 1.00000000
17057010 57.0562731481482 0.617165641153317 0.000418416201744283 1.00000000
17057011 57.0777777777778 0.615919472145817 0.000415666112230778 1.00000000
17057012 57.0994328703704 0.626370615980548 0.000576353592426638 1.00000000
17057044 57.468587962963 0.582660327384829 0.000614271106690333 1.74884057
17057048 57.4888541666667 0.596210004648916 0.000425557823225699 1.00000000
17057051 57.5183680555556 0.632063674995807 0.000621443328500245 1.00000000
17057054 57.5327314814815 0.611892302724926 0.000404340470646643 1.00000000
17057055 57.5554050925926 0.625947382004872 0.000409137211786458 1.00000000
17057056 57.5769560185185 0.594578362203278 0.000922833767956224 1.00000000
