17109050 109.675555555556 0.797802172934953 0.000282765222142008 1.34279490
17109051 109.708298611111 0.801118257564683 0.00054120677343975 1.32523739
17109052 109.716296296296 0.804467902686542 0.000280354749893004 1.27572906
17109053 109.737662037037 0.802710783181212 0.000343596086584935 1.30764794
17109055 109.759456018519 0.802063635028509 0.000285468838304299 1.26597154
17109056 109.781018518519 0.793374667546531 0.000281532509179934 1.25560260
17109057 109.802673611111 0.792559012721208 0.000281967590664822 1.29318988
17109058 109.824444444444 0.797105955528029 0.000282519093965608 1.27020121
17109059 109.846111111111 0.79078012000899 0.000451107604342822 1.25152588
17109060 109.863761574074 0.795995974554272 0.000295997819334562 1.21038556
17109061 109.885648148148 0.800060432199441 0.000335480594454729 1.29356074
17109065 109.90556712963 0.802384739179476 0.000383847403447622 1.26974714
17109066 109.919189814815 0.80237545121024 0.000983180234394276 1.21090615
17109067 109.922835648148 0.805241669066698 0.000735906032940971 1.22649539
17109068 109.927858796296 0.805739932068729 0.00028965054699167 1.18466818
17109069 109.949270833333 0.809303509466449 0.000295386377087437 1.08225036
17109070 109.970439814815 0.809292709684519 0.00032082608232997 1.00000000
17110001 110.048148148148 0.800472650194188 0.000280330838404052 1.21044540
17110002 110.070763888889 0.800880172363945 0.000293222055901968 1.16574681
17110003 110.092546296296 0.800552251486831 0.000296319771101923 1.21079397
17110004 110.11443287037 0.801941863792713 0.000285389447286988 1.21583903
17110005 110.136168981481 0.796987560479999 0.000294620226376831 1.29228246
17110006 110.157881944444 0.796889965366228 0.00028760516301083 1.31796515
17110007 110.179710648148 0.798169158104884 0.000353293031530901 1.28256381
17110011 110.202407407407 0.796555564024532 0.000279343447280737 1.28692448
17110012 110.224293981481 0.803823556392593 0.000277401733154643 1.26164460
17110013 110.246388888889 0.803031052704495 0.000347316872151924 1.29755151
17110014 110.264131944444 0.796450493915616 0.000280078703360356 1.31854856
17110015 110.286527777778 0.797426155063368 0.0002971030705442 1.27793860
17110016 110.309386574074 0.795028757154208 0.000468147480537009 1.30420053
17110017 110.318599537037 0.798846773910273 0.000275255465729881 1.28445923
17110018 110.343321759259 0.803507569728944 0.000285511291963185 1.18925989
17110019 110.364548611111 0.806240377907676 0.000327958778201223 1.09181404
17110028 110.42099537037 0.804309346087471 0.000273923096585654 1.36759913
17110029 110.442638888889 0.801391558949195 0.000266037099224124 1.38211679
17110030 110.465196759259 0.802156838345094 0.000258765779802653 1.44576073
17110031 110.488171296296 0.807115673407254 0.000270156795561606 1.46266544
17110032 110.510104166667 0.805812770041929 0.000266989618232007 1.46118605
17110033 110.531898148148 0.696673997781379 0.000313857605499027 1.53233969
17110034 110.556701388889 0.806827144524718 0.000264942502122869 1.45936465
17110035 110.577997685185 0.800136947996922 0.000259950623759282 1.44169819
17110036 110.600509259259 0.799408813667056 0.000262681673848156 1.44253409
17110037 110.622731481481 0.804264261975551 0.000296527176959086 1.45160151
17110039 110.643564814815 0.805938266273557 0.000276144238072614 1.39044845
17110040 110.665578703704 0.805343263185478 0.000263059892778111 1.40335774
17110041 110.687152777778 0.800515510130895 0.000273363688750127 1.36847985
17110042 110.709340277778 0.80977723920046 0.000272844668874867 1.27929735
17110043 110.731747685185 0.811192161593503 0.000361927698774865 1.17934167
17110044 110.787476851852 0.80284966973106 0.000280254691003789 1.24463713
17110045 110.80875 0.805407680627047 0.000322699685801441 1.26193190
17110049 110.829548611111 0.800644924689259 0.000279791604433443 1.26949453
17110050 110.851342592593 0.805819052264511 0.000272483421719334 1.32130361
17110051 110.872800925926 0.805292918786632 0.000270018079719057 1.35401869
17110052 110.894293981481 0.799224515907566 0.000268329813897408 1.44892776
17110053 110.916122685185 0.802536479888235 0.000625214197724263 1.42307150
17110054 110.923333333333 0.804206242757689 0.000451194994105556 1.41143465
17110055 110.932893518519 0.80170746851162 0.000507477543209767 1.36883187
17110056 110.941423611111 0.802200128578943 0.000381963658592779 1.41253436
17110057 110.952928240741 0.800211478587793 0.000371041868014837 1.42118907
17110058 110.967581018519 0.803619727602826 0.000417003152680633 1.98278332
17110059 110.977685185185 0.801804826669488 0.000439250159182205 1.89414847
17110060 110.986331018519 0.800854878948465 0.000448291042319103 2.23463106
17110061 110.994756944444 0.803574168820772 0.00024460913174838 3.13810539
17111001 111.016712962963 0.802044200878811 0.000237531939755762 3.15751386
17111002 111.038657407407 0.798819859709222 0.00025544908074135 3.09259701
17111007 111.141516203704 0.744290628052147 0.000517411767569695 3.01886058
17111008 111.148564814815 0.805520084941103 0.000236846896134605 3.03493214
17111009 111.170219907407 0.801812386980685 0.000255134413699408 3.11100936
17111010 111.191909722222 0.804742149645468 0.000255030453073903 3.11744618
17111011 111.213668981481 0.806789211418371 0.000228724163324273 3.10688782
17111012 111.23537037037 0.80672929773848 0.000224189966723536 3.29678226
17111013 111.257511574074 0.801061331441748 0.000238829088176488 3.12592340
17111014 111.279027777778 0.8046239198709 0.00024495095979838 3.03522563
17111015 111.300891203704 0.802787746107169 0.000233922788090412 2.99907470
17111016 111.323136574074 0.803513999879891 0.000226745151267463 3.17954111
17111017 111.346099537037 0.801395135359669 0.000258255776081148 3.05945444
17111019 111.366053240741 0.800151050748109 0.00023452698762796 3.12338591
