17169118 169.986828703704 0.0739437750609707 0.000227858023158904 1.00000000
17170003 170.068587962963 0.0758815208863193 5.5624152015006e-05 1.00000000
17170005 170.091400462963 0.0739864790665961 9.52687047950117e-05 1.00000000
17170011 170.11650462963 0.071651612595965 6.52128352443532e-05 1.00000000
17170012 170.138032407407 0.0708040820317851 8.2679273495825e-05 1.00000000
17170023 170.48287037037 0.0887258258688865 5.99140308147465e-05 1.00000000
17170024 170.504756944444 0.0848369363398185 6.46061565009231e-05 1.00000000
17170025 170.522280092593 0.0815188719383256 0.000145982007175659 1.00000000
17170026 170.526724537037 0.0801080693904828 9.00229771510435e-05 1.00000000
17170028 170.540335648148 0.0786076855750289 0.000149825718771589 1.00000000
17170029 170.544618055556 0.0794685685460619 6.56445465233147e-05 1.00000000
17170030 170.566111111111 0.0865653443992759 7.09256728083691e-05 1.00000000
17170033 170.599108796296 0.0956272964612692 7.5804286472038e-05 1.00000000
17170034 170.620787037037 0.09698740856354 0.000136944449892042 1.00000000
17170035 170.627511574074 0.0970167955972439 6.91505603255167e-05 1.00000000
17170036 170.649791666667 0.0930274348861603 6.35391714537031e-05 1.00000000
17170037 170.6715625 0.0877586014128921 5.81170730435432e-05 1.00000000
17170038 170.693773148148 0.0836146143938712 5.63570702445549e-05 1.00000000
17170043 170.784467592593 0.0813604129873184 5.40282760252134e-05 1.00000000
17170044 170.808831018519 0.0819425428107171 6.3489357450174e-05 1.00000000
17170045 170.8678125 0.0808956587556928 5.64372881435654e-05 1.00000000
17170046 170.888587962963 0.067499384986806 4.72014280815032e-05 1.00000000
17170047 170.910972222222 0.062818541345877 4.57845972404934e-05 1.00000000
17170048 170.933344907407 0.0628468702735651 4.64172495324071e-05 1.00000000
17170049 170.954861111111 0.0647148897043942 4.65147477849232e-05 1.00000000
17170050 170.976493055556 0.0677767614572044 4.82283602164142e-05 1.00000000
17170051 170.999305555556 0.0708646933860197 5.59837126366381e-05 1.00000000
17171001 171.016273148148 0.0738514343306456 5.15264972665218e-05 1.00000000
17171002 171.038206018519 0.0767535028416557 5.30927110129112e-05 1.00000000
17171003 171.059930555556 0.0783697655697454 5.4640180679604e-05 1.00000000
17171004 171.082025462963 0.0791558998755794 5.23744523583042e-05 1.00000000
17171005 171.106134259259 0.0801311867387472 5.55589288077279e-05 1.00000000
17171006 171.128101851852 0.0808767465446329 7.75315984979954e-05 1.00000000
17171007 171.146180555556 0.0817728494880668 5.84721191011427e-05 1.00000000
17171009 171.169201388889 0.0828930263950567 6.27848653027694e-05 1.00000000
17171010 171.236226851852 0.0888791122041373 0.00012494488486418 1.00000000
17171017 171.358530092593 0.0803681949690454 5.76392819907821e-05 1.00000000
17171018 171.378935185185 0.0722059846686649 5.01426952493742e-05 1.00000000
17171019 171.401724537037 0.074045134409856 5.14070833206123e-05 1.00000000
17171020 171.423368055556 0.0770577245559782 5.26910432865534e-05 1.00000000
17171021 171.445011574074 0.0800104723133589 5.36932209502303e-05 1.00000000
17171022 171.4671875 0.0822306028157978 5.49339134361813e-05 1.00000000
17171023 171.489652777778 0.0822318752702808 5.10389562360879e-05 1.00000000
17171024 171.51556712963 0.0808807181486208 5.444439619226e-05 1.00000000
17171025 171.537777777778 0.0809618602723011 9.16433932460701e-05 1.00000000
17171026 171.546388888889 0.0810176887859816 5.55204173547139e-05 1.00000000
17171027 171.568101851852 0.0810825298466904 5.38011290817785e-05 1.00000000
17171028 171.591238425926 0.0814008532790702 5.65440620930948e-05 1.00000000
17171029 171.61318287037 0.08111061237022 5.42532854247555e-05 1.00000000
17171030 171.636377314815 0.0806764093661034 5.52838989422124e-05 1.00000000
17171031 171.658159722222 0.0809639735791608 9.11994726487087e-05 1.00000000
17171032 171.667465277778 0.0810987536128107 7.14767240938638e-05 1.00000000
17171033 171.68119212963 0.081610279293812 5.72442225114431e-05 1.00000000
17171034 171.703113425926 0.0759478314194723 0.00111802963192819 1.00000000
17171035 171.70431712963 0.0826417367738421 5.84471149658606e-05 1.00000000
17171036 171.725960648148 0.0833610198695185 7.03314133541969e-05 1.00000000
17171037 171.7434375 0.0826563082024442 0.000390798026583855 1.00000000
17171038 171.771886574074 0.0852566695794673 9.25763215111107e-05 1.00000000
17171039 171.833113425926 0.0815379902112069 6.09054541954187e-05 1.00000000
17171040 171.971076388889 0.0708912207218582 4.95788120027003e-05 1.00000000
17171041 171.993020833333 0.0634787619112472 4.58343334492573e-05 1.00000000
17172001 172.014560185185 0.0622318349801178 4.52057113955882e-05 1.00000000
17172002 172.036122685185 0.0629454254858024 4.50719414799564e-05 1.00000000
17172003 172.057986111111 0.064483083546944 4.5690218437676e-05 1.00000000
17172004 172.07994212963 0.0669915896667458 4.72941586196614e-05 1.00000000
17172005 172.101550925926 0.0689757751629166 4.90706006238869e-05 1.00000000
17172006 172.123125 0.0715127852331104 5.01918990543268e-05 1.00000000
17172007 172.144849537037 0.0737333850204504 4.81100886596894e-05 1.00000000
17172008 172.169247685185 0.0751401102427899 5.19007908336294e-05 1.00000000
17172010 172.192175925926 0.0755605509677416 0.000156760691901333 1.00000000
17172011 172.195150462963 0.0762165253349395 5.26965841060662e-05 1.00000000
17172012 172.21662037037 0.0774561848109757 5.32416998311313e-05 1.00000000
17172013 172.238263888889 0.0783492199757856 5.38149107035356e-05 1.00000000
17172014 172.259699074074 0.0790007396757026 5.27284108666425e-05 1.00000000
17172015 172.283263888889 0.0799185298170031 5.45928814524463e-05 1.00000000
17172016 172.305821759259 0.0809230320212337 5.60977281533055e-05 1.00000000
17172017 172.327847222222 0.0820516434334083 5.83546345017123e-05 1.00000000
17172018 172.34994212963 0.0815598249284996 0.000333375604833976 1.00000000
17172025 172.476319444444 0.0703945330435961 4.72770777672359e-05 1.00000000
17172026 172.499930555556 0.0668188932963269 0.000509838269600396 1.00000000
17172027 172.502164351852 0.0655100533537134 7.02420800382742e-05 1.00000000
17172028 172.512835648148 0.0609537248666788 0.00105073980483146 1.00000000
17172029 172.516099537037 0.0637675641438491 0.000171721960501696 1.00000000
17172030 172.518969907407 0.0635390489616263 8.77675204635705e-05 1.00000000
17172031 172.527280092593 0.0630185082765168 0.000233316610691097 1.00000000
17172032 172.529085648148 0.0632760779991989 4.52126621468022e-05 1.00000000
17172033 172.551458333333 0.0642612834275832 4.42373561870561e-05 1.00000000
17172034 172.574884259259 0.0658603167994264 5.18606946618001e-05 1.00000000
17172035 172.593773148148 0.0681835746940421 4.6492154161896e-05 1.00000000
17172036 172.617430555556 0.0699608981127436 7.89345910531198e-05 1.00000000
17172037 172.627974537037 0.070432205956854 0.000233615444635626 1.00000000
17172038 172.630497685185 0.0696554292018597 5.31375820749455e-05 1.00000000
17172040 172.654201388889 0.0710602472826355 0.000146119400742518 1.00000000
17172041 172.65787037037 0.0717287589931142 5.17411312531007e-05 1.00000000
17172042 172.710046296296 0.0765625476368503 5.4314280581306e-05 1.00000000
17172044 172.74931712963 0.0776865448059242 5.51041383315015e-05 1.00000000
17172045 172.771064814815 0.078240025913856 5.72470079207452e-05 1.00000000
17172046 172.795474537037 0.0787606916701378 7.68457288592943e-05 1.00000000
17172047 172.808148148148 0.0790978567903543 0.000274958408017029 1.00000000
17172048 172.849849537037 0.0655908718536629 4.97255495656326e-05 1.00000000
17172050 172.873831018519 0.0591885977113627 4.56518962606031e-05 1.00000000
17172052 172.901099537037 0.0579143155105715 4.59482327158394e-05 1.00000000
17172053 172.921875 0.0595885446140043 5.72798919158804e-05 1.00000000
17172056 172.943032407407 0.0641226085388682 4.78410868406317e-05 1.00000000
17173002 173.076585648148 0.0692916052991288 5.00135714953481e-05 1.00000000
17173003 173.098113425926 0.0603263273530573 4.51135780722129e-05 1.00000000
17173004 173.120185185185 0.0588997846658791 4.5000914805455e-05 1.00000000
17173005 173.141770833333 0.0577374137513623 4.34794626489317e-05 1.00000000
17173006 173.165358796296 0.0592844505989312 4.61989954209799e-05 1.00000000
17173007 173.187314814815 0.977382895173281 0.0014348171239201 1.00000000
17173018 173.431759259259 0.0684658714540166 5.43011089196963e-05 1.00000000
17173019 173.450636574074 0.0633411251168565 5.03246097975794e-05 1.00000000
17173020 173.469189814815 0.0620763523320111 4.98684189859044e-05 1.00000000
17173021 173.487696759259 0.0639712494473793 4.77401908464537e-05 1.00000000
17173022 173.509108796296 0.0649878985571339 4.90963190425486e-05 1.00000000
17173023 173.529791666667 0.0656126057846023 4.97466789690583e-05 1.00000000
17173024 173.551215277778 0.0673074241112613 4.83558454075122e-05 1.00000000
17173025 173.575405092593 0.0700131611004186 6.84774783548627e-05 1.00000000
17173026 173.588298611111 0.0715571295082433 5.31249590196322e-05 1.00000000
17173027 173.609259259259 0.0738837492856293 5.6095527011565e-05 1.00000000
17173029 173.631875 0.0749302927350204 5.30536483206876e-05 1.00000000
17173030 173.655509259259 0.0763649774650519 4.79924073980353e-05 1.00000000
17173031 173.68318287037 0.0778756176977151 5.1509429631751e-05 1.00000000
17173032 173.708206018519 0.0785792652972578 4.87242443193964e-05 1.00000000
17173033 173.736006944444 0.0792498675845113 5.38104716088828e-05 1.00000000
17173034 173.759513888889 0.0802777929448606 4.8973058035145e-05 1.00000000
17173035 173.78912037037 0.0813963054005564 7.48906298018511e-05 1.00000000
17173036 173.84630787037 0.0674308805287621 4.63543198705764e-05 1.00000000
17173037 173.869791666667 0.0564494571495485 3.7280350315483e-05 1.00000000
17173038 173.898738425926 0.0547362793060241 3.51177667957037e-05 1.00000000
17173039 173.930451388889 0.0587930329769791 3.82544746556597e-05 1.00000000
17173040 173.959166666667 0.0645502539557919 4.08963297563138e-05 1.00000000
17173041 173.98744212963 0.0695173699534873 4.90227797151295e-05 1.00000000
17174001 174.01068287037 0.0732573921531717 5.99037569693924e-05 1.00000000
17174003 174.03369212963 0.0757546561068145 7.19050637108018e-05 1.00000000
17174004 174.05212962963 0.0768993410425839 8.61920038988953e-05 1.00000000
17174005 174.061331018519 0.0774902560981329 5.40107581741386e-05 1.00000000
17174006 174.083541666667 0.0779605286296801 5.51705862668407e-05 1.00000000
17174007 174.106342592593 0.078476951966451 5.42095028272853e-05 1.00000000
17174008 174.129780092593 0.0790007953546759 5.59870474263677e-05 1.00000000
17174009 174.153611111111 0.0799557330131578 5.84949873544627e-05 1.00000000
17174010 174.23099537037 0.0687886433525281 4.71639941834484e-05 1.00000000
17174011 174.25494212963 0.0628793433353651 0.000109133548196638 1.00000000
17174012 174.262893518519 0.0597439288349294 4.38178874430385e-05 1.00000000
17174013 174.286712962963 0.0592184600402444 4.30950358751729e-05 1.00000000
17174014 174.3096875 0.0602449226688149 8.29324825571798e-05 1.00000000
17174099 174.712407407407 0.0668579377404214 9.35653958187127e-05 1.00000000
17174100 174.724050925926 0.0643874587758026 5.93577166407566e-05 1.00000000
17174101 174.737800925926 0.0616623837077245 3.96042682381802e-05 1.00000000
17174102 174.7665625 0.0608611239959404 3.88547538277931e-05 1.00000000
17174103 174.795347222222 0.0625370672051606 4.00679376736448e-05 1.00000000
17174104 174.82412037037 0.0673406597498002 4.20780933839621e-05 1.00000000
17174105 174.852650462963 0.0735717258757333 5.36811148144591e-05 1.00000000
17174106 174.874178240741 0.0799859187093582 4.8853240415551e-05 1.00000000
17174107 174.902824074074 0.0820289661150185 5.18214674465672e-05 1.00000000
17174109 174.932037037037 0.0824086872757087 6.64485033251688e-05 1.00000000
17174110 174.951909722222 0.0829008865547642 5.06903711192077e-05 1.00000000
17174111 174.980625 0.0832983141345162 7.59354930002273e-05 1.00000000
17174112 174.995208333333 0.0842951802913497 5.5533946938277e-05 1.00000000
17175001 175.021354166667 0.086353971115979 6.52684053655389e-05 1.00000000
17175007 175.083912037037 0.0684535942699676 4.87621702251603e-05 1.00000000
17175008 175.107037037037 0.06079950315043 4.35946289635044e-05 1.00000000
17175009 175.130358796296 0.058299015403299 4.25596604490488e-05 1.00000000
17175010 175.153148148148 0.0595842170088687 4.1257483289007e-05 1.00000000
17175011 175.177766203704 0.0619554276377643 4.48118122898909e-05 1.00000000
17175012 175.200023148148 0.0650870432593671 4.38040979520478e-05 1.00000000
17175013 175.225601851852 0.0635099459656977 4.64548273404461e-05 1.00000000
17175014 175.249490740741 0.0625577274546502 4.48216955534152e-05 1.00000000
17175015 175.27875 0.0658776382140607 4.85424239089869e-05 1.00000000
17175016 175.305891203704 0.0779687567928264 5.45399543423503e-05 1.00000000
17175017 175.327986111111 0.0788934379272449 6.19750094321893e-05 1.00000000
17175018 175.346481481481 0.0794762648824799 7.81844037653293e-05 1.00000000
17175020 175.37630787037 0.0804598111585957 5.64488998597751e-05 1.00000000
17175022 175.402731481481 0.0806104380388098 6.02228551292028e-05 1.00000000
17175023 175.423240740741 0.0820516865891516 6.1651971485708e-05 1.00000000
17175024 175.443657407407 0.0836899742591099 5.45656079062759e-05 1.00000000
17175033 175.597569444444 0.072412188552427 6.92276510218777e-05 1.00000000
17175034 175.610462962963 0.0718585702048608 5.50307587303225e-05 1.00000000
17175035 175.631851851852 0.0723711729946551 4.49174888438042e-05 1.00000000
17175036 175.660636574074 0.07365878949021 4.49698394998426e-05 1.00000000
17175037 175.691458333333 0.0778444159909841 4.79822652865612e-05 1.00000000
17175038 175.720173611111 0.0807693454723032 4.91577470922933e-05 1.00000000
17175040 175.751898148148 0.0821560276868302 5.44396056047192e-05 1.00000000
17175041 175.77619212963 0.0825569289097061 4.98330903968717e-05 1.00000000
17175042 175.804849537037 0.0825321635582179 5.04046405102019e-05 1.00000000
17175043 175.834270833333 0.0816651636631063 4.73167086590487e-05 1.00000000
17175044 175.866203703704 0.0815381284183424 8.63203410274205e-05 1.00000000
17175046 175.971261574074 0.0707232193714995 4.86071540008347e-05 1.00000000
17175047 175.995335648148 0.0642647987286647 4.75118703527333e-05 1.00000000
17176001 176.017037037037 0.0617260423501915 4.51619183798357e-05 1.00000000
17176002 176.038969907407 0.0614181451557919 5.26486012898946e-05 1.00000000
17176006 176.062951388889 0.0632230872610054 7.46598242050349e-05 1.00000000
17176007 176.072060185185 0.06404917559567 4.63915791885555e-05 1.00000000
17176009 176.095104166667 0.0618688422346203 4.54472208412818e-05 1.00000000
17176010 176.117199074074 0.0655473217621484 4.77846188678432e-05 1.00000000
17176011 176.139618055556 0.0703183514946462 4.96375218392163e-05 1.00000000
17176012 176.161608796296 0.0749927809497933 5.31325978505751e-05 1.00000000
17176013 176.183958333333 0.077054458886777 5.21139789508495e-05 1.00000000
17176014 176.207719907407 0.0750814501194397 5.12192848639998e-05 1.00000000
17176015 176.231909722222 0.0734348133113387 0.000118761027822181 1.00000000
17176061 176.818877314815 0.0773296928422184 4.9336454905563e-05 1.00000000
17176062 176.84599537037 0.0787151431047875 6.20682330089057e-05 1.00000000
17176064 176.907141203704 0.0666490757755573 4.16514119034217e-05 1.00000000
17176066 176.93818287037 0.0585090315566087 3.85038655437272e-05 1.00000000
17176067 176.967118055556 0.0607979566721149 4.51341542079048e-05 1.00000000
17176068 176.989363425926 0.0579604798881865 4.36181999800811e-05 1.00000000
17177001 177.011319444444 0.0590620487428371 4.37006551049161e-05 1.00000000
17177002 177.03318287037 0.0639318851903862 4.49007188505361e-05 1.00000000
17177003 177.056678240741 0.0662122758692827 4.80201022754127e-05 1.00000000
17177004 177.078877314815 0.0684438674223939 4.99114656447655e-05 1.00000000
17177005 177.100856481481 0.0709708295890821 5.16387868011989e-05 1.00000000
17177006 177.122835648148 0.0724258861136902 5.19762515835084e-05 1.00000000
17177007 177.145208333333 0.0730880259004671 5.2040878304794e-05 1.00000000
17177008 177.167256944444 0.0737739508762589 5.33676633379122e-05 1.00000000
17177009 177.189236111111 0.0744044616426077 5.23620744587604e-05 1.00000000
17177010 177.21212962963 0.0752382890157217 5.65809112048292e-05 1.00000000
17177012 177.283368055556 0.0667005459325866 5.34478213832882e-05 1.00000000
17177013 177.304953703704 0.0601621230663494 4.55296562282673e-05 1.00000000
17177014 177.32662037037 0.0566232464399369 4.25059099779304e-05 1.00000000
17177015 177.350729166667 0.056102771230597 4.22768126483241e-05 1.00000000
17177016 177.3728125 0.0559146048261557 4.04394915297582e-05 1.00000000
17177017 177.397511574074 0.0568802911313367 7.69152417114691e-05 1.00000000
17177018 177.406122685185 0.0582433511725197 4.38218849064825e-05 1.00000000
17177019 177.428090277778 0.0600543158028851 4.51474551848165e-05 1.00000000
17177021 177.451435185185 0.0624114545096557 4.72163106106915e-05 1.00000000
17177022 177.475138888889 0.0646954612299747 4.90206128606186e-05 1.00000000
17177024 177.499293981481 0.0681697860979653 5.07716149186044e-05 1.00000000
17177026 177.52212962963 0.0714467547602997 5.28392078359738e-05 1.00000000
17177029 177.548483796296 0.0727448028325565 5.19408256233472e-05 1.00000000
17177035 177.574768518519 0.072930597060219 5.36734618633715e-05 1.00000000
17177036 177.596030092593 0.0738358152728984 6.24809622290231e-05 1.00000000
17177040 177.652673611111 0.065851789643439 5.70919570313396e-05 1.00000000
17177041 177.668449074074 0.0605425664625629 6.2743626581838e-05 1.00000000
17177042 177.680173611111 0.0562487450278081 3.68032437732518e-05 1.00000000
17177043 177.709108796296 0.0532709670592128 3.62286919225548e-05 1.00000000
17177044 177.738101851852 0.0532858880234193 3.63912211355416e-05 1.00000000
17177045 177.767685185185 0.0549888807698753 3.64472815291836e-05 1.00000000
17177046 177.79650462963 0.0569521780875631 3.80235627059428e-05 1.00000000
17177047 177.825532407407 0.0605354951093746 3.85798903367161e-05 1.00000000
17177048 177.85443287037 0.0644287927391714 4.09287573707319e-05 1.00000000
17177049 177.883310185185 0.0671370233819549 4.20978930149315e-05 1.00000000
17177050 177.912199074074 0.0685334954005265 4.74371210247817e-05 1.00000000
17177051 177.938136574074 0.0694110433604143 4.30780710355866e-05 1.00000000
17177052 177.967048611111 0.0700206146058709 4.05564558196271e-05 1.00000000
17177053 178 0.0710261608181882 4.49453203192105e-05 1.00000000
17178001 178.028333333333 0.0715762488627311 4.05290346504079e-05 1.00000000
17178003 178.128993055556 0.0668669533279179 5.69855506697552e-05 1.00000000
17178004 178.148159722222 0.0608962179632165 8.46987273768361e-05 1.00000000
17178005 178.155115740741 0.05687215043343 3.74393568501182e-05 1.00000000
17178006 178.184212962963 0.0542553042908936 3.55960650323262e-05 1.00000000
17178007 178.213483796296 0.0558010245161911 3.66030406033835e-05 1.00000000
17178008 178.242731481481 0.0593291788824215 3.87758015136204e-05 1.00000000
17178009 178.27193287037 0.0645618676758289 4.22200356546674e-05 1.00000000
17178010 178.300173611111 0.0686585213236821 4.45736702212867e-05 1.00000000
17178011 178.328298611111 0.0697526003315739 4.49501427928373e-05 1.00000000
17178012 178.355648148148 0.0709893959394298 7.89704228044441e-05 1.00000000
17178013 178.372106481481 0.0722201960598951 4.43556087543904e-05 1.00000000
17178016 178.404502314815 0.072965000710221 7.59182867933123e-05 1.00000000
17178017 178.415381944444 0.0734760545087704 4.96898653491362e-05 1.00000000
17178018 178.440439814815 0.0744396442393147 4.81703430140328e-05 1.00000000
17178019 178.469097222222 0.075576468946895 5.47558430766471e-05 1.00000000
17178030 178.614456018519 0.0662469626147921 4.7404458053432e-05 1.00000000
17178031 178.638946759259 0.0577258075333363 4.08015354766022e-05 1.00000000
17178032 178.663472222222 0.0545614524581906 4.15369673994522e-05 1.00000000
17178033 178.685486111111 0.0535316867770596 4.13071215774294e-05 1.00000000
17178034 178.707685185185 0.0543942617687468 4.29004065412775e-05 1.00000000
17178035 178.729872685185 0.0560392572728269 4.2921247074822e-05 1.00000000
17178036 178.751921296296 0.0568840128173796 3.86997316000565e-05 1.00000000
17178040 178.788159722222 0.0509814184480397 0.00119249140186209 1.00000000
17178048 178.814791666667 0.0623808898199484 4.63970462562408e-05 1.00000000
17178049 178.836157407407 0.0643896610354206 4.71562166269564e-05 1.00000000
17178050 178.857673611111 0.0659239619932935 4.73332610659411e-05 1.00000000
17178051 178.879548611111 0.0656251261118793 0.000141638113325695 1.00000000
17178053 178.893738425926 0.0662121620128616 8.67626018547742e-05 1.00000000
17178054 178.963645833333 0.0647024179919949 4.10519520623573e-05 1.00000000
17178055 178.992210648148 0.0562817545947088 3.63602477059822e-05 1.00000000
17179001 179.021574074074 0.0548685231882225 3.6434993278044e-05 1.00000000
17179002 179.050289351852 0.0582293972270714 3.79670082192323e-05 1.00000000
17179003 179.078483796296 0.0600440514374706 0.000224909292313446 1.00000000
17179005 179.082997685185 0.0642890719057467 4.05436792221537e-05 1.00000000
17179006 179.111365740741 0.0689269032821952 4.28067830267556e-05 1.00000000
17179007 179.139768518519 0.0711785389708222 4.3356694551539e-05 1.00000000
17179008 179.169016203704 0.0716185146054804 4.37918427960086e-05 1.00000000
17179009 179.197673611111 0.0724679881486375 4.26097962808135e-05 1.00000000
17179010 179.229606481481 0.0727359211362272 0.000135968741560621 1.00000000
17179011 179.23375 0.0730693932434789 4.55154463188109e-05 1.00000000
17179012 179.262175925926 0.073478386114457 5.70253040969578e-05 1.00000000
