17169118 169.986828703704 0.0739450184492494 0.000537158778129013 1.00000656
17170003 170.068587962963 0.0760739102159907 9.54223035110672e-05 1.33148003
17170005 170.091400462963 0.0739880126344037 0.000181213478607466 1.00000000
17170011 170.11650462963 0.0716517609392314 0.000145289747152712 1.00000000
17170012 170.138032407407 0.0708047054406904 0.000199645333497773 1.00000000
17170023 170.48287037037 0.0887599034986703 0.000103012183948966 1.70377612
17170024 170.504756944444 0.0849425274591558 0.000102976308708121 1.73654413
17170025 170.522280092593 0.0816819529240413 0.000243273091761445 1.29163504
17170026 170.526724537037 0.0801286328519361 0.000157166553837959 1.20341921
17170028 170.540335648148 0.0789643766898283 0.000281775389067285 1.00453365
17170029 170.544618055556 0.0794685933594651 0.000129853245843815 1.00000000
17170030 170.566111111111 0.0865662859366725 0.000145116635834784 1.00001001
17170033 170.599108796296 0.0956285671677648 0.000145503860913619 1.00000346
17170034 170.620787037037 0.0974469087395803 0.000249329710164193 1.05970836
17170035 170.627511574074 0.0977106753256027 0.000120220415114149 1.06223011
17170036 170.649791666667 0.0931254737991291 0.000107574695154357 1.32951772
17170037 170.6715625 0.0878625266229938 9.86996980546697e-05 1.63473690
17170038 170.693773148148 0.0837935499607659 9.38191713786497e-05 1.75373650
17170043 170.784467592593 0.0816366121495216 8.65665723716213e-05 1.47373331
17170044 170.808831018519 0.0820389121175471 0.000102013775434539 1.39225352
17170045 170.8678125 0.0810211461203984 9.01177863234289e-05 1.82313550
17170046 170.888587962963 0.0675053722310984 7.53719435450669e-05 1.46887839
17170047 170.910972222222 0.0628754395655275 7.54893104520918e-05 1.27458930
17170048 170.933344907407 0.0631819617362164 7.65891152399016e-05 1.28807449
17170049 170.954861111111 0.0650181896556858 7.62062684408178e-05 1.25585842
17170050 170.976493055556 0.0677833317083715 7.73758932763232e-05 1.34381723
17170051 170.999305555556 0.0709161314804872 8.9639883261035e-05 1.39945173
17171001 171.016273148148 0.073860551222228 8.31463583372092e-05 1.45329809
17171002 171.038206018519 0.0769006763894444 8.64161422544991e-05 1.52634978
17171003 171.059930555556 0.0786785080633663 8.94760710575824e-05 1.62355113
17171004 171.082025462963 0.0793376760926531 8.44042493169848e-05 1.53341913
17171005 171.106134259259 0.0803288482958354 8.93042289181446e-05 1.43322349
17171006 171.128101851852 0.081247859049479 0.000126023434790489 1.35776198
17171007 171.146180555556 0.0822533468622713 9.69325384128247e-05 1.28876138
17171009 171.169201388889 0.0831898217445705 0.000106540559050255 1.22309852
17171010 171.236226851852 0.0889986331777777 0.000208210322776255 1.80710196
17171017 171.358530092593 0.0804281012038658 9.32480856630744e-05 1.73566294
17171018 171.378935185185 0.0723928045132278 7.95476330886477e-05 1.48037434
17171019 171.401724537037 0.0743940014340734 8.26014043857827e-05 1.48352635
17171020 171.423368055556 0.0770993714347941 8.68391737582285e-05 1.48517156
17171021 171.445011574074 0.0801504586092285 8.9167936304815e-05 1.57306206
17171022 171.4671875 0.082286973888282 9.07359115093406e-05 1.64174390
17171023 171.489652777778 0.082292068995292 8.56110504298194e-05 1.63399947
17171024 171.51556712963 0.0811036614175462 9.15043767109915e-05 1.64514625
17171025 171.537777777778 0.0809837994377289 0.000154293944767178 1.65667856
17171026 171.546388888889 0.0813503271780701 9.36516002799519e-05 1.64735532
17171027 171.568101851852 0.0814306039511486 8.84415109912577e-05 1.64765608
17171028 171.591238425926 0.0815177018750067 9.19839222797393e-05 1.54907990
17171029 171.61318287037 0.0812650048895988 8.80645651347854e-05 1.49501646
17171030 171.636377314815 0.0809313651817854 8.86960434661409e-05 1.55958712
17171031 171.658159722222 0.081378936225291 0.0001472150899055 1.48412061
17171032 171.667465277778 0.0812505668130614 0.000114482346560147 1.41670334
17171033 171.68119212963 0.0816588782862546 9.30152391005272e-05 1.33672345
17171034 171.703113425926 0.0760928353590944 0.0018155063117944 1.31500590
17171035 171.70431712963 0.0828208554214525 9.61064809692649e-05 1.34666479
17171036 171.725960648148 0.08361329318562 0.000117724098038086 1.26946115
17171037 171.7434375 0.0827709887538214 0.000656872637734576 1.20490146
17171038 171.771886574074 0.085700399866248 0.000161184941394435 1.17796636
17171039 171.833113425926 0.0816552559199553 0.000100152009705454 1.68991387
17171040 171.971076388889 0.071091514532067 7.89403333472539e-05 1.54341340
17171041 171.993020833333 0.0634943066054349 7.51373761401089e-05 1.31281829
17172001 172.014560185185 0.0625052172463477 7.48462807789722e-05 1.27117050
17172002 172.036122685185 0.0630550511219244 7.39541382110377e-05 1.30695689
17172003 172.057986111111 0.0646639141401362 7.4613454313508e-05 1.29266977
17172004 172.07994212963 0.0673779946605027 7.66432246638189e-05 1.27291548
17172005 172.101550925926 0.0691871117598442 7.87162679171414e-05 1.39487946
17172006 172.123125 0.0715262559541944 8.05434960460646e-05 1.40650594
17172007 172.144849537037 0.0740428092478762 7.72592892676922e-05 1.47491193
17172008 172.169247685185 0.0752926913733358 8.3755208065006e-05 1.51086354
17172010 172.192175925926 0.0757092345382857 0.000256006407619163 1.54204440
17172011 172.195150462963 0.0762813313966907 8.59461492705093e-05 1.52471960
17172012 172.21662037037 0.077541918718954 8.69430440339556e-05 1.58003557
17172013 172.238263888889 0.0787235685125018 8.78854187734917e-05 1.54641819
17172014 172.259699074074 0.0792701749379891 8.41905264281104e-05 1.50510967
17172015 172.283263888889 0.0800887238872254 8.68301306555553e-05 1.45620620
17172016 172.305821759259 0.0810651464735296 9.11088077219686e-05 1.35393012
17172017 172.327847222222 0.0821046304468926 9.7150628203911e-05 1.28989363
17172018 172.34994212963 0.0817429139413377 0.00056365177058134 1.23710513
17172025 172.476319444444 0.0704612969261596 7.54309142733429e-05 1.44667006
17172026 172.499930555556 0.0670632530019454 0.000824187603567017 1.36420023
17172027 172.502164351852 0.0656091651120806 0.000113696208307038 1.35359168
17172028 172.512835648148 0.0610171382178012 0.00171657856732161 1.27692604
17172029 172.516099537037 0.0641182058387092 0.000280891501012718 1.34331346
17172030 172.518969907407 0.0638069027563161 0.000143587273085826 1.31801522
17172031 172.527280092593 0.0630187559392544 0.000393379224851606 1.00000393
17172032 172.529085648148 0.0632765481464035 7.62211808099392e-05 1.00001204
17172033 172.551458333333 0.0642612498187553 7.45143387297786e-05 1.00000000
17172034 172.574884259259 0.0658607461213747 8.78119284156359e-05 1.00000000
17172035 172.593773148148 0.0681835400092675 7.99001833251044e-05 1.00000000
17172036 172.617430555556 0.0699609808369913 0.000136636045375646 1.00000000
17172037 172.627974537037 0.070431292505316 0.00042149105166304 1.00000000
17172038 172.630497685185 0.0696579489775098 9.34319029595004e-05 1.00000000
17172040 172.654201388889 0.0710583005844179 0.000259623592091296 1.00000000
17172041 172.65787037037 0.0717280726747176 9.19893284423971e-05 1.00000000
17172042 172.710046296296 0.0765631877421628 9.93465542720285e-05 1.00000000
17172044 172.74931712963 0.0776866813308465 9.95791160232275e-05 1.00000000
17172045 172.771064814815 0.0782400988051813 0.000102557460202031 1.00000000
17172046 172.795474537037 0.0787601251260337 0.000134660749314661 1.00000000
17172047 172.808148148148 0.0790988951606437 0.000490001787577857 1.00000000
17172048 172.849849537037 0.0655911789373001 8.62699298724763e-05 1.00000000
17172050 172.873831018519 0.0591886098580843 8.30041796730444e-05 1.00000000
17172052 172.901099537037 0.0579142557997197 8.36642694937265e-05 1.00000000
17172053 172.921875 0.0595908865013614 0.000101650929385426 1.00000000
17172056 172.943032407407 0.0641227697360602 8.21706326713187e-05 1.00000000
17173002 173.076585648148 0.0692913442274766 8.59612777317912e-05 1.00000000
17173003 173.098113425926 0.0603265986621667 7.91689181081521e-05 1.00000000
17173004 173.120185185185 0.0588998495319708 7.97362328315296e-05 1.00000000
17173005 173.141770833333 0.0577379085662088 8.00826466706619e-05 1.00000000
17173006 173.165358796296 0.0592854074609081 8.48999674293623e-05 1.00000000
17173007 173.187314814815 0.978198547647571 0.00275703217762689 1.00000000
17173018 173.431759259259 0.0684659263706021 9.32878420931253e-05 1.00000000
17173019 173.450636574074 0.0633410531722024 8.55277642890702e-05 1.00000000
17173020 173.469189814815 0.0620759461123084 8.44324152261968e-05 1.00000000
17173021 173.487696759259 0.0639710513399325 8.0546416525644e-05 1.00000000
17173022 173.509108796296 0.0649863484200914 8.2686012728582e-05 1.00000000
17173023 173.529791666667 0.0656105460478713 8.38924917906747e-05 1.00000000
17173024 173.551215277778 0.0673072143447796 8.234341315776e-05 1.00000000
17173025 173.575405092593 0.0700137285181779 0.000119250384187299 1.00000000
17173026 173.588298611111 0.0715570190299268 9.38185334681024e-05 1.00000000
17173027 173.609259259259 0.0738838346913764 0.000102123175712281 1.00000000
17173029 173.631875 0.0749303845047802 9.72519135415062e-05 1.00000000
17173030 173.655509259259 0.0763644601998287 8.83011642496807e-05 1.00000000
17173031 173.68318287037 0.0778758730936619 9.48597845418783e-05 1.00000000
17173032 173.708206018519 0.0785793003526694 8.73934795126105e-05 1.00000000
17173033 173.736006944444 0.0792499757640504 9.39424502538214e-05 1.00000000
17173034 173.759513888889 0.0802770658889959 8.33784138724371e-05 1.00000000
17173035 173.78912037037 0.0813972735618288 0.000128237903963003 1.00000000
17173036 173.84630787037 0.0674305932186713 7.9741182671792e-05 1.00000000
17173037 173.869791666667 0.0564487294934055 6.52324694509327e-05 1.00000000
17173038 173.898738425926 0.0547361712836963 6.24202042594767e-05 1.00000000
17173039 173.930451388889 0.0587935512762833 6.60795799864765e-05 1.00000000
17173040 173.959166666667 0.0645505199366521 7.01195450472731e-05 1.00000000
17173041 173.98744212963 0.0695171498815357 8.57663354232273e-05 1.00000000
17174001 174.01068287037 0.0732555685979994 0.000105391141099527 1.00000000
17174003 174.03369212963 0.075755283551203 0.000129740009521887 1.00000000
17174004 174.05212962963 0.0768994378649716 0.000155353224444892 1.00000000
17174005 174.061331018519 0.0774906508227961 9.52873831317242e-05 1.00000000
17174006 174.083541666667 0.0779609371015264 9.58942996992883e-05 1.00000000
17174007 174.106342592593 0.0784770829633169 9.18233688535518e-05 1.00000000
17174008 174.129780092593 0.0790008638049577 9.56133456910143e-05 1.00000000
17174009 174.153611111111 0.079956317811657 0.000101643303102355 1.00000000
17174010 174.23099537037 0.0687886367491201 8.12965262003567e-05 1.00000000
17174011 174.25494212963 0.0628787351327336 0.000184271075153195 1.00000000
17174012 174.262893518519 0.0597440118197941 7.50976824619726e-05 1.00000000
17174013 174.286712962963 0.059218259374756 7.40206125834383e-05 1.00000000
17174014 174.3096875 0.06024531063398 0.000141786560437252 1.00000000
17174099 174.712407407407 0.0668582657182989 0.000164549238104457 1.00000000
17174100 174.724050925926 0.0643874636719673 0.000101191711510292 1.00000000
17174101 174.737800925926 0.0616616969707198 6.76102219305575e-05 1.00000000
17174102 174.7665625 0.0608617499886309 6.62714068498403e-05 1.00000000
17174103 174.795347222222 0.0625368329077638 6.83256158480264e-05 1.00000000
17174104 174.82412037037 0.0673412011875544 7.37632254480333e-05 1.00000000
17174105 174.852650462963 0.0735711009923971 9.63812235434041e-05 1.00000000
17174106 174.874178240741 0.0799857440021506 9.49308303465851e-05 1.00000000
17174107 174.902824074074 0.0820293145302096 0.000100573800206692 1.00000000
17174109 174.932037037037 0.0824128473548414 0.000124775735335407 1.00000000
17174110 174.951909722222 0.0829011641313949 9.29213757220618e-05 1.00000000
17174111 174.980625 0.0832977660552792 0.000138087047663303 1.00000000
17174112 174.995208333333 0.084295204881573 9.72563123852768e-05 1.00000000
17175001 175.021354166667 0.0863538946972808 0.000115260191916897 1.00000000
17175007 175.083912037037 0.0684534370974781 8.68556038618514e-05 1.00000000
17175008 175.107037037037 0.0607998686207491 7.49516704799195e-05 1.00000000
17175009 175.130358796296 0.0582996176877473 7.34258742573139e-05 1.00000000
17175010 175.153148148148 0.0595841567456416 7.08422199959312e-05 1.00000000
17175011 175.177766203704 0.061954724833448 7.59654684649138e-05 1.00000000
17175012 175.200023148148 0.0650870867578619 7.62002049632698e-05 1.00000000
17175013 175.225601851852 0.0635098039109024 8.40751790918943e-05 1.00000000
17175014 175.249490740741 0.0625585056859246 8.75933602823869e-05 1.00000000
17175015 175.27875 0.0658782744778439 9.69327375410898e-05 1.00000000
17175016 175.305891203704 0.077968526930469 9.86212117436791e-05 1.00000000
17175017 175.327986111111 0.0788946030955896 0.000110311029741151 1.00000000
17175018 175.346481481481 0.0794772680497437 0.000139236014983392 1.00000000
17175020 175.37630787037 0.0804600191456402 9.70276246968203e-05 1.00000000
17175022 175.402731481481 0.0806109284520727 0.000103898607991187 1.00000000
17175023 175.423240740741 0.0820513613230142 0.000106957621993375 1.00000000
17175024 175.443657407407 0.0836903645081888 9.72653069086907e-05 1.00000000
17175033 175.597569444444 0.0724120918008494 0.000120252257454894 1.00000000
17175034 175.610462962963 0.0718579805439687 9.54792595980919e-05 1.00000000
17175035 175.631851851852 0.0723706981033417 7.92736804634881e-05 1.00000000
17175036 175.660636574074 0.073658471977141 7.97549741990987e-05 1.00000000
17175037 175.691458333333 0.0778389822786888 8.73924542438325e-05 1.00000000
17175038 175.720173611111 0.0807692867326223 9.11083736436728e-05 1.00000000
17175040 175.751898148148 0.082156046218098 0.000103846876468761 1.00000000
17175041 175.77619212963 0.0825578091127507 9.40676213391967e-05 1.00000000
17175042 175.804849537037 0.0825334098868525 9.3041264736832e-05 1.00000000
17175043 175.834270833333 0.0816677955005534 8.53274519597413e-05 1.00000000
17175044 175.866203703704 0.0815403382793106 0.00015353782699776 1.00000000
17175046 175.971261574074 0.0707236148243446 8.49577526516131e-05 1.00000000
17175047 175.995335648148 0.0642649450129232 8.06884313064623e-05 1.00000000
17176001 176.017037037037 0.0617268029494322 7.65930945606079e-05 1.00000000
17176002 176.038969907407 0.0614189036086655 8.98931730266352e-05 1.00000000
17176006 176.062951388889 0.0632238186769548 0.000126296779882514 1.00000000
17176007 176.072060185185 0.0640493901698287 7.82946040879587e-05 1.00000000
17176009 176.095104166667 0.0618688994930261 7.72244426740687e-05 1.00000000
17176010 176.117199074074 0.0655469387366609 8.18679465058857e-05 1.00000000
17176011 176.139618055556 0.0703185474848143 8.58368763839866e-05 1.00000000
17176012 176.161608796296 0.0749923206324636 9.49424002840632e-05 1.00000000
17176013 176.183958333333 0.0770536148684067 9.31836123603515e-05 1.00000000
17176014 176.207719907407 0.0750815279816984 8.99767759663339e-05 1.00000000
17176015 176.231909722222 0.0734348342103556 0.000207412760884874 1.00000000
17176061 176.818877314815 0.077329598909679 9.07403974289899e-05 1.00000000
17176062 176.84599537037 0.0787157246541095 0.000117017462569941 1.00000000
17176064 176.907141203704 0.066648731436056 7.15090690814425e-05 1.00000000
17176066 176.93818287037 0.0585161966184392 6.76159807592523e-05 1.00000000
17176067 176.967118055556 0.060798133101236 7.68545371301621e-05 1.00000000
17176068 176.989363425926 0.0579606620898698 7.54602646957224e-05 1.00000000
17177001 177.011319444444 0.0590626069488478 7.51989995311627e-05 1.00000000
17177002 177.03318287037 0.0639322553685438 7.55627069856697e-05 1.00000000
17177003 177.056678240741 0.0662126730770234 8.32202391931454e-05 1.00000000
17177004 177.078877314815 0.0684443523426653 8.77764165818374e-05 1.00000000
17177005 177.100856481481 0.0709714517758889 9.25720830850069e-05 1.00000000
17177006 177.122835648148 0.0724259748485765 9.5439141423507e-05 1.00000000
17177007 177.145208333333 0.0730880430994729 9.18001495814519e-05 1.00000000
17177008 177.167256944444 0.0737746083817374 9.16827821410883e-05 1.00000000
17177009 177.189236111111 0.0744047824288724 8.96795453919679e-05 1.00000000
17177010 177.21212962963 0.0752384897761107 9.76620624586003e-05 1.00000000
17177012 177.283368055556 0.0667004471103125 9.27635944994917e-05 1.00000000
17177013 177.304953703704 0.0601623822087654 7.78575489689747e-05 1.00000000
17177014 177.32662037037 0.0566237683399392 7.44712537665275e-05 1.00000000
17177015 177.350729166667 0.0561027520204746 7.3881345365512e-05 1.00000000
17177016 177.3728125 0.0559135418662237 7.0888592255152e-05 1.00000000
17177017 177.397511574074 0.0568806519479058 0.000133780681906933 1.00000000
17177018 177.406122685185 0.058243287703437 7.56996210085973e-05 1.00000000
17177019 177.428090277778 0.0600535954578296 7.72624473682901e-05 1.00000000
17177021 177.451435185185 0.0624137496513387 8.02043112903013e-05 1.00000000
17177022 177.475138888889 0.0646958033224899 8.28831532233522e-05 1.00000000
17177024 177.499293981481 0.0681703437317227 8.70479130614562e-05 1.00000000
17177026 177.52212962963 0.0714471417003374 9.51320075797579e-05 1.00000000
17177029 177.548483796296 0.0727451706535715 9.38677365669654e-05 1.00000000
17177035 177.574768518519 0.0729307943983479 9.17369818477883e-05 1.00000000
17177036 177.596030092593 0.0738361608900845 0.00010768590375218 1.00000000
17177040 177.652673611111 0.0658521775562456 9.66424972398223e-05 1.00000000
17177041 177.668449074074 0.0605425420497587 0.000106839363453635 1.00000000
17177042 177.680173611111 0.0562488599972286 6.4379659528221e-05 1.00000000
17177043 177.709108796296 0.0532710290946949 6.47499581025732e-05 1.00000000
17177044 177.738101851852 0.0532865875128042 6.52058364699453e-05 1.00000000
17177045 177.767685185185 0.0549896962144965 6.44713829258964e-05 1.00000000
17177046 177.79650462963 0.0569523005973097 6.64751093137669e-05 1.00000000
17177047 177.825532407407 0.0605356706207657 6.60107701291272e-05 1.00000000
17177048 177.85443287037 0.0644285421157697 6.91027585973396e-05 1.00000000
17177049 177.883310185185 0.0671372762537262 7.09827076329998e-05 1.00000000
17177050 177.912199074074 0.0685251192789835 8.11063298975946e-05 1.00000000
17177051 177.938136574074 0.069411283347562 7.43660051812187e-05 1.00000000
17177052 177.967048611111 0.0700205718009813 7.16788848442079e-05 1.00000000
17177053 178 0.0710259148039674 7.82217239054441e-05 1.00000000
17178001 178.028333333333 0.0715765153760647 6.99696161005457e-05 1.00000000
17178003 178.128993055556 0.0668658138975631 9.86078989798379e-05 1.00000000
17178004 178.148159722222 0.060896005658654 0.000141783066131147 1.00000000
17178005 178.155115740741 0.0569071532401399 6.53251099806492e-05 1.00000000
17178006 178.184212962963 0.0542557714804928 6.31193173756683e-05 1.00000000
17178007 178.213483796296 0.0558011049722907 6.43392104598423e-05 1.00000000
17178008 178.242731481481 0.0593292587186128 6.66159077253266e-05 1.00000000
17178009 178.27193287037 0.06456361281159 7.11821713687194e-05 1.00000000
17178010 178.300173611111 0.068656202059122 7.61093795197452e-05 1.00000000
17178011 178.328298611111 0.0697533739687391 7.81336562973382e-05 1.00000000
17178012 178.355648148148 0.0709890483532379 0.000138225157780846 1.00000000
17178013 178.372106481481 0.0722200741107064 7.73489119087892e-05 1.00000000
17178016 178.404502314815 0.0729645154518352 0.000128747671875813 1.00000000
17178017 178.415381944444 0.0734761142470126 8.397885742024e-05 1.00000000
17178018 178.440439814815 0.0744405339245569 8.2580850053204e-05 1.00000000
17178019 178.469097222222 0.0755768281567175 9.58491698305822e-05 1.00000000
17178030 178.614456018519 0.0662464220109039 8.06197736889236e-05 1.00000000
17178031 178.638946759259 0.0577259285472729 7.06277505694514e-05 1.00000000
17178032 178.663472222222 0.0545616859278504 7.33834155712985e-05 1.00000000
17178033 178.685486111111 0.053531830970955 7.38682203383519e-05 1.00000000
17178034 178.707685185185 0.0543942131288766 7.62329321358671e-05 1.00000000
17178035 178.729872685185 0.0560391233884085 7.53999328042682e-05 1.00000000
17178036 178.751921296296 0.0568840905464545 6.76045346548192e-05 1.00000000
17178040 178.788159722222 0.0509814184480397 0.00207298093948879 1.00000000
17178048 178.814791666667 0.0623917673139752 7.88438932065589e-05 1.00000000
17178049 178.836157407407 0.0643899223799234 8.04039159672333e-05 1.00000000
17178050 178.857673611111 0.0659240485420735 7.95327467980188e-05 1.00000000
17178051 178.879548611111 0.0656258848127601 0.000237005898043496 1.00000000
17178053 178.893738425926 0.0662119256496558 0.000146694917979516 1.00000000
17178054 178.963645833333 0.0647022695252244 7.14201217795303e-05 1.00000000
17178055 178.992210648148 0.0562822373389973 6.36854878656469e-05 1.00000000
17179001 179.021574074074 0.0548686967812131 6.44797178643085e-05 1.00000000
17179002 179.050289351852 0.0582297633855069 6.57710085146957e-05 1.00000000
17179003 179.078483796296 0.0600356096980251 0.000382913599608904 1.00000000
17179005 179.082997685185 0.0642894680216377 6.8450683811982e-05 1.00000000
17179006 179.111365740741 0.0689273515768097 7.34713585542809e-05 1.00000000
17179007 179.139768518519 0.0711784572692615 7.54258125277501e-05 1.00000000
17179008 179.169016203704 0.0716189810010563 7.60383580391198e-05 1.00000000
17179009 179.197673611111 0.0724651320975208 7.43291278711655e-05 1.00000000
17179010 179.229606481481 0.0727359211362272 0.000239603753862693 1.00000000
17179011 179.23375 0.073070714215075 7.81102184178212e-05 1.00000000
17179012 179.262175925926 0.073478994481027 9.6219631116997e-05 1.00000000
